0.002475
0.007350
0.015625
0.020150
0.024175
0.026250
0.027475
0.028200
0.032425
0.032750
0.035825
0.048675
0.054300
0.054425
0.062075
0.067725
0.068400
0.069250
0.072675
0.076350
0.086225
0.094475
0.095475
0.098350
0.100325
0.102400
0.103275
0.105600
0.109125
0.115850
0.138950
0.141400
0.142475
0.144750
0.154275
0.157075
0.160875
0.163625
0.166950
0.168400
0.170225
0.174800
0.183175
0.185075
0.185950
0.186725
0.188650
0.200875
0.202300
0.209100
0.212125
0.214125
0.215625
0.218675
0.225650
0.228975
0.229825
0.231225
0.232275
0.241800
0.245425
0.250950
0.266800
0.268375
0.271350
0.271725
0.275925
0.278825
0.279400
0.280700
0.281100
0.283600
0.284625
0.288175
0.289650
0.301600
0.301650
0.301775
0.306075
0.307075
0.310750
0.312625
0.319050
0.319450
0.321975
0.323175
0.328500
0.331100
0.337175
0.340625
0.340725
0.343250
0.356850
0.358200
0.358900
0.359300
0.367225
0.371075
0.371625
0.374725
0.376825
0.376900
0.377325
0.380800
0.384675
0.395425
0.400800
0.401400
0.408925
0.415050
0.419000
0.419775
0.425750
0.428550
0.433725
0.436525
0.447650
0.450600
0.450625
0.461700
0.468100
0.470175
0.470200
0.479075
0.482775
0.483400
0.487800
0.502575
0.514875
0.516750
0.521475
0.526075
0.526325
0.530475
0.533450
0.534050
0.537425
0.549625
0.550500
0.554800
0.559000
0.564825
0.570925
0.571900
0.575600
0.581300
0.581900
0.585075
0.594500
0.603425
0.605600
0.610150
0.611925
0.621900
0.630650
0.634100
0.637850
0.643125
0.643850
0.647525
0.652100
0.653525
0.661250
0.664050
0.664725
0.669100
0.679625
0.689450
0.697325
0.697825
0.701650
0.719100
0.726200
0.726475
0.727700
0.729350
0.733700
0.733975
0.742050
0.759550
0.769450
0.771450
0.775200
0.776575
0.777625
0.778825
0.780450
0.799625
0.802275
0.807525
0.810500
0.811050
0.822450
0.823350
0.827575
0.828000
0.832100
0.838050
0.839450
0.840300
0.844325
0.856075
0.858800
0.863200
0.884875
0.890175
0.890450
0.890900
0.892875
0.898575
0.912200
0.922550
0.929850
0.931600
0.933100
0.938725
0.943475
0.944250
0.955825
0.965200
0.972675
0.974700
0.980125
0.982375
0.988275
1.000200
1.002925
1.009825
1.018225
1.030725
1.051175
1.053900
1.077025
1.101650
1.106575
1.119750
1.132125
1.153000
1.159950
1.180200
1.182600
1.187825
1.200450
1.217975
1.237125
1.244050
1.265650
1.267075
1.267875
1.268875
1.283800
1.301325
1.304700
1.307475
1.313750
1.318250
1.323000
1.352175
1.384350
1.392775
1.437425
1.437775
1.447700
1.514350
1.536500
1.537000
1.582500
1.692525
1.697025
1.763975
1.844575
1.865700
1.944050
2.167425
2.179350
2.218400
2.224800
2.443075
278
