0.002075
0.006025
0.014300
0.015525
0.017325
0.018000
0.021325
0.024525
0.024775
0.026000
0.033900
0.043000
0.043100
0.044250
0.046625
0.048675
0.056075
0.058150
0.062075
0.062800
0.066925
0.069500
0.075650
0.079525
0.083000
0.092025
0.098950
0.099225
0.099225
0.099525
0.100325
0.102275
0.113100
0.120175
0.122400
0.124375
0.128275
0.132600
0.138075
0.143850
0.145250
0.146875
0.148675
0.154125
0.155675
0.169900
0.171525
0.178375
0.179025
0.180850
0.182850
0.192450
0.193000
0.194475
0.195100
0.196700
0.197200
0.202550
0.204400
0.207475
0.224025
0.230450
0.245975
0.246225
0.251750
0.253275
0.265900
0.276100
0.277725
0.288975
0.289750
0.300175
0.302850
0.304225
0.314450
0.321525
0.325725
0.326600
0.328500
0.336525
0.354850
0.357450
0.360100
0.360800
0.385975
0.388775
0.399100
0.409275
0.409425
0.413600
0.416475
0.416925
0.417775
0.420125
0.425425
0.427000
0.430150
0.431450
0.432875
0.433425
0.434350
0.438325
0.440625
0.454325
0.455100
0.467850
0.473375
0.483575
0.485975
0.497300
0.500225
0.507375
0.511475
0.525800
0.530600
0.532975
0.533675
0.537725
0.539650
0.541350
0.544175
0.544400
0.545375
0.552125
0.559275
0.567475
0.567625
0.569750
0.571250
0.572150
0.576575
0.578275
0.580900
0.584200
0.588100
0.590325
0.593650
0.595425
0.597000
0.597000
0.605775
0.611400
0.612200
0.614425
0.619825
0.621325
0.624625
0.630250
0.633925
0.635825
0.638300
0.644150
0.645325
0.645700
0.654375
0.658050
0.658175
0.666375
0.668900
0.668925
0.669150
0.671775
0.682375
0.683575
0.684075
0.685825
0.699150
0.705225
0.711700
0.713300
0.719275
0.727300
0.734925
0.736775
0.743300
0.757175
0.776200
0.776675
0.776850
0.779725
0.788550
0.795350
0.796725
0.797125
0.804175
0.806225
0.806500
0.807950
0.808050
0.818250
0.833800
0.839550
0.841875
0.847425
0.854650
0.860875
0.867675
0.886575
0.891150
0.899975
0.904350
0.912925
0.921850
0.923850
0.926000
0.926450
0.928975
0.929275
0.933525
0.954325
0.956750
0.958225
0.959875
0.964800
0.971325
0.992700
0.998750
1.005375
1.010225
1.012725
1.027475
1.032325
1.036250
1.036475
1.038350
1.039650
1.048700
1.055350
1.093075
1.098450
1.101975
1.104150
1.105975
1.113400
1.152825
1.161475
1.173650
1.174475
1.197675
1.217100
1.228275
1.259600
1.270475
1.273425
1.278850
1.283700
1.284400
1.311000
1.336175
1.348375
1.383450
1.389850
1.401375
1.504900
1.515775
1.520925
1.521175
1.581675
1.584825
1.667825
1.692300
1.729525
1.807000
1.833925
1.915625
1.919250
1.942475
1.982800
2.049875
269
