0.000975
0.012350
0.013200
0.016275
0.017725
0.024450
0.028525
0.036975
0.038050
0.053375
0.054725
0.056725
0.057550
0.064600
0.067650
0.071875
0.075725
0.078050
0.086550
0.091475
0.097050
0.106475
0.108775
0.117900
0.119400
0.122325
0.127000
0.135725
0.146025
0.147300
0.151150
0.152125
0.157975
0.160050
0.160750
0.170275
0.170675
0.172250
0.181000
0.181825
0.194950
0.203225
0.204000
0.209075
0.210175
0.214075
0.217650
0.220475
0.223300
0.224175
0.229725
0.229975
0.235750
0.241975
0.243625
0.244600
0.247325
0.251525
0.254100
0.255250
0.260075
0.277550
0.287225
0.289100
0.293650
0.293850
0.318000
0.318825
0.319875
0.350925
0.352125
0.358800
0.365450
0.371175
0.371725
0.381625
0.387200
0.410425
0.424125
0.426100
0.429525
0.431075
0.435125
0.435825
0.453625
0.461200
0.461600
0.469100
0.473550
0.476675
0.477075
0.480475
0.484350
0.487450
0.496175
0.508100
0.514200
0.519025
0.525200
0.528025
0.528350
0.529600
0.532200
0.532625
0.533600
0.536250
0.544450
0.544650
0.544675
0.545625
0.553675
0.554150
0.554950
0.556475
0.559625
0.567475
0.575675
0.582725
0.583200
0.590400
0.610850
0.618900
0.634300
0.634775
0.635725
0.638275
0.643375
0.655700
0.658225
0.664400
0.683750
0.685675
0.688350
0.690950
0.700675
0.712875
0.717575
0.718175
0.719525
0.731725
0.732350
0.733450
0.736550
0.737375
0.744825
0.744950
0.745500
0.746625
0.751925
0.754100
0.756050
0.759075
0.761825
0.780675
0.781675
0.801925
0.808525
0.817550
0.819200
0.820025
0.829450
0.835000
0.843700
0.855050
0.872125
0.882300
0.892750
0.920775
0.924200
0.929150
0.935575
0.942675
0.962225
0.967650
0.976575
0.979375
0.992900
1.007650
1.009375
1.013275
1.018200
1.021850
1.032125
1.049625
1.079700
1.091525
1.117950
1.127350
1.148375
1.155875
1.171400
1.196025
1.206375
1.232100
1.264425
1.288975
1.297875
1.381175
1.436675
1.476750
1.573875
1.646200
1.655175
1.668950
1.671150
1.672650
1.898750
2.033750
2.290325
2.323400
210
