0.017000
0.019325
0.020625
0.031600
0.034200
0.034575
0.040075
0.042425
0.044825
0.047975
0.048850
0.052400
0.056600
0.060250
0.063250
0.066350
0.069200
0.070925
0.086000
0.098475
0.101150
0.101600
0.108800
0.111225
0.117475
0.121550
0.126700
0.133875
0.135900
0.138850
0.141700
0.146750
0.149000
0.150575
0.175125
0.177550
0.183600
0.185525
0.189100
0.189650
0.192875
0.195150
0.200325
0.203800
0.214150
0.219125
0.222325
0.233275
0.233600
0.239925
0.247525
0.247800
0.249500
0.252475
0.256225
0.269525
0.272350
0.273800
0.279650
0.282800
0.286225
0.307850
0.308325
0.311400
0.312775
0.315075
0.315750
0.316025
0.319750
0.322625
0.343525
0.344350
0.345075
0.347500
0.356800
0.365850
0.373575
0.377050
0.377375
0.378850
0.388500
0.407050
0.407900
0.414600
0.414625
0.415325
0.416150
0.419450
0.427900
0.430375
0.440075
0.447375
0.449250
0.450100
0.455250
0.457550
0.460000
0.468350
0.477825
0.479875
0.498575
0.501500
0.503450
0.515775
0.516425
0.518550
0.527125
0.535400
0.536800
0.547150
0.553500
0.575450
0.577150
0.579150
0.583350
0.589375
0.595950
0.606700
0.609550
0.612650
0.615675
0.617925
0.619650
0.626950
0.628525
0.637675
0.644075
0.644250
0.645100
0.646475
0.649700
0.655025
0.655050
0.657500
0.658500
0.669375
0.674775
0.675900
0.683400
0.692925
0.698050
0.706325
0.707225
0.710875
0.717625
0.722175
0.725150
0.734475
0.734925
0.738625
0.739200
0.744675
0.745575
0.745725
0.749100
0.751675
0.755025
0.755550
0.761625
0.765000
0.766425
0.771575
0.773800
0.774250
0.779450
0.790300
0.794175
0.811050
0.812975
0.813650
0.817000
0.822050
0.823450
0.827650
0.830025
0.831600
0.832600
0.833450
0.838100
0.838625
0.842025
0.845750
0.850650
0.855500
0.861525
0.866000
0.875325
0.875425
0.880025
0.897725
0.901350
0.905575
0.914875
0.920550
0.924925
0.931775
0.933475
0.940600
0.942275
0.947125
0.957025
0.963450
0.971025
0.973225
0.976925
0.978925
0.979250
0.984625
1.000075
1.004225
1.005575
1.025175
1.037525
1.044225
1.045525
1.052450
1.052650
1.059625
1.060025
1.071900
1.075725
1.077150
1.082625
1.085050
1.108525
1.122100
1.139750
1.145175
1.182850
1.254475
1.315700
1.346475
1.354375
1.393625
1.397375
1.422325
1.448850
1.473275
1.487700
1.490325
1.523725
1.555875
1.637375
1.686750
1.741275
1.745225
1.794325
1.893825
1.920900
1.940475
1.941125
1.993125
2.036575
2.363700
254
