0.002025
0.005075
0.011275
0.012400
0.013275
0.014675
0.016050
0.032675
0.034675
0.038475
0.039550
0.041375
0.042900
0.047025
0.052975
0.053100
0.054375
0.057275
0.068300
0.096850
0.097725
0.103050
0.104950
0.105825
0.114575
0.118125
0.125500
0.127000
0.131300
0.138300
0.149575
0.151875
0.154150
0.163475
0.169550
0.170700
0.171600
0.178800
0.181450
0.181700
0.194000
0.195250
0.195500
0.198150
0.211350
0.213125
0.214600
0.215600
0.217750
0.221400
0.223575
0.230700
0.231700
0.232975
0.234050
0.254200
0.263275
0.265900
0.268675
0.270825
0.285050
0.296275
0.297800
0.301350
0.308150
0.315825
0.319825
0.333225
0.336700
0.338150
0.341475
0.341875
0.347775
0.352600
0.352825
0.358975
0.359150
0.361350
0.364875
0.379800
0.383075
0.390225
0.397600
0.399425
0.405625
0.408450
0.410750
0.414900
0.420500
0.423275
0.424625
0.425050
0.428025
0.429825
0.429875
0.434000
0.434500
0.437475
0.440500
0.448325
0.448425
0.454525
0.454625
0.463050
0.469150
0.475925
0.481875
0.486675
0.507800
0.507900
0.512000
0.516250
0.517225
0.519650
0.523875
0.524150
0.528175
0.535100
0.538750
0.544400
0.545075
0.551175
0.552775
0.556350
0.566050
0.569825
0.575175
0.576250
0.576575
0.589175
0.596200
0.604000
0.604000
0.605575
0.606375
0.614675
0.615975
0.616025
0.616850
0.621025
0.647550
0.653875
0.658425
0.659350
0.666750
0.668350
0.670400
0.671950
0.672850
0.679575
0.691925
0.700675
0.713575
0.717825
0.735825
0.738200
0.738500
0.744775
0.749000
0.750700
0.750700
0.751850
0.752350
0.763075
0.763075
0.772325
0.785350
0.790100
0.799500
0.800275
0.802800
0.803125
0.813625
0.816150
0.829775
0.830000
0.832300
0.839825
0.841650
0.841950
0.843025
0.843225
0.849825
0.852225
0.866125
0.869375
0.872900
0.873375
0.897300
0.901350
0.901750
0.907175
0.921050
0.936725
0.953525
0.979000
0.991225
0.992775
1.004425
1.064700
1.070425
1.071075
1.096375
1.103825
1.127400
1.143625
1.157900
1.157975
1.175700
1.181450
1.183325
1.200325
1.206950
1.211675
1.226025
1.227300
1.252375
1.283825
1.289200
1.314300
1.352575
1.400850
1.425175
1.426150
1.490850
1.571200
1.572900
1.639525
1.658175
1.661125
1.730500
1.736350
1.747300
1.747725
1.838275
1.839150
1.877850
1.879475
1.882725
1.889500
2.034425
2.038925
2.193850
2.281800
2.473650
245
