0.011775
0.020150
0.039900
0.047725
0.053200
0.054875
0.063250
0.063975
0.068625
0.069275
0.072800
0.074050
0.083700
0.108025
0.108450
0.115975
0.117525
0.122150
0.122425
0.124475
0.135225
0.135450
0.140450
0.150600
0.152775
0.172950
0.175075
0.181325
0.183075
0.189200
0.197200
0.200825
0.206200
0.218200
0.230050
0.230325
0.234625
0.241500
0.242800
0.245425
0.250975
0.252400
0.263675
0.265575
0.265700
0.268475
0.269575
0.271950
0.279275
0.279875
0.302825
0.304450
0.305775
0.307175
0.317350
0.324600
0.328650
0.336300
0.344725
0.345100
0.346500
0.347050
0.359875
0.363400
0.363825
0.374150
0.375500
0.378075
0.384350
0.412850
0.412925
0.416050
0.419050
0.423875
0.425050
0.434600
0.435550
0.440950
0.441425
0.443750
0.445600
0.456075
0.460025
0.460050
0.480875
0.493350
0.503850
0.509875
0.510000
0.510550
0.515800
0.518700
0.519775
0.519975
0.524500
0.533250
0.537675
0.537925
0.540500
0.542350
0.543100
0.558925
0.563675
0.564775
0.568425
0.570150
0.577350
0.577350
0.577600
0.578150
0.579700
0.581250
0.582000
0.582800
0.583000
0.583200
0.591925
0.596225
0.597375
0.603900
0.613425
0.619225
0.619300
0.634050
0.634325
0.643050
0.655625
0.664725
0.671550
0.674000
0.677150
0.689700
0.692300
0.692600
0.695225
0.695475
0.698675
0.700675
0.703550
0.707625
0.711500
0.712750
0.717500
0.728075
0.736075
0.741050
0.741325
0.743175
0.748975
0.750475
0.757000
0.758825
0.760150
0.763775
0.764375
0.768550
0.778800
0.785625
0.789200
0.790250
0.790475
0.795250
0.797375
0.802225
0.808325
0.819925
0.826825
0.831850
0.832350
0.832625
0.833075
0.836550
0.837175
0.844600
0.866250
0.871000
0.871850
0.878900
0.881050
0.884800
0.891150
0.907875
0.910175
0.912125
0.922625
0.923300
0.924650
0.926975
0.932675
0.937675
0.943825
0.947775
0.949375
0.959750
0.987075
1.011625
1.023975
1.026550
1.042500
1.056300
1.094150
1.096775
1.097750
1.098875
1.099600
1.114000
1.116300
1.132750
1.149325
1.153275
1.169450
1.171325
1.181625
1.182375
1.210375
1.213700
1.240550
1.243925
1.245225
1.273925
1.311100
1.312275
1.313525
1.317150
1.328025
1.345950
1.349450
1.377650
1.389150
1.414650
1.470475
1.538475
1.566300
1.572625
1.582400
1.695175
1.732075
1.845825
1.863050
1.888325
1.889925
1.936275
2.291850
2.298325
244
