0.000175
0.002775
0.007475
0.013425
0.016000
0.018050
0.019825
0.025350
0.029600
0.036325
0.044500
0.047650
0.050850
0.053825
0.055050
0.063750
0.064525
0.065475
0.071025
0.089725
0.089775
0.091700
0.098575
0.102475
0.104975
0.106425
0.108750
0.117425
0.119625
0.126700
0.134150
0.134775
0.139075
0.154550
0.155450
0.156125
0.173750
0.177200
0.182275
0.185600
0.194125
0.205825
0.209100
0.211025
0.211725
0.217775
0.223050
0.223300
0.223500
0.227000
0.243900
0.244825
0.245600
0.248500
0.253625
0.259250
0.261525
0.262850
0.266750
0.270550
0.271550
0.271700
0.277925
0.278475
0.278800
0.281325
0.288375
0.289875
0.298875
0.301525
0.305575
0.305625
0.306300
0.306375
0.311575
0.312300
0.314375
0.320100
0.320725
0.322750
0.327700
0.328600
0.331775
0.334800
0.335975
0.340525
0.342675
0.346850
0.354050
0.359125
0.360625
0.363850
0.364625
0.373050
0.391525
0.403725
0.406475
0.407975
0.408525
0.411425
0.411750
0.413425
0.416450
0.417450
0.426675
0.435925
0.442950
0.449050
0.449975
0.456150
0.458600
0.462825
0.466625
0.466675
0.466950
0.469625
0.470675
0.477325
0.483125
0.485875
0.487150
0.491200
0.494050
0.494050
0.496975
0.499425
0.501025
0.501425
0.510650
0.513975
0.517500
0.531825
0.547025
0.549825
0.552625
0.556450
0.565625
0.575050
0.575825
0.582425
0.590175
0.592800
0.594700
0.596525
0.600875
0.602550
0.610275
0.611175
0.615550
0.625250
0.631450
0.637375
0.645850
0.648400
0.648500
0.653450
0.662550
0.663825
0.667675
0.681925
0.685975
0.690100
0.692050
0.700625
0.708350
0.712325
0.724875
0.725700
0.732400
0.732500
0.732675
0.733275
0.740125
0.746300
0.746925
0.749025
0.753025
0.754825
0.757475
0.767750
0.768100
0.768925
0.771575
0.773500
0.776775
0.778775
0.779825
0.785700
0.796100
0.797125
0.800125
0.803125
0.808925
0.812775
0.819775
0.828450
0.834000
0.836725
0.838375
0.861875
0.864850
0.870875
0.876450
0.877525
0.878525
0.885825
0.887750
0.897250
0.898975
0.908675
0.918300
0.926650
0.929825
0.931150
0.940825
0.941075
0.942600
0.945000
0.953750
0.954800
0.959250
0.967275
1.010250
1.026500
1.034025
1.035725
1.039050
1.052250
1.061625
1.067700
1.068100
1.086225
1.092875
1.106275
1.109575
1.127525
1.129950
1.146300
1.184200
1.197325
1.198850
1.223100
1.231275
1.268250
1.284900
1.338150
1.387750
1.419950
1.531675
1.532575
1.532725
1.537525
1.558750
1.569300
1.606425
1.627600
1.705375
1.725400
1.736700
1.782300
1.797400
1.949375
2.096650
263
