0.002200
0.004125
0.017250
0.018950
0.024050
0.031750
0.031925
0.036550
0.039225
0.046875
0.054225
0.059450
0.059775
0.062525
0.078700
0.083000
0.086800
0.090150
0.093825
0.094000
0.098875
0.115975
0.126750
0.132075
0.132100
0.136000
0.141200
0.142725
0.144800
0.154200
0.161175
0.167325
0.169450
0.170025
0.172350
0.176425
0.182575
0.183375
0.183950
0.188050
0.189000
0.189300
0.193100
0.196325
0.196750
0.203175
0.203675
0.207550
0.209900
0.211875
0.215875
0.234925
0.243775
0.246200
0.252975
0.260700
0.264075
0.266050
0.266975
0.283550
0.283800
0.290175
0.290475
0.292000
0.300800
0.306675
0.311400
0.313025
0.320450
0.337700
0.337800
0.338450
0.344825
0.348450
0.350700
0.356800
0.357025
0.357725
0.358050
0.360850
0.373600
0.375850
0.377425
0.384825
0.386625
0.391175
0.395450
0.395550
0.403025
0.410200
0.413200
0.416250
0.417375
0.421375
0.421525
0.424125
0.428075
0.429700
0.434350
0.435550
0.442550
0.446825
0.449275
0.451150
0.452050
0.463775
0.470825
0.474950
0.483950
0.491050
0.499775
0.500725
0.506750
0.522000
0.522025
0.527475
0.529525
0.534875
0.539100
0.542700
0.549350
0.550350
0.561200
0.563225
0.578800
0.581250
0.582200
0.584650
0.589175
0.590725
0.595750
0.597825
0.602125
0.603600
0.611050
0.617825
0.629375
0.630350
0.634300
0.639700
0.642800
0.643200
0.643800
0.652150
0.654250
0.657850
0.662875
0.663625
0.663775
0.670075
0.675425
0.677925
0.687175
0.709925
0.710725
0.712000
0.717225
0.731800
0.732575
0.745075
0.749575
0.750475
0.766850
0.771325
0.774625
0.778325
0.780575
0.782925
0.789700
0.789725
0.792425
0.796450
0.799550
0.805025
0.806425
0.809775
0.810600
0.815625
0.816400
0.817050
0.817275
0.822900
0.836175
0.854650
0.859075
0.859275
0.864900
0.874475
0.897875
0.902600
0.928800
0.940000
0.948925
0.949050
0.954600
0.958350
0.969850
1.002800
1.011325
1.027125
1.043275
1.052675
1.065300
1.071425
1.098125
1.111600
1.113025
1.113400
1.140475
1.152700
1.165450
1.173275
1.178075
1.185300
1.191250
1.201075
1.249875
1.257600
1.266625
1.297075
1.333525
1.335450
1.344025
1.385950
1.397575
1.419775
1.439800
1.442275
1.556275
1.559725
1.571350
1.592225
1.677500
1.677950
1.716025
1.790900
1.824900
1.874300
1.894925
2.170600
2.394675
241
