0.007375
0.007475
0.010725
0.011325
0.018725
0.020450
0.020600
0.028750
0.029775
0.030750
0.033900
0.034850
0.036550
0.039525
0.052700
0.052900
0.058700
0.059675
0.066850
0.073025
0.076700
0.079525
0.079775
0.085350
0.095000
0.096925
0.097075
0.103175
0.105050
0.113875
0.114825
0.120075
0.125375
0.129225
0.130875
0.135900
0.136200
0.148200
0.158350
0.161575
0.163700
0.164300
0.165075
0.166200
0.172300
0.172925
0.178675
0.182900
0.198475
0.203500
0.203850
0.210525
0.211500
0.214175
0.215500
0.218650
0.223925
0.236775
0.238625
0.249775
0.251925
0.258350
0.263950
0.268075
0.282200
0.296850
0.300775
0.303475
0.310950
0.328500
0.331000
0.340000
0.350650
0.351775
0.351800
0.355925
0.358125
0.369625
0.371975
0.372775
0.372925
0.374850
0.378775
0.380150
0.385275
0.404475
0.407850
0.408450
0.409000
0.420575
0.428450
0.431225
0.436425
0.437950
0.438550
0.443675
0.449525
0.461750
0.463550
0.471425
0.476275
0.478600
0.479300
0.483275
0.486800
0.487125
0.496425
0.502550
0.503675
0.505175
0.509225
0.509625
0.518650
0.531350
0.537050
0.539525
0.540300
0.541675
0.550625
0.556850
0.564075
0.565000
0.565450
0.566375
0.567625
0.567725
0.578750
0.579925
0.583825
0.586250
0.586450
0.604075
0.605175
0.606725
0.610425
0.618700
0.620575
0.621275
0.624475
0.641075
0.649675
0.654400
0.657175
0.671950
0.677050
0.680250
0.680425
0.685825
0.687075
0.717575
0.718850
0.728800
0.730875
0.737775
0.739325
0.739650
0.740425
0.744875
0.756450
0.788125
0.788500
0.793875
0.795225
0.795625
0.809425
0.813700
0.817975
0.819575
0.820850
0.820875
0.824950
0.825050
0.830950
0.832125
0.842000
0.844525
0.845000
0.850700
0.861700
0.866775
0.867100
0.871125
0.873825
0.875350
0.881650
0.902300
0.905150
0.908075
0.913925
0.914925
0.928550
0.931750
0.932225
0.934375
0.938650
0.939900
0.941225
0.949300
0.950375
0.958300
0.963100
0.963425
0.965125
0.967825
0.974825
0.978700
0.980800
0.985350
0.995650
0.995800
1.016375
1.026850
1.029475
1.042400
1.048775
1.071200
1.074550
1.078400
1.113950
1.144150
1.154300
1.197500
1.211650
1.232025
1.233375
1.247275
1.263875
1.275650
1.277175
1.280275
1.285250
1.289225
1.295175
1.312325
1.320850
1.348475
1.365125
1.415650
1.418400
1.435625
1.522375
1.539425
1.573200
1.608425
1.797100
1.854900
1.863650
2.154350
2.324325
249
