0.000300
0.003125
0.004375
0.006750
0.009550
0.019325
0.019625
0.029000
0.041725
0.042275
0.043375
0.049175
0.051150
0.053850
0.055100
0.066375
0.067550
0.069275
0.072575
0.079000
0.087300
0.088750
0.094075
0.098825
0.099800
0.109225
0.109375
0.109725
0.110100
0.114850
0.118250
0.121025
0.132275
0.145100
0.149150
0.150900
0.155525
0.157950
0.158525
0.158800
0.159650
0.159850
0.160650
0.161350
0.168125
0.168800
0.172275
0.174950
0.181875
0.182975
0.185825
0.187325
0.187550
0.188475
0.190875
0.196300
0.197975
0.207475
0.215250
0.216675
0.217125
0.217200
0.217475
0.220525
0.224125
0.225775
0.227500
0.228625
0.229975
0.230625
0.235900
0.236775
0.240475
0.243300
0.243925
0.249075
0.259425
0.266675
0.273475
0.274050
0.274750
0.277175
0.283375
0.284950
0.285950
0.288250
0.289450
0.307475
0.314850
0.318525
0.320825
0.323450
0.329425
0.329500
0.340050
0.344175
0.345400
0.348050
0.349625
0.358075
0.367425
0.375125
0.378375
0.381825
0.385125
0.385175
0.388400
0.392800
0.395525
0.398900
0.399550
0.399550
0.406725
0.409400
0.410175
0.411375
0.411425
0.413100
0.421550
0.422125
0.423050
0.425575
0.430025
0.432975
0.434075
0.441625
0.452900
0.455375
0.464775
0.467025
0.467800
0.469200
0.475550
0.477725
0.477725
0.490800
0.491975
0.495850
0.505725
0.515025
0.517375
0.518100
0.518750
0.519250
0.520850
0.525825
0.526550
0.527475
0.545400
0.547650
0.564075
0.565825
0.565975
0.569600
0.574850
0.576475
0.579100
0.583900
0.585150
0.586075
0.586625
0.594525
0.594675
0.597200
0.608975
0.610350
0.612575
0.613450
0.613800
0.622150
0.623175
0.638975
0.639100
0.640700
0.643850
0.647775
0.651400
0.653925
0.659725
0.662700
0.665075
0.674300
0.678425
0.680825
0.682275
0.684875
0.687850
0.691075
0.698750
0.704975
0.712775
0.720700
0.722500
0.734175
0.737650
0.745475
0.745975
0.752525
0.758900
0.760175
0.770350
0.775875
0.776175
0.776225
0.777075
0.777225
0.783225
0.783400
0.791800
0.796850
0.802225
0.805525
0.806825
0.810450
0.813950
0.818250
0.819350
0.819550
0.821050
0.828100
0.847625
0.855550
0.863875
0.865500
0.867975
0.870350
0.877175
0.878750
0.880300
0.887975
0.892675
0.901100
0.907200
0.927925
0.928700
0.929100
0.930200
0.931600
0.953975
0.963850
0.985550
0.992625
0.999050
1.025950
1.028625
1.028975
1.033450
1.037675
1.049575
1.057425
1.064000
1.073550
1.080575
1.105975
1.124975
1.127775
1.170975
1.173450
1.183125
1.189425
1.204050
1.219750
1.239000
1.239875
1.246175
1.296125
1.299150
1.364750
1.421425
1.436675
1.440825
1.481025
1.482600
1.490175
1.512450
1.513350
1.595325
1.606000
1.624350
1.708025
1.723175
1.805500
1.927750
1.978000
2.012325
2.066800
2.203825
2.316625
2.343125
289
