0.000100
0.001875
0.002900
0.006775
0.010175
0.019900
0.021875
0.024600
0.025325
0.026300
0.032050
0.032300
0.036000
0.036525
0.039975
0.040175
0.042350
0.049325
0.055850
0.058800
0.062600
0.063200
0.066800
0.068650
0.075225
0.075275
0.088300
0.089650
0.092275
0.094250
0.100650
0.108300
0.108475
0.113400
0.116000
0.118300
0.123575
0.132825
0.146275
0.161450
0.161975
0.169625
0.171825
0.180275
0.181850
0.188700
0.191500
0.191600
0.199350
0.209275
0.211825
0.216225
0.217550
0.222425
0.222825
0.232150
0.241600
0.250050
0.259825
0.270575
0.272475
0.272600
0.273100
0.277225
0.280025
0.294850
0.296250
0.296450
0.300050
0.300450
0.300500
0.304025
0.308225
0.317075
0.323375
0.330075
0.338100
0.338275
0.342425
0.348300
0.350825
0.351575
0.352300
0.365975
0.373275
0.374225
0.377725
0.386650
0.393275
0.405450
0.406025
0.407925
0.410500
0.412625
0.413650
0.414025
0.415850
0.417800
0.419825
0.421075
0.429900
0.433800
0.438550
0.447150
0.447475
0.451250
0.457900
0.463450
0.463900
0.469450
0.469825
0.476475
0.477500
0.479150
0.482500
0.482625
0.485450
0.494675
0.501075
0.507025
0.507275
0.511750
0.522350
0.532400
0.554825
0.557750
0.559450
0.584100
0.585375
0.585525
0.595475
0.597925
0.604250
0.605175
0.608800
0.617775
0.617800
0.618625
0.620125
0.620775
0.633225
0.635550
0.636150
0.653950
0.655375
0.658250
0.658475
0.663700
0.666225
0.666600
0.671450
0.673225
0.680025
0.688950
0.691500
0.695500
0.697250
0.720675
0.729400
0.742150
0.750225
0.751650
0.756550
0.759650
0.771150
0.773800
0.776500
0.787450
0.791925
0.797875
0.801975
0.802450
0.805150
0.811225
0.820675
0.824225
0.826725
0.830525
0.840025
0.857925
0.882425
0.885225
0.888675
0.889250
0.908700
0.912200
0.919325
0.944875
0.950575
0.959175
0.970100
0.985225
0.986725
0.987800
0.997650
1.012625
1.014600
1.017325
1.018825
1.037175
1.037825
1.052650
1.053675
1.075700
1.082925
1.099875
1.105800
1.122350
1.125050
1.137550
1.146800
1.147275
1.176750
1.177025
1.187675
1.189125
1.192125
1.192600
1.193325
1.203250
1.206775
1.216800
1.225700
1.241325
1.245200
1.248775
1.250650
1.257500
1.258300
1.272000
1.320325
1.323200
1.360300
1.378100
1.402975
1.461125
1.463450
1.475850
1.479400
1.486700
1.497525
1.534400
1.536575
1.550375
1.554525
1.561450
1.587125
1.603975
1.605150
1.618750
1.698775
1.710600
1.718075
1.796700
1.862525
1.865775
1.885525
1.899300
1.935825
2.008075
2.062600
2.110800
2.358550
2.462100
264
