0.001625
0.004475
0.005900
0.013300
0.014725
0.016875
0.017150
0.019150
0.020775
0.027750
0.042200
0.047325
0.049550
0.062025
0.063825
0.079100
0.080300
0.080925
0.084975
0.085400
0.090350
0.093050
0.098700
0.102075
0.105000
0.119125
0.124125
0.128825
0.131125
0.134475
0.136225
0.148250
0.152400
0.160150
0.160300
0.163550
0.164950
0.170600
0.183700
0.183725
0.185425
0.186700
0.192975
0.193325
0.198275
0.211275
0.213100
0.217600
0.225475
0.226275
0.228275
0.238000
0.239525
0.240025
0.247275
0.247500
0.262275
0.263100
0.268175
0.268250
0.269400
0.291625
0.294325
0.297825
0.306575
0.309825
0.314975
0.315550
0.316250
0.331875
0.336925
0.350550
0.352525
0.354650
0.359500
0.362300
0.370500
0.378000
0.378825
0.387600
0.388925
0.391550
0.395975
0.397275
0.399225
0.399650
0.406975
0.411075
0.412775
0.413150
0.416375
0.419750
0.426300
0.431225
0.433050
0.439200
0.442650
0.449550
0.455175
0.469125
0.471250
0.472700
0.490575
0.502075
0.505875
0.507500
0.508950
0.518100
0.525575
0.531325
0.531650
0.533025
0.534200
0.535875
0.563800
0.564725
0.567275
0.567875
0.581850
0.582975
0.589375
0.597125
0.597925
0.602250
0.609300
0.616325
0.653600
0.657250
0.657600
0.659425
0.662575
0.667225
0.674425
0.682475
0.683025
0.688625
0.694925
0.697150
0.706250
0.708675
0.709550
0.712100
0.719075
0.719450
0.722350
0.726950
0.732825
0.733525
0.743300
0.750900
0.752025
0.753600
0.762975
0.769275
0.782050
0.786900
0.787150
0.801950
0.803500
0.807275
0.808350
0.809800
0.812875
0.824250
0.832075
0.836100
0.837700
0.843425
0.844925
0.851875
0.858950
0.890925
0.899200
0.902800
0.903325
0.907675
0.910100
0.920125
0.923425
0.931950
0.956525
0.965525
0.978425
0.980925
0.984950
0.987050
1.008050
1.014750
1.015400
1.016350
1.026300
1.031375
1.040350
1.047600
1.048375
1.066625
1.073450
1.076375
1.076575
1.079750
1.081075
1.086350
1.127275
1.131325
1.131575
1.134950
1.135875
1.142050
1.155300
1.158450
1.158550
1.166000
1.216625
1.220400
1.260125
1.261225
1.270800
1.292100
1.301475
1.303400
1.347850
1.371250
1.373600
1.410800
1.425550
1.455900
1.493325
1.501150
1.538725
1.564650
1.664075
1.673550
1.702750
1.840725
1.844475
1.848475
1.982025
2.199050
2.368900
239
