0.000375
0.008700
0.009175
0.015775
0.018225
0.018375
0.019375
0.026175
0.028950
0.030850
0.034125
0.042275
0.043850
0.049475
0.050575
0.054300
0.068350
0.069300
0.072250
0.072475
0.073700
0.073875
0.077875
0.083225
0.083400
0.086050
0.086350
0.088850
0.097750
0.101875
0.106675
0.107675
0.109800
0.112850
0.113275
0.117625
0.125900
0.126975
0.127025
0.127475
0.132375
0.133325
0.139350
0.162000
0.163900
0.164975
0.170650
0.172150
0.175975
0.176775
0.188175
0.188575
0.190800
0.194875
0.196600
0.196625
0.196625
0.198300
0.199125
0.199275
0.199650
0.201125
0.201500
0.218225
0.222850
0.224250
0.228850
0.229925
0.234350
0.237750
0.240325
0.246325
0.250400
0.258475
0.291950
0.297450
0.302175
0.304675
0.312100
0.312300
0.316600
0.326800
0.327900
0.330000
0.336975
0.340350
0.343625
0.360875
0.377725
0.383800
0.385300
0.387650
0.396850
0.398475
0.399450
0.403050
0.419375
0.430700
0.433075
0.433475
0.434250
0.438825
0.446100
0.446925
0.455750
0.468950
0.473550
0.475450
0.477025
0.480550
0.486200
0.492800
0.495225
0.504200
0.517175
0.526125
0.526175
0.526775
0.528125
0.530675
0.533075
0.539000
0.542925
0.546450
0.562425
0.565275
0.574650
0.584450
0.584800
0.584900
0.589400
0.592725
0.595275
0.598200
0.603225
0.608075
0.608925
0.610325
0.614850
0.621850
0.628400
0.630800
0.631825
0.637825
0.646900
0.652325
0.653100
0.653900
0.669825
0.672975
0.673800
0.678000
0.690600
0.705150
0.707475
0.708700
0.710300
0.710900
0.715250
0.716675
0.719675
0.727000
0.745975
0.755800
0.756375
0.759100
0.760675
0.760725
0.763100
0.766825
0.773025
0.775600
0.778550
0.779125
0.780475
0.800925
0.803900
0.804400
0.804800
0.806175
0.816800
0.817975
0.820225
0.834000
0.842300
0.850325
0.852400
0.855750
0.858375
0.870825
0.873975
0.879000
0.879875
0.880375
0.905825
0.914250
0.917025
0.928125
0.936750
0.938200
0.941000
0.946625
0.953525
0.958850
0.959450
0.960475
0.962875
0.963725
0.997200
1.009525
1.011900
1.015175
1.020725
1.026125
1.043800
1.045250
1.047300
1.088825
1.100825
1.101775
1.130600
1.143425
1.147625
1.169775
1.174700
1.209250
1.213350
1.256325
1.271800
1.278775
1.327300
1.328925
1.328975
1.361350
1.363425
1.379725
1.436225
1.442825
1.445350
1.447325
1.473675
1.475000
1.482875
1.514125
1.570550
1.584075
1.700750
1.728850
1.968550
2.380325
250
