0.010175
0.010875
0.017775
0.019800
0.023375
0.027625
0.032450
0.046525
0.048000
0.049050
0.049275
0.049450
0.054100
0.054750
0.056325
0.074250
0.079800
0.079975
0.084625
0.090850
0.096150
0.108500
0.113425
0.117050
0.119225
0.122075
0.122250
0.133775
0.137300
0.144650
0.148475
0.171825
0.176175
0.181250
0.182500
0.182850
0.195100
0.200675
0.204625
0.205450
0.208225
0.210500
0.219125
0.220400
0.231075
0.235050
0.250225
0.250275
0.252000
0.255500
0.260925
0.263775
0.266275
0.276200
0.280975
0.295825
0.299800
0.309350
0.310950
0.315525
0.317225
0.317850
0.319300
0.321950
0.324750
0.327775
0.340825
0.343175
0.362550
0.375050
0.377650
0.379250
0.379775
0.386625
0.400875
0.406450
0.406925
0.415025
0.420525
0.428075
0.428975
0.433200
0.435875
0.436700
0.441875
0.443300
0.462075
0.473475
0.476350
0.486475
0.487750
0.488400
0.491725
0.501000
0.505050
0.505125
0.505650
0.510900
0.514675
0.521325
0.526775
0.527525
0.542875
0.545875
0.549675
0.554475
0.555250
0.555700
0.565375
0.576000
0.576400
0.577700
0.587200
0.589175
0.601625
0.611625
0.612875
0.618200
0.632275
0.638600
0.638625
0.640550
0.641275
0.645300
0.650900
0.672400
0.674275
0.674625
0.676475
0.684450
0.684625
0.689125
0.704800
0.705425
0.709475
0.712325
0.715450
0.715775
0.720550
0.723450
0.725250
0.731350
0.747150
0.747700
0.761250
0.769925
0.772425
0.773150
0.776450
0.812600
0.819500
0.824775
0.828650
0.835650
0.858725
0.870950
0.878000
0.878600
0.878925
0.887000
0.891700
0.914850
0.927475
0.932200
0.933250
0.956025
0.957300
0.972450
0.981050
0.984075
0.994725
1.005000
1.006525
1.015550
1.026925
1.032350
1.034950
1.056000
1.067125
1.092375
1.098125
1.119400
1.120500
1.130500
1.137625
1.140950
1.162900
1.176800
1.206675
1.210775
1.223025
1.276225
1.284775
1.294125
1.297475
1.314375
1.314550
1.317050
1.330925
1.334575
1.412000
1.526700
1.533975
1.542425
1.547775
1.849850
2.002800
2.197625
2.493975
209
