0.003875
0.005625
0.033725
0.038550
0.062950
0.063675
0.066825
0.082200
0.085175
0.094325
0.097725
0.098225
0.100250
0.100975
0.110350
0.110850
0.113550
0.121875
0.124475
0.126475
0.137300
0.139075
0.141600
0.156675
0.169975
0.175775
0.178025
0.188225
0.189700
0.192550
0.196775
0.205025
0.211425
0.216350
0.218275
0.221200
0.222525
0.223000
0.239325
0.240150
0.240425
0.252350
0.252975
0.253275
0.273925
0.285275
0.291550
0.301075
0.301625
0.302300
0.314850
0.322125
0.324400
0.330575
0.334800
0.343050
0.349725
0.350150
0.355175
0.361250
0.364925
0.368000
0.370975
0.377025
0.380825
0.396600
0.396925
0.397150
0.404150
0.404500
0.411325
0.427175
0.432175
0.434150
0.437150
0.443250
0.447475
0.457150
0.464475
0.464950
0.467525
0.468350
0.468600
0.470150
0.470325
0.470500
0.477975
0.486825
0.491075
0.508350
0.510175
0.516100
0.517450
0.523850
0.525100
0.526175
0.529200
0.531350
0.534700
0.536475
0.537575
0.543550
0.552100
0.555350
0.562950
0.567525
0.570550
0.573575
0.575625
0.576750
0.577525
0.583100
0.590525
0.594575
0.598200
0.599375
0.600625
0.609200
0.609900
0.612000
0.612075
0.616600
0.618725
0.626450
0.628950
0.641550
0.644000
0.661600
0.663025
0.670325
0.674200
0.674475
0.685950
0.688875
0.697300
0.708950
0.712875
0.715000
0.716600
0.716700
0.717700
0.725550
0.733550
0.741650
0.748825
0.754725
0.755650
0.758900
0.760025
0.761750
0.778025
0.778500
0.778700
0.779775
0.782575
0.783500
0.796750
0.796850
0.803800
0.804950
0.805150
0.814825
0.829225
0.834775
0.839675
0.849050
0.855700
0.858025
0.874475
0.881825
0.886050
0.891725
0.897900
0.899075
0.901075
0.923575
0.924275
0.931150
0.934675
0.939350
0.952200
0.960575
0.975525
0.978325
0.988075
1.000475
1.032350
1.033500
1.042000
1.046375
1.054125
1.067325
1.086575
1.100225
1.101750
1.111475
1.141700
1.151150
1.154050
1.159200
1.169400
1.186350
1.204300
1.220900
1.226300
1.230250
1.243975
1.247825
1.248900
1.273000
1.275750
1.285050
1.293125
1.293900
1.318550
1.343250
1.344825
1.351050
1.355700
1.357825
1.390575
1.392800
1.395450
1.424725
1.530625
1.590175
1.634925
1.661875
1.685225
1.796925
1.849525
1.891775
2.125025
2.247075
2.306225
235
