0.009125
0.010300
0.010950
0.012250
0.014150
0.017775
0.018350
0.019500
0.022150
0.023875
0.024175
0.036300
0.037250
0.040575
0.052925
0.055975
0.059800
0.065775
0.066425
0.069575
0.070125
0.081375
0.082325
0.085825
0.086900
0.088450
0.088650
0.088850
0.092325
0.098300
0.100200
0.101600
0.104825
0.125075
0.137325
0.140375
0.141425
0.147875
0.148825
0.157675
0.158050
0.167775
0.174450
0.185875
0.186250
0.188300
0.189825
0.199575
0.204950
0.217975
0.223550
0.227050
0.228475
0.232775
0.237525
0.255450
0.263650
0.272475
0.276650
0.279875
0.292125
0.292150
0.297425
0.311900
0.312125
0.312225
0.328700
0.330375
0.341150
0.342200
0.352600
0.360625
0.364050
0.375375
0.381200
0.389975
0.392350
0.395175
0.401300
0.402350
0.410400
0.412950
0.421250
0.425025
0.427550
0.440375
0.457375
0.457400
0.460750
0.467475
0.470950
0.474500
0.480675
0.481950
0.486750
0.488400
0.494525
0.498025
0.501450
0.503925
0.504625
0.516700
0.526500
0.527725
0.531600
0.535475
0.535500
0.536400
0.538775
0.540900
0.545350
0.547900
0.557625
0.561375
0.566950
0.568900
0.571875
0.573825
0.578200
0.583600
0.584850
0.587550
0.587975
0.601350
0.605325
0.613475
0.622025
0.624400
0.627150
0.629250
0.641300
0.644400
0.646400
0.655550
0.661875
0.661900
0.665025
0.679775
0.682525
0.683425
0.691525
0.691725
0.692200
0.695525
0.699100
0.700875
0.702400
0.706650
0.707675
0.712600
0.727275
0.736250
0.746600
0.747425
0.749450
0.759250
0.766475
0.774275
0.775875
0.788875
0.806500
0.816450
0.816625
0.817925
0.818675
0.823650
0.824525
0.824550
0.839500
0.841800
0.844975
0.845675
0.850150
0.852500
0.857650
0.858050
0.858950
0.862025
0.872175
0.873925
0.883050
0.884275
0.887675
0.902475
0.912250
0.914075
0.933175
0.943650
0.946150
0.963025
0.966975
0.968825
0.993225
0.994525
1.020400
1.039550
1.044275
1.047100
1.069725
1.078650
1.084425
1.091000
1.092550
1.094150
1.096325
1.114000
1.116125
1.116875
1.119150
1.125075
1.134075
1.146225
1.151575
1.164650
1.174900
1.176775
1.181050
1.186625
1.189925
1.206275
1.209875
1.226150
1.254100
1.262625
1.264200
1.299950
1.372450
1.375775
1.405400
1.462150
1.487375
1.498375
1.516000
1.516350
1.520400
1.522475
1.553550
1.559725
1.578400
1.583125
1.659075
1.664725
1.668525
1.815300
2.014375
2.189000
2.350925
2.382050
2.396475
249
