0.003675
0.021800
0.023050
0.024850
0.026950
0.035775
0.037825
0.051050
0.060825
0.068650
0.072525
0.075475
0.078725
0.079525
0.080600
0.089350
0.090725
0.099050
0.101575
0.107475
0.111700
0.113350
0.117875
0.119500
0.122675
0.130100
0.132175
0.133950
0.141075
0.152625
0.156550
0.161875
0.167675
0.168600
0.168925
0.171975
0.194475
0.196975
0.199250
0.209275
0.215925
0.216750
0.218050
0.219025
0.222900
0.223600
0.226125
0.230550
0.234225
0.239200
0.242350
0.244750
0.245875
0.246650
0.253550
0.257800
0.267250
0.283675
0.292100
0.293875
0.294575
0.298400
0.323675
0.327025
0.332475
0.336175
0.336250
0.339425
0.343000
0.343325
0.347050
0.348450
0.349100
0.352925
0.363500
0.363700
0.364675
0.364900
0.366900
0.367500
0.377775
0.383400
0.387700
0.389525
0.389925
0.390525
0.392175
0.397800
0.404200
0.409975
0.413100
0.415950
0.429050
0.433150
0.437250
0.439725
0.445825
0.446075
0.451475
0.458525
0.459575
0.466875
0.467950
0.472050
0.473150
0.476125
0.481150
0.482825
0.484425
0.489975
0.490900
0.496350
0.499350
0.501675
0.515325
0.525725
0.528325
0.528425
0.531800
0.533100
0.541350
0.543050
0.562850
0.566700
0.568350
0.572875
0.583600
0.584075
0.585175
0.586200
0.597525
0.598400
0.600525
0.609950
0.610650
0.610725
0.611875
0.611975
0.613875
0.615025
0.624575
0.627250
0.627875
0.631550
0.632075
0.637725
0.638300
0.648175
0.662275
0.668550
0.668650
0.672875
0.675375
0.679775
0.681150
0.687425
0.691275
0.691550
0.715550
0.721125
0.726500
0.736875
0.747300
0.762075
0.762425
0.766400
0.775675
0.779800
0.786525
0.793300
0.815600
0.835375
0.847975
0.848500
0.853350
0.859450
0.860100
0.860625
0.864150
0.867600
0.878425
0.887650
0.893000
0.893075
0.893125
0.896275
0.896525
0.899475
0.902700
0.913150
0.919575
0.923700
0.923750
0.926550
0.943800
0.948750
0.955650
0.956175
0.972375
0.973575
0.978550
0.990575
1.003225
1.008050
1.065250
1.070300
1.091825
1.132650
1.135400
1.143225
1.208175
1.209875
1.212700
1.227600
1.302350
1.326050
1.350625
1.353725
1.388500
1.396400
1.442525
1.445200
1.515300
1.603375
1.679450
1.723475
1.757075
1.932725
2.205475
2.233900
2.282550
231
