0.005875
0.008150
0.012250
0.014700
0.015425
0.017925
0.024400
0.028950
0.030750
0.034900
0.039225
0.047275
0.051325
0.054150
0.062800
0.065975
0.066125
0.073000
0.077550
0.078200
0.083150
0.096500
0.099200
0.101925
0.103175
0.108025
0.108675
0.111050
0.114150
0.116600
0.125900
0.140700
0.143750
0.144725
0.146575
0.150775
0.153850
0.158075
0.158275
0.159900
0.162150
0.162375
0.165325
0.170100
0.172325
0.173850
0.177125
0.182925
0.186000
0.186625
0.194800
0.200975
0.202600
0.203750
0.208325
0.211025
0.217750
0.221050
0.221600
0.222925
0.232200
0.238650
0.243650
0.244125
0.244325
0.248800
0.254275
0.257825
0.258450
0.283025
0.289150
0.292475
0.294400
0.295475
0.300250
0.311325
0.311725
0.312375
0.320450
0.323475
0.329500
0.330775
0.334475
0.334725
0.346975
0.349025
0.352400
0.352500
0.352600
0.353175
0.353700
0.354600
0.362550
0.365100
0.381050
0.398025
0.400000
0.406450
0.411525
0.411900
0.412150
0.413775
0.414050
0.417775
0.420275
0.422150
0.425075
0.428100
0.432000
0.446625
0.447325
0.450025
0.450300
0.453675
0.457675
0.459350
0.481500
0.499525
0.506750
0.510850
0.510900
0.515275
0.515350
0.522650
0.530550
0.536675
0.543000
0.543250
0.543575
0.543625
0.544625
0.545675
0.549600
0.558050
0.565975
0.570075
0.577275
0.578300
0.579325
0.590075
0.593100
0.595550
0.612625
0.616750
0.618675
0.630075
0.631925
0.633300
0.634950
0.637900
0.647925
0.650100
0.650425
0.654175
0.666375
0.671450
0.672275
0.672725
0.675275
0.677425
0.681850
0.684100
0.688075
0.692450
0.699325
0.701025
0.708125
0.712475
0.716000
0.719325
0.720550
0.723025
0.726725
0.736950
0.740950
0.744350
0.747600
0.751650
0.752550
0.757200
0.758925
0.764300
0.766550
0.770100
0.770200
0.771800
0.773400
0.779075
0.798700
0.804475
0.804950
0.816225
0.825650
0.826700
0.827000
0.829750
0.834325
0.834650
0.839000
0.846950
0.847525
0.852200
0.865975
0.867900
0.871725
0.877875
0.878500
0.881000
0.881900
0.884275
0.890025
0.911075
0.913150
0.918475
0.935950
0.962375
0.971000
0.971550
0.982975
0.986450
0.987675
0.991025
1.003275
1.009125
1.027125
1.030700
1.047950
1.052025
1.054150
1.059125
1.059325
1.062000
1.080725
1.094375
1.114325
1.139500
1.140950
1.151600
1.164975
1.197775
1.222225
1.264225
1.327950
1.344150
1.345350
1.347000
1.351150
1.459550
1.506075
1.553025
1.627125
1.638450
1.659325
1.849700
1.864150
1.954450
1.958775
2.050800
2.221125
2.270850
2.337425
2.398425
2.463675
263
