0.000825
0.013350
0.014900
0.017100
0.020150
0.022250
0.029525
0.032225
0.034875
0.041400
0.051950
0.055725
0.067700
0.067875
0.074650
0.079525
0.083825
0.084950
0.085575
0.086550
0.086950
0.097875
0.099250
0.100225
0.106850
0.116500
0.117825
0.117925
0.120750
0.123300
0.125300
0.127575
0.130100
0.130675
0.132025
0.133275
0.147750
0.151225
0.160750
0.162225
0.163900
0.168225
0.168775
0.171025
0.172450
0.173075
0.177875
0.180825
0.183600
0.189175
0.191325
0.191600
0.192350
0.203000
0.203425
0.207075
0.215075
0.216025
0.225475
0.234200
0.236900
0.237450
0.242375
0.242800
0.247150
0.248850
0.252825
0.255275
0.255875
0.257050
0.258775
0.270525
0.270725
0.271525
0.271975
0.279875
0.281625
0.283325
0.283475
0.289625
0.292000
0.293325
0.300775
0.303150
0.304700
0.306650
0.314325
0.316100
0.318800
0.322975
0.323175
0.323700
0.328450
0.329275
0.329575
0.333950
0.334700
0.336700
0.351450
0.359650
0.362000
0.369400
0.373275
0.374325
0.381675
0.391250
0.391350
0.393925
0.394725
0.397025
0.401525
0.403575
0.404975
0.411000
0.414750
0.425175
0.427725
0.463675
0.464850
0.464975
0.466000
0.467725
0.477125
0.484100
0.486725
0.487875
0.492350
0.506900
0.514450
0.517675
0.517700
0.526475
0.528475
0.528575
0.529025
0.531150
0.536775
0.537350
0.538175
0.544800
0.546600
0.562300
0.563000
0.576000
0.576950
0.605450
0.608550
0.612500
0.616575
0.619625
0.620625
0.626225
0.640225
0.642825
0.656025
0.659500
0.670475
0.683375
0.687850
0.691350
0.692625
0.692925
0.693825
0.697825
0.700725
0.703150
0.703200
0.705000
0.706525
0.707925
0.711225
0.711325
0.712175
0.713875
0.715875
0.722225
0.724800
0.746300
0.749800
0.749850
0.757725
0.765775
0.772650
0.783775
0.784100
0.787150
0.795200
0.797275
0.799675
0.818100
0.820850
0.822525
0.823325
0.823400
0.826475
0.826775
0.828150
0.834575
0.836050
0.839775
0.849275
0.855175
0.856250
0.861700
0.879950
0.880950
0.881175
0.882825
0.894650
0.931075
0.940675
0.942775
0.953000
0.963375
0.972925
0.978600
0.997525
1.000775
1.002600
1.009350
1.025150
1.031650
1.035975
1.045200
1.055725
1.058150
1.065375
1.065450
1.090125
1.095250
1.103725
1.119125
1.119575
1.141100
1.150800
1.180100
1.192725
1.200325
1.208100
1.212775
1.212875
1.224225
1.230650
1.265325
1.265975
1.276350
1.276850
1.321500
1.343975
1.449550
1.487975
1.500125
1.502225
1.531500
1.535300
1.563200
1.597575
1.618850
1.661550
1.692375
1.745825
1.762850
1.771275
1.794900
1.873875
1.951150
1.973675
2.016950
2.106850
2.266125
270
