0.002850
0.010750
0.013675
0.015175
0.018950
0.022700
0.026225
0.027050
0.031275
0.041925
0.047475
0.050300
0.063950
0.070125
0.070675
0.073750
0.076025
0.076375
0.076875
0.080050
0.080575
0.092175
0.093825
0.106875
0.113775
0.114550
0.114950
0.126000
0.135600
0.139650
0.142950
0.146825
0.148825
0.153750
0.156825
0.160725
0.162275
0.170325
0.174725
0.192950
0.193050
0.207800
0.209075
0.214375
0.214400
0.227550
0.228125
0.229275
0.238750
0.243725
0.244525
0.248125
0.251425
0.252350
0.255200
0.256050
0.262900
0.272350
0.272775
0.281125
0.288850
0.291375
0.298450
0.301425
0.304400
0.305825
0.306475
0.308625
0.313400
0.320525
0.320675
0.321300
0.321850
0.330225
0.335025
0.335125
0.336650
0.338950
0.340625
0.348425
0.351325
0.351650
0.354900
0.358175
0.359675
0.366025
0.369525
0.385325
0.387300
0.388250
0.392075
0.399800
0.400425
0.406100
0.408225
0.412475
0.415925
0.430750
0.434550
0.434775
0.437975
0.439125
0.446725
0.454000
0.455900
0.456025
0.464150
0.468500
0.481625
0.487900
0.491275
0.492150
0.494700
0.502675
0.505375
0.506200
0.508150
0.508575
0.510400
0.524425
0.538900
0.540400
0.558375
0.577050
0.584075
0.588050
0.596825
0.597000
0.599200
0.604200
0.608525
0.610825
0.615400
0.621100
0.623900
0.626875
0.630775
0.631350
0.631525
0.637850
0.642650
0.652300
0.658900
0.660925
0.670850
0.675600
0.676675
0.681100
0.681325
0.688200
0.688600
0.701550
0.701650
0.705875
0.715275
0.717125
0.720650
0.722900
0.726675
0.728750
0.733025
0.736550
0.746475
0.757300
0.757850
0.760925
0.761950
0.771375
0.772750
0.780550
0.785375
0.786600
0.794825
0.805350
0.812625
0.816950
0.821500
0.830775
0.831025
0.841575
0.844900
0.845000
0.849500
0.853875
0.866650
0.887600
0.897325
0.898625
0.908900
0.911450
0.917275
0.923075
0.932300
0.937650
0.939950
0.940850
0.941250
0.960100
0.971875
0.991550
0.997250
1.001950
1.003200
1.005975
1.016225
1.020775
1.021600
1.032125
1.051550
1.053600
1.055925
1.058375
1.058825
1.101575
1.108075
1.111800
1.121225
1.125375
1.126975
1.134275
1.142750
1.145375
1.157850
1.199850
1.228225
1.250875
1.282150
1.290325
1.302275
1.304325
1.315200
1.318925
1.319600
1.337300
1.350050
1.354150
1.393850
1.428500
1.479950
1.520875
1.672325
1.695825
1.700300
1.837275
1.843025
1.938925
2.009075
2.372900
248
