0.000700
0.018925
0.022050
0.030050
0.033600
0.041625
0.048975
0.051225
0.058300
0.068150
0.070775
0.072275
0.074450
0.078775
0.079350
0.082050
0.092775
0.102825
0.104075
0.116425
0.126375
0.132350
0.132775
0.133750
0.139050
0.142825
0.145000
0.156875
0.160050
0.160550
0.162725
0.170875
0.198775
0.207850
0.211725
0.224300
0.224300
0.230000
0.232725
0.232825
0.237300
0.238925
0.239550
0.246325
0.254675
0.257875
0.259375
0.263650
0.268600
0.278250
0.288725
0.296075
0.301700
0.304550
0.307850
0.313425
0.319525
0.321175
0.332500
0.335025
0.355300
0.367000
0.367875
0.369425
0.369900
0.372525
0.378575
0.382625
0.387525
0.398875
0.408175
0.412275
0.414475
0.417625
0.421225
0.422900
0.423425
0.425625
0.430350
0.431550
0.437900
0.441325
0.442975
0.456425
0.465950
0.472225
0.472725
0.475800
0.481025
0.496725
0.497750
0.504500
0.510675
0.512350
0.520675
0.521550
0.533475
0.533800
0.541475
0.547725
0.548650
0.550400
0.560150
0.565075
0.572950
0.573725
0.578075
0.594925
0.596375
0.597650
0.601800
0.612525
0.624000
0.634800
0.636500
0.638850
0.643500
0.646575
0.650800
0.652825
0.667175
0.672400
0.673425
0.675800
0.677875
0.683275
0.685800
0.688100
0.688225
0.704300
0.706875
0.723025
0.724175
0.724875
0.725400
0.730050
0.730725
0.733000
0.734650
0.740275
0.745125
0.754925
0.754975
0.755050
0.756300
0.759425
0.779750
0.787825
0.791975
0.795600
0.810400
0.839225
0.840675
0.866075
0.876575
0.877275
0.893150
0.898225
0.906125
0.908075
0.908625
0.915425
0.926925
0.939375
0.946575
0.949700
0.950000
0.953050
0.969250
0.970700
0.974375
0.976750
0.983925
0.992150
0.993325
0.995425
1.008100
1.019575
1.028925
1.046500
1.050375
1.062750
1.067700
1.073225
1.082400
1.108175
1.131200
1.140175
1.142125
1.168825
1.182525
1.197800
1.225925
1.237125
1.276825
1.287775
1.288100
1.318600
1.349800
1.366650
1.396550
1.405225
1.406775
1.467275
1.470275
1.482200
1.508975
1.515800
1.531650
1.541450
1.592600
1.705475
1.719300
1.750900
1.825100
2.083600
2.368125
2.468500
218
