0.002650
0.003925
0.004075
0.006450
0.013050
0.013125
0.047325
0.051725
0.053250
0.056025
0.056600
0.057650
0.064475
0.067475
0.072575
0.078475
0.089875
0.098000
0.100100
0.100375
0.101225
0.106675
0.114675
0.122900
0.125625
0.131475
0.134400
0.145550
0.146050
0.152275
0.152950
0.181225
0.185225
0.186325
0.192225
0.194700
0.196700
0.200300
0.203425
0.203600
0.224250
0.226500
0.230000
0.237100
0.239250
0.242275
0.248925
0.255425
0.258200
0.261325
0.269375
0.279450
0.284325
0.288700
0.296875
0.312825
0.321000
0.324025
0.324525
0.335325
0.336575
0.341375
0.341675
0.353275
0.355050
0.355300
0.355825
0.362200
0.363150
0.368050
0.375525
0.375900
0.379600
0.410850
0.412575
0.414625
0.421400
0.428275
0.429800
0.432300
0.458525
0.467825
0.490125
0.491850
0.493875
0.496675
0.500050
0.501225
0.508525
0.511325
0.513625
0.527700
0.539125
0.543650
0.549575
0.551050
0.554425
0.557925
0.568925
0.579750
0.581525
0.588050
0.598250
0.602575
0.602875
0.604750
0.606750
0.611400
0.614475
0.617800
0.618875
0.622525
0.624325
0.625800
0.633325
0.634450
0.636500
0.640000
0.649475
0.653350
0.669600
0.672325
0.675550
0.681575
0.685200
0.694000
0.698225
0.699825
0.706125
0.708200
0.709300
0.714425
0.725225
0.736825
0.737075
0.738150
0.740875
0.751275
0.754175
0.763975
0.776200
0.777475
0.784500
0.786625
0.794700
0.799625
0.812200
0.817400
0.821050
0.823825
0.826250
0.827025
0.832000
0.854700
0.857400
0.859400
0.863625
0.872850
0.879700
0.880950
0.882550
0.887375
0.890325
0.897500
0.902450
0.911550
0.915300
0.915825
0.939925
0.944350
0.952825
0.957350
0.969375
0.970150
0.972275
0.972625
0.977175
0.985025
0.990375
1.006125
1.008925
1.010300
1.011675
1.037625
1.100575
1.106025
1.109275
1.109500
1.124225
1.177325
1.180025
1.186750
1.201550
1.204450
1.221550
1.224450
1.233400
1.294600
1.321500
1.334100
1.366925
1.427850
1.442150
1.499000
1.530650
1.538525
1.559500
1.564300
1.744350
1.908425
2.070100
2.120350
2.183975
2.186325
2.211925
2.287600
2.296425
2.337775
218
