0.000675
0.002650
0.005275
0.009775
0.018025
0.019125
0.026725
0.031775
0.031800
0.045750
0.046575
0.046925
0.047575
0.057950
0.063300
0.064275
0.066775
0.069925
0.096200
0.097450
0.097525
0.098175
0.104300
0.114650
0.120375
0.121325
0.136300
0.146725
0.154325
0.166250
0.170000
0.171250
0.180425
0.185350
0.189950
0.205275
0.208525
0.216425
0.218575
0.218750
0.223225
0.225525
0.240325
0.249275
0.256500
0.258725
0.260275
0.262150
0.262775
0.273575
0.274125
0.278600
0.285675
0.292650
0.294375
0.312300
0.312550
0.312600
0.318500
0.325000
0.327750
0.329450
0.339375
0.339650
0.341675
0.354925
0.361950
0.367125
0.370475
0.380175
0.385900
0.394500
0.394575
0.396725
0.402800
0.417375
0.422725
0.425825
0.437425
0.437950
0.439300
0.443025
0.449575
0.460050
0.463675
0.466500
0.468975
0.486825
0.489675
0.496725
0.498825
0.514000
0.516250
0.519375
0.525425
0.526300
0.527850
0.529700
0.543750
0.544125
0.547900
0.556400
0.559375
0.562700
0.564150
0.567400
0.568775
0.570225
0.571175
0.586875
0.601325
0.602200
0.604925
0.606900
0.608075
0.608325
0.608450
0.612425
0.625000
0.626075
0.630075
0.656100
0.658950
0.666775
0.669700
0.678150
0.681175
0.686925
0.693375
0.705425
0.706150
0.707425
0.710550
0.715700
0.719450
0.722400
0.723100
0.731675
0.738675
0.755325
0.756950
0.758025
0.760625
0.760875
0.764925
0.767950
0.768075
0.770650
0.773900
0.776350
0.778200
0.779725
0.783050
0.793925
0.796975
0.808400
0.813775
0.820725
0.832050
0.832950
0.833025
0.838650
0.850350
0.861575
0.863275
0.865550
0.866425
0.868100
0.870200
0.873575
0.883275
0.889375
0.891375
0.920675
0.922125
0.924150
0.928975
0.929600
0.932475
0.934550
0.935225
0.953825
0.960100
0.988950
1.022100
1.049550
1.054300
1.095450
1.101050
1.107825
1.115050
1.118325
1.139200
1.142300
1.144300
1.156600
1.168325
1.185375
1.221900
1.233300
1.243425
1.252850
1.264750
1.266625
1.285950
1.300525
1.314475
1.335550
1.338475
1.369425
1.380350
1.402450
1.411325
1.424850
1.452925
1.477600
1.478150
1.505575
1.505900
1.509300
1.516850
1.548725
1.559225
1.562575
1.613425
1.661525
1.690100
1.702450
1.749900
1.789975
1.835325
1.897225
1.930425
2.028700
2.034875
235
