0.001500
0.004600
0.011375
0.013050
0.015575
0.016825
0.023450
0.030950
0.031150
0.033950
0.034900
0.043600
0.046100
0.048625
0.058600
0.061300
0.063350
0.074000
0.076700
0.077100
0.079025
0.081025
0.086250
0.088325
0.092800
0.098175
0.112750
0.120375
0.124200
0.134150
0.135600
0.141175
0.143725
0.143850
0.145050
0.148150
0.161725
0.168925
0.184675
0.189450
0.203700
0.203925
0.212075
0.217075
0.218550
0.231925
0.246175
0.256650
0.257575
0.266325
0.271750
0.274325
0.279275
0.280400
0.281875
0.284950
0.286950
0.296275
0.305050
0.309775
0.313400
0.313675
0.314100
0.326100
0.327350
0.330300
0.332550
0.335850
0.339850
0.350375
0.361775
0.368750
0.369500
0.370825
0.375275
0.391525
0.392375
0.397325
0.399050
0.408100
0.415600
0.416200
0.418400
0.419800
0.421350
0.424875
0.427950
0.427950
0.433100
0.435150
0.435550
0.436775
0.442025
0.443775
0.448400
0.449975
0.459375
0.461375
0.465675
0.466300
0.467100
0.476650
0.479950
0.482150
0.488800
0.490650
0.504675
0.504825
0.514100
0.517225
0.518275
0.521500
0.524475
0.534125
0.534875
0.552775
0.558150
0.565325
0.566125
0.574600
0.579425
0.581975
0.598600
0.605900
0.613175
0.615400
0.618300
0.628475
0.633825
0.645550
0.645800
0.654575
0.658775
0.677575
0.683575
0.685525
0.685875
0.700150
0.701300
0.703450
0.708550
0.713125
0.722375
0.726450
0.728100
0.738125
0.741400
0.744950
0.748775
0.749600
0.755150
0.757275
0.759525
0.763075
0.768275
0.777550
0.785650
0.789375
0.793025
0.799100
0.802875
0.806525
0.811225
0.813325
0.817225
0.822100
0.826100
0.827700
0.833100
0.837625
0.837675
0.839325
0.858625
0.867925
0.870150
0.874700
0.887900
0.888200
0.890300
0.893975
0.906200
0.911400
0.914450
0.914475
0.915375
0.927125
0.939750
0.949450
0.952075
0.955250
0.964350
0.970250
0.974775
0.977525
0.977675
0.981800
0.988475
0.991250
0.995725
1.046950
1.047275
1.065325
1.070575
1.083500
1.084275
1.088875
1.110150
1.115700
1.132850
1.133975
1.135575
1.161700
1.165975
1.167650
1.175250
1.194525
1.203150
1.208375
1.209025
1.229425
1.240550
1.240775
1.249550
1.270775
1.279725
1.279975
1.283100
1.294900
1.322375
1.394975
1.405725
1.453750
1.458475
1.459150
1.497075
1.559875
1.566600
1.587075
1.605425
1.643525
1.704200
1.719500
1.720350
1.799925
1.862325
1.940725
1.965075
1.976625
1.980875
2.001550
2.260850
2.263475
2.355450
2.451275
254
