0.007450
0.010900
0.012275
0.015350
0.040100
0.044325
0.053075
0.057825
0.065750
0.083075
0.087125
0.087750
0.089425
0.092100
0.098925
0.105650
0.106375
0.122525
0.124700
0.135675
0.137975
0.142350
0.144825
0.149250
0.149675
0.162025
0.162200
0.164875
0.166475
0.168375
0.170375
0.172400
0.175000
0.176650
0.179675
0.186300
0.189325
0.192325
0.196850
0.209950
0.211100
0.214400
0.215250
0.217150
0.227250
0.227375
0.234425
0.240300
0.243600
0.243725
0.245200
0.252125
0.254275
0.257150
0.262325
0.263125
0.263825
0.264550
0.264975
0.277600
0.278575
0.279625
0.281675
0.282300
0.282825
0.289775
0.296450
0.303700
0.330325
0.342800
0.345100
0.354525
0.356075
0.360225
0.373575
0.385050
0.395925
0.400925
0.404000
0.404575
0.408500
0.408650
0.409250
0.410375
0.410775
0.418950
0.420250
0.421300
0.430825
0.433875
0.444625
0.445000
0.445925
0.448700
0.450025
0.454600
0.458850
0.461225
0.466525
0.475750
0.487725
0.491550
0.496675
0.498275
0.501450
0.510050
0.510975
0.515700
0.524525
0.524625
0.524900
0.525075
0.536225
0.538325
0.543725
0.548750
0.549225
0.551250
0.566075
0.569900
0.572000
0.573000
0.576800
0.576900
0.584425
0.596000
0.598075
0.601900
0.607825
0.612525
0.614950
0.619650
0.621025
0.624750
0.627775
0.630175
0.635400
0.643350
0.643850
0.649050
0.649225
0.659150
0.662650
0.663625
0.665900
0.666900
0.673200
0.674350
0.675400
0.681350
0.684125
0.693725
0.696425
0.700950
0.704825
0.714825
0.715225
0.718725
0.720575
0.726950
0.745975
0.757525
0.761775
0.779250
0.780200
0.780425
0.782800
0.785775
0.786125
0.788725
0.790175
0.795600
0.798225
0.798950
0.802475
0.805650
0.810125
0.812075
0.821550
0.827725
0.830050
0.830375
0.836475
0.845050
0.847475
0.854525
0.856900
0.859550
0.864475
0.865425
0.869150
0.873050
0.873525
0.874200
0.875325
0.875900
0.879175
0.880550
0.882025
0.884375
0.889900
0.889925
0.910150
0.918775
0.921275
0.925925
0.928050
0.930275
0.930500
0.931375
0.961125
0.970450
0.980625
0.990600
0.999975
1.012400
1.013200
1.033125
1.056175
1.064400
1.066850
1.086750
1.099700
1.105075
1.124400
1.132025
1.135625
1.140675
1.156125
1.178475
1.181725
1.182825
1.186100
1.236075
1.236975
1.239925
1.242750
1.246575
1.254100
1.273700
1.287075
1.291400
1.365725
1.368550
1.382325
1.412950
1.435000
1.455225
1.489700
1.497550
1.539825
1.548550
1.557575
1.571950
1.591550
1.621000
1.666150
1.710825
1.715950
1.895225
1.899450
2.009525
2.098550
2.132375
2.165700
2.401950
266
