0.003100
0.004300
0.004650
0.007575
0.011325
0.023025
0.026875
0.028075
0.060400
0.062625
0.068375
0.072225
0.081975
0.084500
0.088500
0.102225
0.116800
0.117275
0.121625
0.123825
0.126550
0.138550
0.140575
0.141225
0.153450
0.161400
0.177425
0.187425
0.188250
0.199950
0.206375
0.206525
0.211925
0.213600
0.214100
0.225575
0.227200
0.230800
0.237975
0.248025
0.259675
0.262850
0.267350
0.267800
0.269275
0.269925
0.273850
0.274150
0.283600
0.283800
0.284250
0.285075
0.286675
0.288875
0.291075
0.291125
0.301400
0.304175
0.309950
0.330025
0.334425
0.335675
0.335825
0.336850
0.343375
0.347075
0.352500
0.353350
0.355825
0.357925
0.360250
0.372000
0.373975
0.389475
0.396625
0.403300
0.403425
0.409975
0.413900
0.414850
0.415275
0.415775
0.417100
0.420250
0.427100
0.432450
0.433700
0.445875
0.454775
0.456025
0.464050
0.473725
0.475650
0.477075
0.492625
0.496000
0.496075
0.507575
0.508225
0.510425
0.512250
0.514500
0.517950
0.521325
0.532900
0.540875
0.560525
0.574125
0.575000
0.581475
0.586875
0.587100
0.587125
0.588525
0.589450
0.594325
0.597325
0.609900
0.611700
0.621675
0.626550
0.627800
0.641400
0.650925
0.656475
0.664700
0.675650
0.685925
0.691325
0.693975
0.695300
0.695550
0.713000
0.715150
0.716075
0.732000
0.735850
0.739975
0.741575
0.742175
0.754950
0.755575
0.755750
0.757975
0.761550
0.761725
0.778750
0.779850
0.784425
0.795450
0.799100
0.801700
0.808175
0.809600
0.812025
0.824300
0.826975
0.826975
0.830275
0.843625
0.847175
0.862050
0.866700
0.867625
0.873325
0.896525
0.903075
0.905075
0.915875
0.930775
0.931150
0.938600
0.943400
0.944225
0.971350
1.000875
1.003050
1.006675
1.030800
1.035100
1.050000
1.053650
1.055650
1.058025
1.087900
1.094675
1.128300
1.148200
1.162900
1.167475
1.181450
1.185300
1.228800
1.237700
1.245425
1.259725
1.275375
1.309225
1.313200
1.374850
1.427800
1.439625
1.452375
1.467075
1.500725
1.501150
1.545900
1.567800
1.580100
1.584950
1.627800
1.652450
1.689000
1.745925
1.799650
1.858125
1.951200
1.990375
2.001150
2.023575
2.045250
2.082550
2.250125
2.301175
2.329000
225
