0.001300
0.002400
0.003800
0.004550
0.007350
0.011325
0.014525
0.014725
0.015050
0.016600
0.019525
0.023250
0.025375
0.028300
0.030775
0.035950
0.037050
0.040000
0.040800
0.044450
0.046400
0.048350
0.049600
0.049800
0.050375
0.062850
0.065025
0.076750
0.077250
0.082025
0.084750
0.085250
0.087150
0.089150
0.089350
0.093925
0.094950
0.096050
0.097500
0.099800
0.110050
0.116175
0.122500
0.122625
0.123125
0.124000
0.135300
0.135400
0.135825
0.139050
0.139875
0.140000
0.146250
0.148900
0.155750
0.156950
0.162250
0.166275
0.168475
0.173925
0.177875
0.179925
0.182825
0.188625
0.195475
0.207850
0.213175
0.213525
0.213575
0.223175
0.224050
0.233750
0.242850
0.247225
0.248925
0.250325
0.258100
0.258775
0.259700
0.268325
0.270200
0.273000
0.275400
0.276025
0.276050
0.276875
0.291025
0.297325
0.300625
0.302650
0.311925
0.320450
0.330275
0.330650
0.331550
0.332150
0.342550
0.345575
0.348700
0.350175
0.355300
0.358400
0.368100
0.371800
0.377725
0.386025
0.388000
0.392475
0.394425
0.397800
0.399700
0.407150
0.412550
0.414050
0.417975
0.418375
0.427725
0.444500
0.445225
0.452775
0.453700
0.455300
0.456225
0.470800
0.473525
0.478500
0.480700
0.483150
0.483375
0.487150
0.495600
0.508625
0.517075
0.517275
0.517875
0.518650
0.520500
0.524350
0.527400
0.532250
0.534800
0.535050
0.540250
0.547750
0.549775
0.551175
0.552725
0.557875
0.572500
0.582225
0.583100
0.587675
0.600100
0.600275
0.600625
0.606700
0.621500
0.623025
0.625875
0.628600
0.644075
0.653725
0.653950
0.654325
0.669350
0.674200
0.680125
0.684100
0.691400
0.695000
0.695475
0.695900
0.697825
0.707925
0.714075
0.718775
0.721900
0.729775
0.732900
0.739650
0.740400
0.744150
0.746450
0.747575
0.749925
0.756800
0.762825
0.764500
0.764850
0.767425
0.769125
0.777975
0.780725
0.781000
0.784400
0.791350
0.793825
0.800275
0.800650
0.805425
0.812375
0.813425
0.830600
0.838600
0.859825
0.869100
0.872675
0.874350
0.883250
0.884525
0.886300
0.886475
0.906950
0.923375
0.924075
0.927650
0.930725
0.934200
0.939650
0.978025
0.978100
0.989875
0.990600
0.998225
1.009250
1.025650
1.028900
1.029925
1.038425
1.047725
1.057600
1.065350
1.081875
1.088950
1.089900
1.100475
1.115800
1.131100
1.132200
1.133200
1.151725
1.161200
1.162825
1.198575
1.211975
1.250125
1.250150
1.254250
1.306350
1.319850
1.330375
1.343400
1.352350
1.361425
1.376675
1.477350
1.500975
1.505700
1.601575
1.617650
1.649550
1.723300
1.786750
1.792450
1.894175
1.904875
2.014100
2.254300
2.346275
2.446475
270
