0.009500
0.010825
0.022775
0.030600
0.031775
0.033000
0.035325
0.040000
0.040975
0.041850
0.057925
0.059175
0.061175
0.070300
0.072150
0.074050
0.079200
0.079875
0.080875
0.081475
0.081800
0.083800
0.086425
0.089100
0.090475
0.094875
0.095825
0.100350
0.101100
0.102325
0.111850
0.113925
0.114200
0.120025
0.120700
0.122350
0.132275
0.135425
0.139275
0.144000
0.145450
0.146325
0.157050
0.160250
0.162525
0.163400
0.167725
0.171950
0.179925
0.180350
0.182350
0.191150
0.194975
0.206050
0.216300
0.216325
0.217750
0.221950
0.223875
0.226600
0.232525
0.234275
0.234825
0.244050
0.252600
0.264500
0.268975
0.269975
0.271200
0.272775
0.283375
0.283950
0.287175
0.298725
0.299425
0.299750
0.301150
0.303275
0.310100
0.311075
0.312475
0.315400
0.316975
0.317475
0.326550
0.330000
0.331325
0.339475
0.340875
0.346850
0.347175
0.348825
0.350175
0.351250
0.355800
0.357375
0.358475
0.374225
0.375075
0.375550
0.380300
0.381175
0.387600
0.393425
0.403300
0.404600
0.407000
0.410250
0.428750
0.433100
0.433950
0.433950
0.443425
0.446650
0.451025
0.453550
0.458175
0.461825
0.465225
0.470375
0.482825
0.495800
0.497825
0.497875
0.516750
0.519925
0.521650
0.522075
0.530400
0.531525
0.540575
0.560700
0.561275
0.565200
0.572925
0.574075
0.581375
0.586100
0.592250
0.601275
0.602825
0.604300
0.610275
0.617950
0.619475
0.623375
0.624600
0.640650
0.640925
0.642325
0.644025
0.646575
0.650450
0.655500
0.660925
0.669575
0.676925
0.677700
0.680175
0.693400
0.699425
0.718075
0.720950
0.723950
0.733325
0.735950
0.761450
0.761925
0.762275
0.763925
0.770850
0.775600
0.777775
0.777800
0.780450
0.782550
0.791425
0.798825
0.800600
0.815375
0.816300
0.820875
0.821775
0.822075
0.822175
0.828650
0.837950
0.839350
0.844925
0.850850
0.856775
0.860300
0.866150
0.868025
0.908075
0.913000
0.915275
0.922775
0.925825
0.937025
0.943900
0.944875
0.946600
0.955300
0.980525
0.984900
0.987725
0.990300
0.990775
0.993725
0.999425
1.000725
1.005750
1.009575
1.011575
1.017100
1.040350
1.053400
1.085775
1.101950
1.103475
1.116225
1.127025
1.137025
1.146425
1.149950
1.153800
1.153950
1.160050
1.180700
1.188625
1.216700
1.221550
1.226200
1.269325
1.330475
1.368075
1.368075
1.381675
1.386525
1.402300
1.407000
1.427250
1.488775
1.495775
1.498225
1.498425
1.512250
1.527025
1.554875
1.638100
1.700725
1.720250
1.734875
1.856550
1.923925
1.924900
1.946625
2.131600
2.222925
2.299050
2.337375
2.348850
263
