0.007250
0.007375
0.008775
0.009250
0.010825
0.014250
0.016675
0.017050
0.017575
0.020975
0.024875
0.025400
0.026550
0.027150
0.030800
0.037350
0.037375
0.037700
0.041050
0.051475
0.055750
0.062125
0.064375
0.078375
0.078625
0.081400
0.087300
0.092800
0.098800
0.098825
0.111375
0.112400
0.113275
0.114125
0.115950
0.123000
0.129925
0.140550
0.141575
0.146300
0.147100
0.160300
0.169975
0.185950
0.186700
0.203150
0.205700
0.207975
0.216175
0.222200
0.226075
0.227425
0.238425
0.242425
0.244750
0.246100
0.249000
0.254675
0.256325
0.257525
0.258925
0.259775
0.262400
0.265525
0.265575
0.276025
0.276150
0.277900
0.278825
0.280825
0.289750
0.290750
0.297125
0.300350
0.301950
0.318400
0.321125
0.327500
0.331450
0.332600
0.339300
0.342500
0.345625
0.348450
0.350750
0.356475
0.357900
0.360375
0.363400
0.364900
0.366675
0.367175
0.367225
0.369825
0.370225
0.373750
0.387675
0.390825
0.396325
0.415025
0.422825
0.422925
0.423075
0.432250
0.435925
0.437025
0.443950
0.444725
0.444825
0.445525
0.445725
0.446625
0.455250
0.455775
0.456500
0.458875
0.459950
0.465175
0.472650
0.474150
0.480875
0.484525
0.490475
0.490800
0.504950
0.505525
0.506400
0.509650
0.514875
0.515125
0.524325
0.527225
0.534625
0.536875
0.541150
0.542300
0.548350
0.551600
0.555925
0.558525
0.559375
0.574625
0.575575
0.588850
0.590500
0.593150
0.605375
0.615500
0.615750
0.630425
0.631025
0.633825
0.634925
0.635250
0.638825
0.638925
0.639125
0.640550
0.640600
0.641650
0.645775
0.651975
0.656900
0.661850
0.666025
0.668300
0.673475
0.677700
0.679125
0.681875
0.684100
0.686200
0.693100
0.701700
0.702050
0.706775
0.707125
0.707950
0.714475
0.716075
0.718650
0.720825
0.725300
0.730725
0.737000
0.746050
0.746700
0.753425
0.763350
0.763550
0.763950
0.774925
0.777675
0.783525
0.792000
0.795300
0.806875
0.809925
0.813850
0.818200
0.823000
0.829425
0.830275
0.836100
0.840675
0.851525
0.855175
0.875900
0.880075
0.886300
0.887475
0.893175
0.898400
0.901700
0.905150
0.909900
0.937200
0.942050
0.945875
0.948775
0.960900
0.962050
0.966025
0.967000
0.967375
0.976975
0.985250
0.990075
1.001250
1.008125
1.013875
1.014175
1.067350
1.087575
1.091625
1.100375
1.124475
1.134325
1.134925
1.146600
1.161700
1.164825
1.177475
1.183625
1.212025
1.223600
1.245225
1.245625
1.255750
1.276800
1.298250
1.299650
1.308525
1.312275
1.315550
1.317900
1.338075
1.344425
1.346225
1.350350
1.391050
1.440475
1.443750
1.480000
1.732500
2.014675
266
