0.003900
0.006850
0.009425
0.009575
0.013100
0.014625
0.018325
0.022575
0.022700
0.023225
0.023250
0.028025
0.029175
0.038875
0.039375
0.040200
0.044475
0.050600
0.057875
0.060200
0.062175
0.063325
0.063350
0.064600
0.080175
0.080400
0.084175
0.087675
0.088675
0.090375
0.099525
0.100100
0.110925
0.112425
0.128625
0.129900
0.130750
0.134450
0.139550
0.141025
0.143925
0.144175
0.153375
0.163125
0.165525
0.168875
0.169400
0.171575
0.172750
0.175200
0.177000
0.179275
0.181475
0.185625
0.190750
0.194075
0.200950
0.207875
0.214750
0.222075
0.222175
0.229300
0.232125
0.233625
0.240800
0.244025
0.251350
0.282400
0.286050
0.292175
0.298250
0.299925
0.305475
0.321550
0.322700
0.322775
0.328700
0.329875
0.339875
0.341325
0.342950
0.346675
0.348650
0.349450
0.350150
0.363575
0.367550
0.367750
0.375875
0.376050
0.385350
0.394700
0.398625
0.399375
0.401075
0.407625
0.408400
0.410275
0.417100
0.417375
0.424575
0.425650
0.428300
0.430325
0.436300
0.442600
0.444275
0.479550
0.481075
0.489525
0.494700
0.495150
0.502650
0.503550
0.503975
0.504850
0.509825
0.530250
0.530625
0.534925
0.542900
0.551025
0.558050
0.558325
0.571025
0.571675
0.581575
0.582475
0.582725
0.589675
0.593750
0.595525
0.597875
0.599450
0.600400
0.606175
0.607050
0.607375
0.608475
0.609475
0.611100
0.622625
0.626500
0.643650
0.644675
0.648900
0.650025
0.651050
0.653000
0.654550
0.654925
0.657525
0.662825
0.671300
0.676450
0.677200
0.678275
0.678875
0.682050
0.682775
0.684275
0.688850
0.690825
0.691125
0.692650
0.712725
0.714150
0.715775
0.718200
0.726325
0.732025
0.733300
0.742775
0.748950
0.749525
0.749825
0.750050
0.751800
0.763950
0.767550
0.772325
0.775800
0.778550
0.785700
0.789825
0.797900
0.802950
0.804000
0.812250
0.815025
0.817450
0.833675
0.842025
0.866150
0.873000
0.874500
0.876600
0.882500
0.884150
0.895725
0.899400
0.902225
0.906250
0.921475
0.921625
0.925275
0.926500
0.929825
0.931050
0.941600
0.950675
0.957175
0.959125
0.962550
0.968100
0.975225
0.978575
0.978950
0.979500
1.003200
1.009825
1.021950
1.023775
1.027000
1.053650
1.063700
1.071150
1.085400
1.090525
1.092100
1.093275
1.105975
1.107625
1.146525
1.172525
1.206125
1.223175
1.232375
1.257075
1.275400
1.285850
1.374950
1.406575
1.415875
1.442025
1.464675
1.498400
1.499200
1.523875
1.540325
1.558975
1.606975
1.665125
1.733650
1.734575
1.839325
1.846775
1.854325
1.925775
2.131250
2.136350
2.200300
2.402275
263
