0.006825
0.012275
0.019300
0.026575
0.035975
0.041025
0.042950
0.051775
0.054700
0.055875
0.060675
0.065225
0.065400
0.071925
0.075050
0.076000
0.080475
0.083700
0.093475
0.097150
0.098300
0.100400
0.110125
0.111175
0.112825
0.113125
0.113875
0.117450
0.121075
0.127750
0.132925
0.134950
0.140550
0.145525
0.146475
0.149650
0.152075
0.153850
0.159250
0.159250
0.164725
0.172150
0.175525
0.176525
0.177825
0.179850
0.182075
0.183175
0.189350
0.194300
0.198850
0.206700
0.208100
0.209350
0.210525
0.214525
0.216925
0.220450
0.259800
0.263900
0.265575
0.267200
0.270950
0.275875
0.280100
0.282800
0.293325
0.298550
0.306875
0.307075
0.308950
0.313875
0.331300
0.337125
0.340625
0.341900
0.343075
0.343300
0.349325
0.350300
0.351375
0.364000
0.386725
0.391450
0.392350
0.399950
0.403000
0.422775
0.426700
0.427375
0.427525
0.435375
0.436525
0.438650
0.445100
0.449975
0.452175
0.452400
0.453450
0.458550
0.471775
0.481850
0.482800
0.484300
0.489250
0.489350
0.489900
0.490200
0.490875
0.495375
0.500600
0.505225
0.505500
0.506500
0.512350
0.515700
0.518500
0.524100
0.528825
0.529000
0.530600
0.537150
0.541525
0.548350
0.552650
0.553400
0.553900
0.557650
0.559075
0.565800
0.574475
0.575875
0.583000
0.588725
0.593400
0.595850
0.611000
0.618375
0.620350
0.628875
0.628925
0.629025
0.629200
0.630025
0.636425
0.644775
0.645350
0.656900
0.658675
0.661725
0.666200
0.666850
0.668025
0.691950
0.692275
0.694450
0.702200
0.721000
0.723725
0.726200
0.726750
0.726925
0.732450
0.732725
0.734450
0.736175
0.739175
0.745775
0.755150
0.759050
0.766050
0.785600
0.788375
0.788750
0.789125
0.796500
0.814225
0.830500
0.834950
0.842900
0.843050
0.845600
0.845725
0.855950
0.862925
0.868025
0.870225
0.872275
0.874550
0.888800
0.900925
0.903450
0.906625
0.908400
0.913100
0.914350
0.915025
0.916275
0.917525
0.932125
0.933075
0.937800
0.939950
0.941450
0.955375
0.960975
0.975925
0.982525
1.020675
1.021950
1.028950
1.039825
1.045450
1.058975
1.064700
1.065175
1.076575
1.086425
1.093925
1.120550
1.121050
1.135575
1.146675
1.149900
1.152350
1.155850
1.156375
1.156500
1.157275
1.159575
1.175375
1.195550
1.198225
1.203950
1.227225
1.234600
1.235100
1.259700
1.263150
1.286775
1.303500
1.326600
1.360150
1.436900
1.439375
1.439975
1.445625
1.533800
1.548450
1.591450
1.610700
1.667375
1.674100
1.718375
1.734050
1.749025
1.890250
1.905500
1.956525
1.962575
1.979950
2.030650
2.041350
2.068550
2.104675
2.128400
2.156800
2.160500
268
