0.001950
0.010550
0.015600
0.019625
0.025250
0.030150
0.032425
0.033225
0.035725
0.036100
0.037350
0.040700
0.041725
0.045675
0.045825
0.049400
0.056700
0.066800
0.067975
0.077625
0.085700
0.096175
0.096700
0.097725
0.098650
0.100750
0.102175
0.113175
0.117650
0.119625
0.122325
0.126675
0.139925
0.141500
0.142825
0.144800
0.146425
0.147500
0.150425
0.159950
0.165775
0.167850
0.169150
0.169675
0.171875
0.187175
0.190200
0.191600
0.194100
0.214375
0.223025
0.243925
0.249850
0.260275
0.262175
0.268325
0.271950
0.287900
0.288175
0.304225
0.309275
0.317475
0.318550
0.318650
0.320050
0.327750
0.328950
0.330725
0.331425
0.335625
0.340450
0.341700
0.346775
0.348375
0.349375
0.353250
0.354375
0.364300
0.367425
0.374675
0.376075
0.376875
0.377400
0.377825
0.378200
0.380275
0.380775
0.394300
0.397875
0.399800
0.402150
0.406800
0.415675
0.417500
0.420450
0.421800
0.428975
0.433200
0.435425
0.440150
0.445150
0.448425
0.449400
0.452650
0.456475
0.461075
0.465775
0.471125
0.475400
0.476025
0.477075
0.481775
0.485350
0.490925
0.495725
0.496775
0.501300
0.504175
0.509350
0.511225
0.511875
0.516175
0.517100
0.529175
0.529525
0.532800
0.537550
0.539475
0.546250
0.548500
0.549750
0.552450
0.554275
0.558575
0.560750
0.562200
0.562275
0.562500
0.570550
0.574350
0.574500
0.575075
0.584000
0.586325
0.589625
0.591150
0.593300
0.594975
0.595475
0.600700
0.611000
0.612700
0.623900
0.627550
0.629725
0.633575
0.633900
0.638050
0.641725
0.648050
0.648125
0.649575
0.655800
0.656200
0.656725
0.665975
0.668150
0.671775
0.679725
0.684275
0.694450
0.696950
0.696975
0.700850
0.706900
0.707375
0.707400
0.707650
0.709675
0.712875
0.729600
0.740350
0.745950
0.751775
0.752975
0.755275
0.765375
0.766275
0.766425
0.766750
0.769425
0.770200
0.782925
0.791400
0.798825
0.801425
0.809475
0.824050
0.825975
0.834450
0.855150
0.857175
0.862600
0.872250
0.878850
0.885950
0.887875
0.892500
0.893225
0.899575
0.908225
0.911150
0.913175
0.917275
0.921150
0.923575
0.941925
0.943225
0.949950
0.952775
0.964025
0.967725
0.975675
0.985575
0.993450
1.006650
1.021600
1.023550
1.025800
1.026075
1.033725
1.033800
1.049400
1.049800
1.059150
1.060925
1.084575
1.105600
1.107050
1.112675
1.130525
1.133025
1.138200
1.143550
1.152850
1.191625
1.206300
1.207675
1.228200
1.229375
1.253675
1.285000
1.286125
1.327850
1.338850
1.339000
1.350275
1.357650
1.391600
1.399900
1.400525
1.409050
1.412875
1.412900
1.420575
1.451025
1.507875
1.544950
1.576900
1.587100
1.601150
1.619900
1.620575
1.740900
1.749075
1.782275
1.797100
1.854200
1.953450
1.981625
2.200900
281
