0.027800
0.028050
0.028200
0.028875
0.036175
0.036375
0.037350
0.039500
0.043700
0.043925
0.046375
0.050875
0.051025
0.056100
0.064725
0.067950
0.069925
0.072500
0.075150
0.077225
0.079825
0.080050
0.080150
0.086325
0.086525
0.087750
0.094950
0.099450
0.100175
0.100625
0.115600
0.120825
0.120975
0.133950
0.141500
0.146225
0.150550
0.154325
0.155800
0.159175
0.172825
0.173225
0.176700
0.185100
0.187775
0.188075
0.189275
0.196675
0.198675
0.204925
0.216800
0.217800
0.221700
0.222000
0.226950
0.234350
0.243725
0.245750
0.251550
0.254825
0.255550
0.255875
0.260575
0.260675
0.266900
0.268450
0.276575
0.280125
0.283950
0.286225
0.286900
0.293975
0.300900
0.302175
0.312800
0.318675
0.325500
0.330950
0.333425
0.333825
0.335275
0.336750
0.337675
0.339275
0.344100
0.347175
0.349925
0.353550
0.362475
0.366525
0.369225
0.371600
0.376175
0.377850
0.383050
0.393425
0.399525
0.403500
0.405900
0.418800
0.429975
0.431950
0.435700
0.437200
0.441850
0.449700
0.450200
0.457925
0.457950
0.462400
0.463675
0.480850
0.483250
0.484225
0.485750
0.486350
0.487225
0.492725
0.493275
0.496725
0.498300
0.502875
0.503275
0.505575
0.512200
0.513625
0.515125
0.517975
0.520500
0.526200
0.530000
0.539575
0.541200
0.542850
0.543250
0.546775
0.548800
0.550175
0.551200
0.562850
0.569450
0.591100
0.593075
0.594800
0.596225
0.596900
0.597675
0.606050
0.606300
0.609375
0.613850
0.614250
0.614450
0.622850
0.623800
0.624100
0.630325
0.637100
0.637725
0.644000
0.644850
0.649700
0.653875
0.659100
0.671525
0.684100
0.685850
0.686525
0.686875
0.687625
0.691400
0.691750
0.691850
0.694425
0.696775
0.703150
0.704425
0.710675
0.712050
0.712150
0.714675
0.719650
0.721575
0.728825
0.738000
0.740025
0.741125
0.748550
0.753950
0.763675
0.765725
0.769050
0.772325
0.774200
0.777825
0.777875
0.782650
0.783700
0.793800
0.796700
0.797200
0.797850
0.798800
0.811450
0.816225
0.816775
0.818300
0.820475
0.822225
0.829550
0.848700
0.850225
0.854050
0.856025
0.868900
0.869950
0.871775
0.875000
0.879350
0.886775
0.888825
0.891100
0.902875
0.903275
0.909425
0.913075
0.917700
0.921675
0.949600
0.962700
0.970900
0.973450
0.980100
0.989200
0.992475
1.021650
1.040825
1.045800
1.047250
1.066400
1.096375
1.108600
1.125625
1.144325
1.146125
1.153000
1.159175
1.161150
1.181925
1.207175
1.211800
1.214675
1.225200
1.232525
1.240000
1.243975
1.265250
1.266725
1.287125
1.292725
1.306275
1.334000
1.360850
1.386800
1.416950
1.421250
1.443325
1.458675
1.471925
1.473275
1.475775
1.483750
1.494025
1.590225
1.618525
1.711275
1.753775
1.761050
1.842250
1.969075
280
