0.013850
0.022775
0.026100
0.034550
0.038400
0.045750
0.048650
0.053575
0.055300
0.065425
0.067000
0.070500
0.072675
0.074425
0.085375
0.087525
0.088300
0.096325
0.098975
0.105650
0.106625
0.113975
0.123400
0.134700
0.135800
0.137800
0.141725
0.146950
0.149450
0.157850
0.161600
0.161850
0.163750
0.165300
0.171525
0.173025
0.182075
0.183925
0.193225
0.201525
0.209650
0.210025
0.210450
0.211500
0.211850
0.212700
0.233625
0.241400
0.244350
0.248050
0.257775
0.260600
0.270150
0.277250
0.280225
0.282675
0.283075
0.292200
0.298850
0.306775
0.310875
0.318425
0.323700
0.329075
0.332075
0.342250
0.342975
0.344450
0.345675
0.352875
0.361225
0.362450
0.367000
0.368550
0.371975
0.375400
0.376025
0.376050
0.391675
0.392450
0.396000
0.397475
0.400325
0.400900
0.401475
0.410150
0.410525
0.422250
0.422950
0.424850
0.425000
0.428700
0.429875
0.436400
0.436525
0.447075
0.449150
0.450375
0.451575
0.460075
0.462225
0.462450
0.463700
0.463900
0.477000
0.478450
0.478625
0.479850
0.484775
0.506450
0.507550
0.511000
0.515600
0.519475
0.522375
0.522400
0.530375
0.532050
0.537600
0.540900
0.544300
0.550825
0.560200
0.566125
0.567800
0.571525
0.572450
0.573300
0.578175
0.578450
0.580950
0.581850
0.590975
0.592125
0.595875
0.596475
0.598475
0.603250
0.608975
0.617350
0.617675
0.617800
0.625050
0.634700
0.642000
0.658300
0.661675
0.672950
0.676575
0.692150
0.693500
0.696475
0.702950
0.715000
0.715275
0.715925
0.717125
0.722675
0.726175
0.729200
0.737100
0.738925
0.747425
0.757550
0.759250
0.759450
0.762875
0.769200
0.769325
0.776000
0.783450
0.793600
0.800150
0.803850
0.811450
0.812775
0.817700
0.822425
0.826400
0.834100
0.834250
0.835100
0.836600
0.842600
0.848150
0.853100
0.853350
0.856300
0.857000
0.862425
0.864625
0.866700
0.870225
0.873100
0.873250
0.882725
0.886675
0.896275
0.903850
0.909175
0.918950
0.929100
0.932175
0.932975
0.934925
0.939350
0.950575
0.957675
0.961175
0.965175
0.978875
0.993100
0.994100
1.007850
1.032800
1.033200
1.034200
1.057075
1.061950
1.088575
1.100000
1.103475
1.110725
1.112525
1.152300
1.152675
1.169225
1.171500
1.174825
1.190075
1.199500
1.227950
1.238900
1.277175
1.282475
1.287600
1.345000
1.353325
1.369600
1.533150
1.592375
1.631850
1.633650
1.646975
1.799625
1.836225
1.932950
2.008050
2.385175
249
