0.006200
0.007400
0.010500
0.019200
0.029500
0.041850
0.042600
0.046650
0.050400
0.050600
0.053825
0.058025
0.058125
0.060550
0.066850
0.069675
0.073000
0.073900
0.074750
0.075550
0.083550
0.083925
0.093100
0.093700
0.094750
0.098000
0.100325
0.103075
0.103075
0.103825
0.108325
0.119175
0.119650
0.120600
0.120750
0.124550
0.124625
0.127225
0.134150
0.139575
0.143075
0.145750
0.145975
0.163625
0.163675
0.179650
0.183850
0.189025
0.198850
0.199550
0.200400
0.203675
0.204950
0.205350
0.207600
0.208650
0.210050
0.214600
0.228950
0.236850
0.237225
0.243850
0.248950
0.254175
0.257350
0.260700
0.261200
0.266550
0.272750
0.280250
0.286650
0.287250
0.289425
0.298850
0.302125
0.306475
0.311175
0.312325
0.312625
0.324175
0.326350
0.328125
0.331075
0.345225
0.347025
0.348100
0.348400
0.368425
0.374600
0.376675
0.376700
0.379475
0.380825
0.394125
0.394475
0.403350
0.410875
0.418450
0.422150
0.427325
0.429925
0.432525
0.443725
0.449950
0.455650
0.460325
0.461025
0.464200
0.465125
0.465400
0.467825
0.475400
0.482900
0.483950
0.486225
0.487900
0.488900
0.500625
0.510475
0.511925
0.514925
0.515000
0.517050
0.522350
0.532075
0.536375
0.542900
0.543200
0.545650
0.546325
0.551675
0.552150
0.552950
0.577050
0.577125
0.586900
0.587650
0.608400
0.614175
0.614350
0.614850
0.614975
0.618375
0.632600
0.642300
0.650600
0.652750
0.654750
0.655800
0.656300
0.670825
0.671975
0.678825
0.682650
0.686125
0.689650
0.693725
0.696150
0.703525
0.705250
0.712275
0.714875
0.715350
0.717900
0.718725
0.728300
0.737900
0.742950
0.746775
0.749175
0.762825
0.763825
0.764375
0.765300
0.768925
0.770400
0.771000
0.772075
0.787000
0.811525
0.813825
0.815925
0.822825
0.825250
0.833600
0.839100
0.844850
0.851000
0.851525
0.853000
0.856100
0.856200
0.858575
0.859500
0.878725
0.879825
0.882775
0.886425
0.895725
0.900800
0.912825
0.920500
0.926125
0.969275
0.972600
0.997300
1.005800
1.007500
1.009150
1.011300
1.013925
1.022475
1.027150
1.033350
1.051400
1.052750
1.079450
1.080600
1.120425
1.134975
1.152875
1.164425
1.179825
1.189425
1.208675
1.217625
1.218225
1.221125
1.235475
1.236300
1.251750
1.254800
1.261300
1.271250
1.274525
1.280275
1.283000
1.297000
1.322600
1.333475
1.337375
1.346950
1.366650
1.448475
1.463250
1.463575
1.476550
1.490650
1.619025
1.646000
1.668025
1.700400
1.727600
1.774550
1.832600
1.879075
1.928900
2.157825
2.223950
2.275375
260
