0.004525
0.018075
0.023750
0.024375
0.036675
0.036975
0.042000
0.044425
0.053100
0.056600
0.078400
0.080725
0.086300
0.094475
0.099825
0.110525
0.112725
0.118275
0.123050
0.147575
0.150350
0.153125
0.153425
0.153450
0.161175
0.167425
0.168575
0.171300
0.175475
0.186275
0.190500
0.191450
0.193500
0.196000
0.199700
0.208675
0.209475
0.210875
0.211650
0.212975
0.215675
0.215800
0.216725
0.223250
0.223425
0.231825
0.234275
0.235300
0.235375
0.237750
0.240525
0.247875
0.252350
0.264600
0.265100
0.265175
0.275325
0.280875
0.281800
0.289925
0.296500
0.300250
0.303225
0.306175
0.310825
0.313300
0.317175
0.322475
0.329875
0.331750
0.334950
0.340175
0.342625
0.343075
0.344000
0.353675
0.365950
0.370500
0.376450
0.377500
0.382550
0.384125
0.385625
0.386050
0.388900
0.389125
0.391025
0.391350
0.396050
0.411450
0.412150
0.419800
0.419900
0.428250
0.431100
0.437350
0.443375
0.452550
0.454325
0.455000
0.456875
0.463000
0.466475
0.468175
0.471850
0.475100
0.479300
0.488325
0.490500
0.498850
0.501775
0.504250
0.507675
0.513550
0.515375
0.530125
0.530525
0.539650
0.540650
0.541700
0.543075
0.561675
0.564550
0.568900
0.573675
0.577250
0.578025
0.586875
0.595000
0.598425
0.599175
0.601800
0.626025
0.629450
0.638075
0.642375
0.646375
0.646600
0.649475
0.657200
0.661400
0.684875
0.690600
0.691325
0.702475
0.707775
0.714150
0.715000
0.718075
0.722650
0.730100
0.731475
0.736450
0.738725
0.740925
0.741250
0.743650
0.744425
0.749750
0.750125
0.751850
0.751950
0.755000
0.764500
0.773250
0.774425
0.781225
0.782500
0.790725
0.795175
0.797725
0.807025
0.808250
0.813700
0.850750
0.855925
0.858550
0.864800
0.873350
0.884050
0.887950
0.904375
0.908250
0.910600
0.911200
0.915525
0.920725
0.922250
0.924600
0.929525
0.939725
0.947775
0.951025
0.966675
0.976475
0.983925
0.987125
1.021525
1.031375
1.032150
1.040800
1.049875
1.057875
1.066550
1.076750
1.078850
1.093600
1.097375
1.103700
1.117850
1.118375
1.129600
1.152850
1.160900
1.167300
1.171675
1.180350
1.202625
1.221950
1.234825
1.278300
1.299675
1.347300
1.384150
1.388675
1.413850
1.456025
1.485650
1.488075
1.498250
1.524150
1.541600
1.554475
1.599825
1.650275
1.678200
1.817725
1.974975
2.236550
2.466600
2.490275
241
