0.001950
0.007450
0.016875
0.021500
0.027450
0.039075
0.054125
0.054400
0.057575
0.072450
0.081200
0.082625
0.087425
0.092650
0.095075
0.095175
0.102950
0.109050
0.116400
0.117350
0.125575
0.134375
0.139725
0.159225
0.170350
0.171200
0.172725
0.174525
0.177325
0.177750
0.177825
0.178375
0.180600
0.182900
0.192300
0.192700
0.202675
0.218800
0.218975
0.219225
0.222575
0.227900
0.228700
0.229525
0.233825
0.236525
0.243275
0.243425
0.244825
0.246325
0.248125
0.254800
0.255400
0.255825
0.261325
0.261350
0.262900
0.266525
0.277275
0.279500
0.280550
0.286875
0.288100
0.293725
0.296375
0.297825
0.303475
0.305350
0.306350
0.307675
0.327925
0.333675
0.348650
0.349425
0.353575
0.356400
0.365625
0.370300
0.374925
0.379425
0.385675
0.386525
0.394775
0.407725
0.412425
0.413425
0.414625
0.416900
0.418425
0.421900
0.422025
0.423000
0.431750
0.432375
0.437900
0.438550
0.442450
0.442800
0.452725
0.452925
0.456450
0.458450
0.466800
0.469800
0.471575
0.475050
0.476300
0.478925
0.490075
0.492575
0.499100
0.504625
0.507775
0.509200
0.509250
0.514600
0.517800
0.527150
0.529500
0.537200
0.547275
0.573075
0.574725
0.583375
0.584325
0.588600
0.589850
0.590750
0.606125
0.608575
0.609450
0.614850
0.627175
0.643025
0.643500
0.646525
0.647300
0.648800
0.649750
0.652625
0.654850
0.658750
0.663150
0.699200
0.719625
0.722450
0.724175
0.728400
0.730925
0.733400
0.734200
0.734775
0.739775
0.741050
0.741150
0.746100
0.750625
0.752375
0.755400
0.760875
0.762200
0.763450
0.766425
0.773250
0.774600
0.779225
0.779600
0.780475
0.788350
0.794000
0.800925
0.808975
0.809300
0.813250
0.815600
0.819200
0.825700
0.829875
0.837275
0.860550
0.861675
0.863050
0.865800
0.871450
0.874675
0.893875
0.896025
0.896750
0.898275
0.906075
0.912200
0.921925
0.922825
0.934150
0.936100
0.940975
0.945675
0.947325
0.948175
0.955450
0.957400
0.958500
0.960150
0.962400
0.968350
0.972250
0.972575
0.972825
0.989475
1.007025
1.007200
1.009025
1.016775
1.028800
1.029375
1.033575
1.035675
1.050850
1.056225
1.058500
1.060200
1.060350
1.065175
1.066775
1.067625
1.069850
1.070225
1.081525
1.084125
1.096350
1.096550
1.112675
1.120700
1.123550
1.125900
1.151600
1.165050
1.189100
1.210475
1.213500
1.219550
1.229575
1.229925
1.335375
1.341075
1.365450
1.395350
1.399850
1.408675
1.426625
1.436175
1.497700
1.567225
1.583700
1.630325
1.694025
1.788225
1.835075
1.938850
1.981925
2.108825
2.249900
262
