0.002000
0.004700
0.009575
0.013875
0.014325
0.015575
0.021050
0.022975
0.026900
0.028325
0.034175
0.046275
0.058100
0.065650
0.071525
0.077000
0.078025
0.088025
0.088175
0.090275
0.091225
0.101750
0.102450
0.109250
0.109775
0.110400
0.114875
0.114900
0.117450
0.121950
0.131050
0.134100
0.137100
0.139050
0.147075
0.147250
0.148400
0.149225
0.161400
0.166000
0.172625
0.181625
0.184050
0.184425
0.191000
0.192775
0.218050
0.226900
0.230325
0.237325
0.237975
0.238525
0.247025
0.248675
0.256875
0.265075
0.266725
0.269175
0.270575
0.277675
0.280625
0.283900
0.283950
0.283975
0.289925
0.291100
0.294675
0.298250
0.298950
0.301800
0.303875
0.304050
0.315900
0.318375
0.325000
0.328825
0.331150
0.333275
0.338050
0.340375
0.343350
0.359700
0.375850
0.385650
0.392850
0.397550
0.400225
0.408000
0.415500
0.415725
0.416150
0.417575
0.421700
0.426325
0.444975
0.446675
0.459975
0.461325
0.461525
0.462325
0.463425
0.467775
0.468300
0.468600
0.469525
0.480125
0.484700
0.487100
0.487850
0.488425
0.492550
0.500175
0.503575
0.511000
0.511900
0.515475
0.516150
0.524900
0.528975
0.529275
0.530350
0.533025
0.535200
0.535700
0.542300
0.543850
0.544575
0.546450
0.550075
0.551875
0.552100
0.555375
0.558775
0.561875
0.572625
0.572950
0.578575
0.579475
0.579800
0.582175
0.584150
0.585850
0.595375
0.597925
0.598275
0.601125
0.613750
0.617575
0.617950
0.619875
0.649650
0.654625
0.654850
0.655450
0.657475
0.666775
0.669975
0.671675
0.673175
0.683500
0.684100
0.697400
0.697425
0.701000
0.701225
0.717575
0.718700
0.727975
0.730350
0.736700
0.743350
0.746750
0.749175
0.757525
0.760175
0.767925
0.772175
0.777750
0.781500
0.784975
0.792600
0.795975
0.797375
0.808450
0.811700
0.813975
0.824900
0.830800
0.834900
0.840200
0.845775
0.865325
0.879600
0.882600
0.885550
0.897925
0.903950
0.918200
0.925725
0.928875
0.933525
0.935725
0.940000
0.940950
0.943900
0.945200
0.945350
0.945900
0.963200
0.971225
0.979050
0.983725
0.987450
0.990600
0.994550
0.997425
1.010925
1.013875
1.023450
1.025525
1.032200
1.044725
1.053750
1.059050
1.075650
1.103250
1.111425
1.134000
1.135975
1.144550
1.156300
1.173250
1.188000
1.199775
1.201925
1.203775
1.222550
1.223875
1.224425
1.243725
1.246500
1.250750
1.271050
1.313625
1.322000
1.331100
1.367925
1.422400
1.488025
1.491225
1.512825
1.573675
1.614000
1.618125
1.652900
1.706075
1.827750
1.856450
1.925550
2.021800
2.084675
2.239275
2.340350
2.479550
264
