0.001500
0.005900
0.009550
0.009850
0.011500
0.018500
0.018900
0.019900
0.039275
0.044700
0.048750
0.052450
0.058875
0.066475
0.069750
0.070700
0.079450
0.080325
0.084425
0.093500
0.100850
0.103450
0.117375
0.119500
0.119775
0.120675
0.122125
0.126550
0.127575
0.142225
0.143950
0.147825
0.148925
0.159500
0.170950
0.178850
0.186100
0.192800
0.198500
0.206675
0.207125
0.212900
0.213100
0.218800
0.219225
0.221050
0.224975
0.225550
0.231350
0.233400
0.235050
0.243875
0.245225
0.267100
0.270125
0.271500
0.272450
0.279800
0.280225
0.285075
0.289950
0.315875
0.316200
0.316475
0.320350
0.320375
0.321450
0.326500
0.329800
0.333275
0.336825
0.340925
0.341800
0.345500
0.346150
0.346950
0.347125
0.347550
0.348775
0.352050
0.361600
0.362425
0.363350
0.373025
0.376750
0.385525
0.390375
0.391775
0.400650
0.406300
0.408000
0.408225
0.408800
0.411975
0.417075
0.424100
0.437650
0.440125
0.441000
0.445275
0.447175
0.450575
0.452000
0.457050
0.458325
0.469250
0.478850
0.482250
0.483475
0.483875
0.491325
0.495850
0.499375
0.500475
0.501350
0.506175
0.510150
0.514350
0.522000
0.522850
0.526300
0.528275
0.532150
0.533925
0.539225
0.546850
0.560525
0.562425
0.565275
0.566200
0.566500
0.569500
0.571100
0.581025
0.589500
0.591825
0.596525
0.605650
0.608325
0.611700
0.611875
0.613050
0.614200
0.614650
0.620000
0.624750
0.625900
0.627050
0.629775
0.634700
0.636300
0.637025
0.638450
0.644825
0.645150
0.645275
0.659475
0.661175
0.664725
0.664875
0.667475
0.668675
0.672000
0.680650
0.681850
0.682050
0.685325
0.692725
0.693875
0.702700
0.706800
0.711475
0.712700
0.723875
0.725925
0.742725
0.747575
0.771125
0.771750
0.774375
0.775125
0.776375
0.779750
0.783800
0.787875
0.799175
0.799450
0.804400
0.808075
0.808625
0.820475
0.821575
0.839375
0.841450
0.843650
0.844850
0.845125
0.848700
0.857450
0.864100
0.868525
0.871200
0.883600
0.890725
0.890975
0.895125
0.898175
0.906425
0.913475
0.914175
0.915750
0.920000
0.923425
0.924100
0.934750
0.938450
0.941600
0.954650
0.961075
0.966325
0.983700
0.987200
0.987200
0.993025
0.993050
1.001925
1.019825
1.026825
1.031075
1.036425
1.037675
1.051725
1.054650
1.083675
1.104475
1.106350
1.128400
1.130325
1.190875
1.190975
1.196475
1.197275
1.199675
1.200975
1.227200
1.229125
1.244100
1.244600
1.258825
1.284325
1.294875
1.301900
1.305175
1.307975
1.337200
1.359600
1.395650
1.428300
1.438975
1.470750
1.497500
1.605525
1.630775
1.656550
1.859950
1.866025
1.912625
1.953175
2.020225
2.180775
270
