0.004725
0.005825
0.006375
0.007425
0.018775
0.021550
0.024025
0.026600
0.035650
0.040800
0.044825
0.057475
0.062100
0.066325
0.070500
0.080200
0.085350
0.093675
0.097050
0.102450
0.104300
0.108450
0.116000
0.118700
0.130225
0.133625
0.138500
0.144700
0.145675
0.150950
0.162450
0.165075
0.165400
0.168525
0.171875
0.174575
0.177300
0.184575
0.187650
0.201975
0.209400
0.214800
0.216175
0.219450
0.224325
0.228450
0.236950
0.239125
0.240575
0.246850
0.249225
0.250700
0.252000
0.262700
0.264050
0.268600
0.272250
0.272750
0.286275
0.297200
0.303275
0.305475
0.309625
0.311050
0.313950
0.315650
0.318100
0.326825
0.335700
0.340900
0.342225
0.342725
0.345350
0.349350
0.350125
0.351850
0.356600
0.357150
0.358225
0.358950
0.368275
0.377950
0.383350
0.384750
0.384950
0.391475
0.391775
0.396725
0.407425
0.412100
0.415725
0.419350
0.426500
0.426500
0.429425
0.432225
0.435075
0.440575
0.443800
0.446975
0.450400
0.450700
0.451850
0.462700
0.468100
0.470000
0.470775
0.478675
0.485775
0.487425
0.487725
0.494600
0.496175
0.503775
0.504900
0.509750
0.516700
0.518900
0.520725
0.521450
0.535775
0.535875
0.541900
0.547450
0.552375
0.560050
0.560850
0.577150
0.596125
0.598200
0.599400
0.600000
0.603175
0.618500
0.619450
0.623500
0.630575
0.631725
0.636850
0.642825
0.650175
0.655225
0.656825
0.663600
0.667200
0.677300
0.688275
0.688550
0.695300
0.696425
0.698425
0.702400
0.704650
0.711750
0.711975
0.712000
0.717225
0.721075
0.728750
0.742950
0.747425
0.749425
0.752500
0.755300
0.759250
0.761725
0.770425
0.783975
0.786450
0.789100
0.789775
0.801975
0.809900
0.812800
0.822050
0.823725
0.824325
0.824600
0.826575
0.844125
0.849425
0.854250
0.856775
0.857000
0.862750
0.866775
0.867225
0.869975
0.876975
0.882225
0.910225
0.911400
0.913775
0.921675
0.921850
0.951550
0.959525
0.960775
0.979000
0.986600
0.988850
0.999650
1.035075
1.035175
1.055450
1.075900
1.077350
1.107675
1.110325
1.112000
1.132575
1.143850
1.148600
1.156350
1.156825
1.178750
1.182525
1.185600
1.191875
1.216400
1.219050
1.241225
1.249425
1.254425
1.288775
1.292850
1.305500
1.331775
1.385700
1.407350
1.411775
1.424350
1.562500
1.563600
1.563675
1.567975
1.670600
1.880850
2.154550
2.174450
2.205575
2.205850
242
