0.000525
0.003925
0.006400
0.019925
0.026075
0.033800
0.038250
0.041975
0.042525
0.044300
0.057350
0.057575
0.058300
0.060550
0.063275
0.063775
0.071925
0.080875
0.090175
0.106075
0.109150
0.109250
0.111475
0.117925
0.121650
0.123100
0.124550
0.125125
0.126175
0.137800
0.144900
0.146575
0.147100
0.151125
0.159925
0.162250
0.174475
0.182825
0.183000
0.187275
0.197850
0.199100
0.199800
0.217175
0.219200
0.222450
0.223000
0.233825
0.234800
0.235900
0.241325
0.244175
0.246800
0.251950
0.254775
0.256375
0.260250
0.260825
0.261175
0.271350
0.271400
0.271825
0.278125
0.284350
0.289000
0.290675
0.293125
0.294925
0.296825
0.306275
0.306625
0.310975
0.312175
0.319325
0.325375
0.333400
0.333875
0.343450
0.349875
0.353600
0.354625
0.356550
0.360825
0.361150
0.362225
0.380675
0.385400
0.385575
0.391225
0.401525
0.403275
0.410200
0.410275
0.429025
0.448775
0.464800
0.474275
0.475725
0.478375
0.490025
0.490175
0.490375
0.499125
0.514225
0.518300
0.519150
0.527700
0.531425
0.536625
0.537100
0.549375
0.553400
0.563150
0.563550
0.575475
0.577375
0.578150
0.578975
0.601775
0.602275
0.605425
0.611650
0.613025
0.616050
0.616100
0.618800
0.622625
0.624225
0.625450
0.634200
0.636400
0.636675
0.638800
0.642300
0.645200
0.657075
0.671300
0.674150
0.676800
0.679425
0.684950
0.692575
0.694000
0.698675
0.703325
0.709825
0.713525
0.722500
0.726350
0.737625
0.738900
0.740125
0.745850
0.757725
0.757900
0.760350
0.761650
0.763950
0.772250
0.778000
0.790225
0.794025
0.794675
0.805000
0.827900
0.829425
0.835025
0.837550
0.838825
0.839175
0.839600
0.844475
0.847675
0.884575
0.888400
0.895725
0.898650
0.899125
0.905750
0.926550
0.927700
0.936850
0.955850
0.960725
0.962275
0.970225
0.971175
0.972225
0.978250
1.001025
1.003875
1.009725
1.011350
1.019700
1.032075
1.035775
1.054325
1.084350
1.093825
1.108050
1.119975
1.123650
1.137200
1.138500
1.142400
1.171050
1.197650
1.220850
1.252750
1.256050
1.264550
1.276250
1.292450
1.302925
1.309250
1.332125
1.360100
1.433600
1.461250
1.505225
1.571475
1.572675
1.574750
1.578925
1.582150
1.598200
1.660400
1.690500
1.740775
1.784050
1.808200
1.878025
1.907425
1.983650
1.995375
235
