0.004800
0.008125
0.010500
0.011400
0.014100
0.014175
0.015575
0.016850
0.017500
0.019450
0.026050
0.034925
0.041250
0.047925
0.049975
0.054750
0.054900
0.060825
0.064825
0.066425
0.067450
0.073000
0.088250
0.098600
0.100975
0.101050
0.101600
0.103550
0.104050
0.106350
0.112275
0.115450
0.124350
0.126375
0.127375
0.127425
0.127825
0.133775
0.136800
0.142400
0.148925
0.152300
0.153350
0.155225
0.156625
0.159475
0.165900
0.166450
0.167450
0.173425
0.181500
0.182750
0.198450
0.203250
0.207300
0.208575
0.212175
0.213475
0.215350
0.226125
0.232975
0.235350
0.246475
0.247825
0.255125
0.260125
0.266175
0.268025
0.268125
0.270950
0.276025
0.278875
0.293750
0.297925
0.303250
0.307675
0.310400
0.311300
0.313950
0.317350
0.321600
0.326150
0.342450
0.344875
0.351000
0.358725
0.362575
0.363150
0.369950
0.376875
0.377200
0.382400
0.384375
0.397125
0.400300
0.402400
0.403975
0.406225
0.424875
0.426525
0.429475
0.439775
0.443200
0.445300
0.451325
0.462000
0.465825
0.480750
0.482400
0.484175
0.495900
0.499475
0.502700
0.504375
0.506650
0.507175
0.508075
0.511425
0.511775
0.517525
0.525175
0.526875
0.532200
0.542375
0.544625
0.547000
0.550875
0.556450
0.562525
0.572750
0.575150
0.577625
0.593500
0.593700
0.607900
0.613575
0.614600
0.618625
0.618775
0.619475
0.621800
0.626425
0.627725
0.628950
0.633500
0.638500
0.643525
0.649200
0.652375
0.652375
0.655575
0.660025
0.667975
0.669850
0.699025
0.701900
0.706325
0.711650
0.714850
0.717000
0.725975
0.730525
0.734925
0.735950
0.744875
0.747625
0.748700
0.762025
0.762725
0.765100
0.766950
0.767175
0.781350
0.798875
0.804200
0.806375
0.807650
0.809200
0.828000
0.831175
0.841375
0.857975
0.861300
0.869700
0.870125
0.870625
0.875850
0.886025
0.887700
0.901275
0.903050
0.910350
0.910375
0.914750
0.928925
0.934525
0.955375
0.966150
0.970000
0.984150
1.011675
1.014500
1.017700
1.039800
1.050350
1.050675
1.054600
1.066125
1.066150
1.069575
1.075825
1.086300
1.113025
1.113350
1.115000
1.123250
1.134450
1.139025
1.155850
1.163275
1.163975
1.167975
1.177350
1.201100
1.215525
1.216775
1.226750
1.236425
1.264025
1.271725
1.276750
1.289475
1.316250
1.345075
1.355750
1.357700
1.381300
1.388775
1.419225
1.428675
1.437725
1.448775
1.457200
1.483775
1.495650
1.501750
1.533575
1.542800
1.579225
1.588100
1.628525
1.716100
1.727400
1.788800
1.854875
1.890350
1.899100
2.023000
2.143050
2.262150
2.267975
2.475075
262
