0.000275
0.001350
0.007975
0.011325
0.014900
0.017450
0.018450
0.020325
0.025850
0.031250
0.033125
0.036100
0.039050
0.041225
0.042400
0.043775
0.067625
0.081150
0.088275
0.093650
0.097425
0.098050
0.102775
0.103125
0.110075
0.113650
0.114200
0.125425
0.133000
0.133075
0.133450
0.136300
0.137150
0.141150
0.144050
0.150975
0.154250
0.154775
0.154800
0.159850
0.162075
0.168000
0.174075
0.174950
0.181625
0.185175
0.187225
0.188275
0.193400
0.201100
0.204600
0.205425
0.214500
0.245300
0.246375
0.249950
0.255650
0.258875
0.262425
0.281825
0.291100
0.300375
0.304275
0.305000
0.309775
0.311650
0.317275
0.320475
0.322625
0.327475
0.336025
0.337000
0.344150
0.347425
0.348725
0.352150
0.352175
0.352800
0.353250
0.355725
0.357775
0.360375
0.372825
0.374750
0.377775
0.386625
0.386800
0.389475
0.393250
0.394375
0.400725
0.406875
0.409075
0.410950
0.412750
0.423875
0.424500
0.425600
0.431950
0.434600
0.442400
0.443175
0.454125
0.463725
0.465275
0.475700
0.477650
0.479425
0.482500
0.482925
0.484100
0.485800
0.489250
0.494000
0.495075
0.497525
0.498800
0.514225
0.516525
0.516825
0.517250
0.518750
0.519575
0.524950
0.526650
0.527650
0.533575
0.536500
0.539075
0.546050
0.547350
0.554375
0.564350
0.566900
0.568975
0.569850
0.576125
0.576725
0.580425
0.581400
0.585600
0.586600
0.588175
0.599075
0.602125
0.607275
0.608475
0.614125
0.614700
0.617725
0.627275
0.630350
0.630875
0.631300
0.644250
0.645725
0.645875
0.650775
0.657800
0.660900
0.662100
0.663950
0.666000
0.673775
0.674750
0.679400
0.689525
0.691100
0.692500
0.703450
0.707025
0.708675
0.713025
0.718000
0.719600
0.721975
0.728950
0.733775
0.739975
0.749150
0.755050
0.757475
0.758875
0.760650
0.761225
0.764275
0.772175
0.774775
0.776400
0.782775
0.783325
0.785450
0.787625
0.790175
0.796475
0.802600
0.806250
0.808025
0.814000
0.835925
0.836625
0.843425
0.849025
0.850525
0.857625
0.858425
0.876575
0.904650
0.905400
0.910125
0.913375
0.915775
0.926150
0.939650
0.948100
0.964775
0.965050
0.969550
0.970300
0.974000
0.978050
0.978150
0.978200
0.987300
1.002475
1.010100
1.018475
1.022125
1.023050
1.030725
1.043575
1.060900
1.063475
1.081350
1.087100
1.092025
1.098050
1.098600
1.104350
1.105925
1.111025
1.126325
1.144375
1.144500
1.149950
1.152725
1.169450
1.242325
1.253825
1.258725
1.313600
1.318000
1.362525
1.406225
1.409975
1.412925
1.426975
1.443050
1.457075
1.466950
1.519375
1.549975
1.568550
1.570925
1.654400
1.707500
1.734925
1.930375
2.005700
2.261700
2.447825
271
