0.000725
0.004875
0.015025
0.018575
0.019450
0.022600
0.023000
0.026750
0.030325
0.049450
0.051250
0.055800
0.056850
0.083950
0.087175
0.088650
0.088725
0.101300
0.101775
0.103375
0.104000
0.107900
0.113050
0.116000
0.127200
0.141800
0.153650
0.155325
0.161150
0.161275
0.168800
0.172275
0.174025
0.179225
0.186700
0.194575
0.194625
0.212450
0.212475
0.213050
0.213725
0.215375
0.220325
0.223500
0.225875
0.226975
0.227075
0.234750
0.237975
0.242850
0.243300
0.246100
0.261525
0.274475
0.280650
0.287325
0.293075
0.293400
0.303025
0.304475
0.306325
0.308125
0.311875
0.314725
0.315400
0.315775
0.320150
0.330400
0.335625
0.341125
0.353200
0.364550
0.365050
0.376025
0.379025
0.383425
0.387025
0.388775
0.395925
0.396975
0.403975
0.405850
0.407175
0.411775
0.423875
0.427600
0.439300
0.444725
0.453550
0.456650
0.457300
0.465900
0.466125
0.468600
0.470700
0.473350
0.473750
0.474825
0.475900
0.487525
0.495000
0.498400
0.499100
0.500875
0.501475
0.502575
0.502575
0.502800
0.507700
0.514950
0.518000
0.524625
0.526925
0.527150
0.534875
0.538500
0.540650
0.550425
0.553175
0.559025
0.559500
0.568175
0.576200
0.577250
0.587625
0.591400
0.607425
0.617175
0.629025
0.634225
0.635175
0.636300
0.639475
0.672925
0.675750
0.685800
0.694100
0.697625
0.710400
0.715250
0.717850
0.723275
0.723450
0.724475
0.729550
0.731175
0.731875
0.734675
0.736150
0.744575
0.744750
0.751550
0.753350
0.753750
0.767875
0.773250
0.773725
0.781325
0.781675
0.784100
0.784250
0.785400
0.800450
0.810625
0.816350
0.839875
0.844425
0.855500
0.857625
0.861350
0.864975
0.868250
0.871500
0.873875
0.890575
0.897025
0.900650
0.903150
0.904000
0.904200
0.927675
0.965425
0.966500
0.967050
0.967200
0.976200
0.981550
0.987125
0.998100
0.998125
1.004700
1.010300
1.018525
1.041950
1.045525
1.068925
1.074300
1.074475
1.084425
1.093225
1.094250
1.106725
1.108225
1.117725
1.121425
1.123500
1.142475
1.173525
1.220025
1.222750
1.224500
1.229400
1.283525
1.286850
1.301075
1.304975
1.322000
1.367975
1.376125
1.394200
1.429325
1.447025
1.451425
1.510800
1.542000
1.559775
1.618450
1.644600
1.866750
1.891850
2.210475
2.476150
232
