0.005400
0.010450
0.021700
0.028300
0.030525
0.032200
0.032400
0.032475
0.038400
0.041775
0.044600
0.045325
0.048125
0.058900
0.062675
0.064775
0.068975
0.078975
0.090525
0.096000
0.103600
0.106400
0.115575
0.127400
0.134100
0.137450
0.141650
0.146425
0.153050
0.160225
0.165750
0.171425
0.174025
0.177925
0.179250
0.179650
0.185050
0.188125
0.188925
0.189825
0.198100
0.199275
0.201325
0.208000
0.211900
0.215600
0.230325
0.234650
0.235675
0.239750
0.241400
0.241800
0.248350
0.249850
0.252050
0.255850
0.256375
0.272075
0.273300
0.273975
0.277125
0.285875
0.293775
0.299400
0.300200
0.301000
0.302575
0.303525
0.306475
0.327850
0.327950
0.331300
0.331650
0.340925
0.344200
0.348625
0.349475
0.353525
0.355700
0.360975
0.366275
0.371400
0.374025
0.382350
0.383700
0.384575
0.384625
0.394275
0.394725
0.397425
0.404950
0.407050
0.415400
0.416800
0.421000
0.432825
0.435200
0.445325
0.455500
0.459775
0.460300
0.460500
0.461350
0.463825
0.467625
0.472600
0.473900
0.477800
0.479625
0.498725
0.505950
0.505950
0.509600
0.512475
0.540175
0.544900
0.547975
0.561875
0.563975
0.566625
0.567175
0.567475
0.578750
0.586000
0.589625
0.594600
0.599325
0.601375
0.602050
0.604625
0.612050
0.618475
0.619250
0.619275
0.623425
0.630100
0.631775
0.637350
0.668450
0.671625
0.672100
0.680325
0.690700
0.691200
0.696375
0.700975
0.707775
0.713975
0.728325
0.735625
0.735850
0.740250
0.745800
0.749275
0.755200
0.756000
0.760725
0.763900
0.765575
0.775275
0.777475
0.783550
0.787600
0.793925
0.794400
0.809625
0.811250
0.816250
0.816425
0.816700
0.817175
0.817550
0.819250
0.821750
0.823750
0.828725
0.847000
0.848025
0.872725
0.881500
0.885700
0.898400
0.898975
0.899550
0.913650
0.917000
0.952775
0.953675
0.969525
0.972800
0.996475
1.000575
1.010000
1.018375
1.020375
1.032000
1.042450
1.054775
1.070325
1.076950
1.084125
1.091100
1.103150
1.110425
1.110650
1.115925
1.119375
1.150775
1.153975
1.160825
1.168500
1.253300
1.259300
1.291425
1.300975
1.376700
1.377875
1.434325
1.439150
1.441775
1.455725
1.473925
1.539100
1.556450
1.586775
1.680000
1.808725
1.821125
1.850625
1.928550
2.086950
2.409275
232
