0.007850
0.010125
0.014700
0.021900
0.024975
0.029150
0.031900
0.038700
0.043375
0.044225
0.045500
0.047650
0.048650
0.053150
0.057875
0.060700
0.072750
0.073350
0.078150
0.078975
0.098250
0.098700
0.100000
0.106375
0.128975
0.132075
0.148775
0.150375
0.155450
0.159250
0.159275
0.161725
0.163450
0.166025
0.168775
0.169900
0.176350
0.176575
0.181125
0.184825
0.188775
0.192875
0.197075
0.201250
0.207550
0.209150
0.214050
0.217450
0.218875
0.225750
0.226650
0.238000
0.252150
0.255900
0.258675
0.262525
0.264825
0.265025
0.267800
0.269425
0.277950
0.292975
0.296275
0.301875
0.306500
0.307325
0.309225
0.312575
0.319850
0.325425
0.332975
0.335025
0.345650
0.347725
0.356075
0.364625
0.370025
0.375775
0.377400
0.387175
0.387675
0.394850
0.396375
0.397500
0.402375
0.402875
0.403550
0.405150
0.408625
0.410575
0.410700
0.420050
0.421500
0.425575
0.435000
0.436100
0.437675
0.441175
0.452525
0.453350
0.456375
0.456400
0.458725
0.460250
0.460325
0.463950
0.471000
0.485600
0.498575
0.503125
0.503300
0.504950
0.513250
0.513800
0.516025
0.516175
0.524575
0.526950
0.541950
0.544050
0.544050
0.544725
0.547800
0.548400
0.549675
0.550575
0.573550
0.584400
0.587075
0.588150
0.589200
0.593275
0.594000
0.606100
0.607475
0.608950
0.609000
0.613875
0.615475
0.616550
0.622300
0.623850
0.626575
0.627125
0.627775
0.639750
0.641375
0.642125
0.652625
0.659425
0.663375
0.678375
0.683800
0.683825
0.686525
0.707525
0.711775
0.723150
0.723275
0.727475
0.737750
0.744725
0.753350
0.753775
0.753875
0.754825
0.758075
0.762050
0.764350
0.782475
0.800125
0.801425
0.803625
0.807975
0.809200
0.830625
0.832875
0.834025
0.835350
0.837200
0.844725
0.847625
0.852900
0.856625
0.856700
0.860325
0.860525
0.868700
0.875625
0.879925
0.881375
0.893350
0.909075
0.920400
0.920875
0.928600
0.946525
0.948425
0.949850
0.953475
0.965350
0.967000
0.988325
0.993700
0.994600
1.026525
1.034225
1.035400
1.036275
1.044025
1.045150
1.053050
1.054100
1.057200
1.063475
1.073525
1.073575
1.086175
1.098725
1.144275
1.147200
1.147575
1.165475
1.172650
1.177950
1.199850
1.240150
1.250425
1.254325
1.256975
1.276950
1.283950
1.293575
1.312475
1.322525
1.327175
1.331075
1.338150
1.360025
1.453475
1.482425
1.499550
1.536925
1.555900
1.557625
1.613100
1.632775
1.670050
1.700825
1.872475
1.922750
1.925575
2.040250
2.149625
2.334400
2.496175
256
