0.006350
0.009550
0.015725
0.018825
0.020300
0.020925
0.023600
0.030075
0.036650
0.043750
0.044250
0.053425
0.054825
0.059100
0.068175
0.071200
0.072950
0.074875
0.085225
0.096700
0.107350
0.123725
0.124325
0.124475
0.131700
0.133300
0.133950
0.134125
0.137300
0.138775
0.143850
0.144150
0.146400
0.151700
0.156075
0.165975
0.184900
0.190800
0.192550
0.192550
0.193625
0.206725
0.214525
0.215475
0.221850
0.230550
0.236675
0.238075
0.244675
0.248350
0.250325
0.255025
0.261150
0.266975
0.268675
0.269475
0.270150
0.270500
0.272025
0.277950
0.285975
0.286325
0.311575
0.311925
0.312200
0.315300
0.315575
0.321825
0.332950
0.334550
0.342975
0.346625
0.349250
0.350800
0.354575
0.359500
0.360050
0.361375
0.363400
0.377600
0.383550
0.384875
0.387225
0.391675
0.398250
0.400125
0.400500
0.401375
0.416275
0.416875
0.427200
0.437525
0.444025
0.444900
0.449575
0.450375
0.454775
0.464950
0.474000
0.481850
0.482900
0.489900
0.499425
0.501625
0.509075
0.524400
0.525550
0.546775
0.548025
0.548900
0.564725
0.565175
0.567125
0.571500
0.571775
0.575550
0.582175
0.591975
0.592975
0.593325
0.605675
0.630100
0.631150
0.633400
0.639925
0.640500
0.646750
0.646975
0.652775
0.683075
0.701300
0.702825
0.703825
0.706425
0.707650
0.710675
0.732225
0.742150
0.743125
0.754325
0.763925
0.766750
0.767475
0.776600
0.778050
0.792875
0.795675
0.803975
0.815950
0.820125
0.821050
0.827050
0.833300
0.834750
0.846600
0.855875
0.857850
0.875575
0.902700
0.907950
0.928775
0.933025
0.940950
0.948175
0.953600
0.954100
0.954625
0.977325
0.981700
0.986900
0.987175
0.992725
0.995500
1.006050
1.017750
1.023575
1.041125
1.054975
1.056050
1.062850
1.064225
1.085150
1.085400
1.089125
1.089250
1.103075
1.121325
1.127775
1.132400
1.139550
1.142075
1.142425
1.156300
1.183750
1.189150
1.235300
1.238175
1.245025
1.269850
1.311000
1.360475
1.377525
1.385275
1.395275
1.452825
1.458025
1.476550
1.477250
1.507975
1.542400
1.551650
1.583425
1.616150
1.643050
1.645500
1.645925
1.697875
1.860350
1.862600
1.868950
1.872650
1.891225
1.954225
2.016975
2.131350
2.145125
226
