0.003700
0.003750
0.007275
0.013550
0.014000
0.017525
0.018150
0.037125
0.037425
0.037725
0.037875
0.037875
0.046575
0.050425
0.052725
0.057775
0.060625
0.061900
0.066100
0.073600
0.074200
0.076325
0.077475
0.078825
0.080050
0.092950
0.098175
0.098625
0.100775
0.104950
0.105500
0.109525
0.113200
0.114400
0.125250
0.135625
0.135825
0.136050
0.136925
0.146050
0.150525
0.153925
0.155550
0.164250
0.164750
0.172125
0.174175
0.177650
0.181100
0.187800
0.195025
0.195625
0.195925
0.196500
0.198375
0.200775
0.214275
0.217675
0.217825
0.224725
0.227025
0.238700
0.238750
0.239400
0.245825
0.247425
0.250625
0.251150
0.253350
0.280200
0.280475
0.287975
0.291300
0.309000
0.311025
0.312175
0.312875
0.336450
0.339100
0.339325
0.339550
0.340525
0.340900
0.345825
0.347175
0.350425
0.352950
0.354750
0.355425
0.359825
0.360375
0.363000
0.371450
0.378725
0.380300
0.383450
0.385475
0.395950
0.399775
0.401725
0.406525
0.411750
0.418075
0.418475
0.419025
0.426475
0.426600
0.438075
0.439450
0.439875
0.441675
0.442450
0.446150
0.447550
0.451250
0.451400
0.455425
0.456925
0.458150
0.458450
0.461975
0.470000
0.474675
0.476775
0.478975
0.480050
0.480275
0.481675
0.489925
0.490025
0.493000
0.499825
0.500150
0.510425
0.514500
0.514575
0.516900
0.519100
0.522150
0.531225
0.544400
0.546875
0.548075
0.551800
0.557750
0.561725
0.570975
0.572275
0.576625
0.578050
0.578800
0.582025
0.585650
0.586275
0.593175
0.608800
0.611525
0.612350
0.614400
0.619575
0.625975
0.633650
0.665950
0.674225
0.683525
0.685425
0.697200
0.697250
0.704900
0.710700
0.718300
0.722225
0.724400
0.738400
0.741200
0.742875
0.748625
0.749325
0.759000
0.763300
0.766200
0.770850
0.772600
0.783400
0.784725
0.787625
0.789725
0.795000
0.796800
0.811775
0.826550
0.831350
0.835425
0.836375
0.838600
0.844400
0.848200
0.852500
0.858450
0.867425
0.874575
0.879500
0.882675
0.902475
0.915450
0.929200
0.929900
0.941275
0.955150
1.003600
1.022125
1.032025
1.036375
1.037150
1.037475
1.060550
1.063350
1.068675
1.085200
1.107400
1.127325
1.139800
1.143925
1.162325
1.178775
1.215425
1.228150
1.229625
1.232300
1.239650
1.243725
1.258150
1.262250
1.276675
1.329900
1.340950
1.395300
1.435100
1.463800
1.500650
1.505225
1.584750
1.603100
1.680225
1.687450
1.691500
1.789075
1.807075
1.819300
1.855350
1.916350
1.941225
1.986400
1.988075
2.081000
2.272850
2.313625
257
