0.004400
0.004700
0.007275
0.008600
0.009050
0.010000
0.012250
0.012350
0.013675
0.021000
0.022500
0.026350
0.027225
0.030925
0.042275
0.043075
0.043225
0.046400
0.047750
0.051000
0.055200
0.059325
0.062150
0.064800
0.065100
0.078625
0.082625
0.083875
0.085525
0.087300
0.088950
0.090275
0.092250
0.092950
0.106950
0.110575
0.112525
0.113825
0.121375
0.136625
0.136650
0.141450
0.164625
0.169350
0.174500
0.175875
0.184575
0.185150
0.190575
0.191300
0.196475
0.197250
0.202225
0.202500
0.202650
0.206050
0.207025
0.210825
0.213600
0.218550
0.226575
0.226875
0.231400
0.235050
0.241450
0.242150
0.249575
0.257600
0.269625
0.270450
0.278800
0.279175
0.279850
0.281275
0.288025
0.308900
0.309925
0.310375
0.312050
0.324425
0.325300
0.333125
0.338175
0.341475
0.347200
0.355050
0.356525
0.365225
0.366225
0.373350
0.375250
0.376450
0.378475
0.380000
0.383150
0.391325
0.404625
0.413700
0.415275
0.417425
0.418750
0.421875
0.422250
0.422775
0.426025
0.427725
0.434900
0.437975
0.438000
0.438775
0.448375
0.452250
0.452450
0.458125
0.465350
0.472125
0.477425
0.478125
0.478375
0.478950
0.480500
0.480900
0.483725
0.486850
0.494225
0.494825
0.494875
0.497400
0.498900
0.500150
0.500775
0.506675
0.509025
0.516975
0.525950
0.530650
0.535900
0.536350
0.538675
0.572000
0.573625
0.579175
0.583700
0.584250
0.595425
0.599675
0.600375
0.601175
0.601275
0.602150
0.605575
0.607275
0.616950
0.620950
0.624425
0.630350
0.634400
0.638225
0.639650
0.639850
0.643225
0.653375
0.656875
0.667975
0.671050
0.678525
0.678825
0.684700
0.685625
0.689150
0.700075
0.700125
0.707775
0.710975
0.714700
0.721050
0.724775
0.725950
0.726200
0.729625
0.743825
0.755250
0.757925
0.766000
0.766250
0.767375
0.768850
0.775925
0.776200
0.780925
0.783425
0.789300
0.793675
0.802600
0.804125
0.809225
0.810925
0.812700
0.820475
0.826200
0.828125
0.843075
0.852675
0.869425
0.876975
0.889575
0.889875
0.891725
0.893175
0.895475
0.914000
0.922750
0.932000
0.947375
0.953325
0.955175
0.975575
0.975900
1.001800
1.006900
1.036275
1.038375
1.042075
1.049100
1.066950
1.072425
1.081725
1.118050
1.130075
1.131350
1.149150
1.168700
1.169600
1.171225
1.174300
1.196600
1.200325
1.211425
1.224375
1.244600
1.256000
1.304225
1.307825
1.345850
1.388075
1.390825
1.416925
1.436450
1.532250
1.570975
1.628250
1.636450
1.726225
1.736725
1.756100
1.823400
1.837075
1.895075
2.046900
2.252850
260
