0.001325
0.013175
0.013825
0.016025
0.020925
0.024050
0.024600
0.026325
0.027625
0.027800
0.035525
0.057225
0.066500
0.071850
0.079075
0.089025
0.092125
0.094425
0.109875
0.111300
0.111775
0.112125
0.126325
0.129975
0.133875
0.146375
0.146850
0.151250
0.151925
0.160900
0.164375
0.170075
0.171825
0.186350
0.186950
0.188550
0.202150
0.203850
0.219225
0.229175
0.232075
0.236125
0.236350
0.239075
0.244900
0.249225
0.251325
0.256000
0.260125
0.260475
0.260700
0.266500
0.270875
0.274025
0.277800
0.280500
0.285100
0.286900
0.292850
0.303175
0.307025
0.308200
0.308350
0.315400
0.319675
0.325950
0.328125
0.332875
0.333000
0.334800
0.340400
0.340800
0.351375
0.352125
0.357675
0.358475
0.362050
0.370600
0.371300
0.383450
0.385925
0.394575
0.399500
0.410325
0.410825
0.413075
0.421300
0.425625
0.425700
0.426050
0.428400
0.441025
0.443475
0.450875
0.471950
0.472600
0.472675
0.474900
0.477575
0.481775
0.486925
0.488300
0.489875
0.509600
0.510375
0.510475
0.510725
0.512650
0.513425
0.515550
0.522575
0.524300
0.532175
0.534650
0.540375
0.545925
0.548575
0.553725
0.555825
0.556825
0.564825
0.566200
0.567975
0.570200
0.570700
0.584175
0.586650
0.587600
0.588725
0.594950
0.620875
0.623200
0.631950
0.633075
0.642325
0.659475
0.661600
0.662175
0.662750
0.663300
0.663525
0.664625
0.685925
0.686850
0.687825
0.690300
0.690575
0.694050
0.702675
0.711750
0.712300
0.716175
0.716700
0.719100
0.725925
0.727775
0.728750
0.728975
0.737900
0.738725
0.739500
0.741700
0.742650
0.746575
0.747650
0.748950
0.752525
0.758500
0.765550
0.783100
0.790450
0.790825
0.795200
0.797450
0.799975
0.811250
0.814450
0.817475
0.819850
0.831200
0.842350
0.844725
0.860550
0.863225
0.863825
0.867150
0.868650
0.871975
0.885300
0.893750
0.907075
0.908750
0.914800
0.924300
0.927650
0.943600
0.944550
0.945175
0.950350
0.960050
0.960075
0.968050
0.978550
0.991950
0.994175
1.000550
1.000625
1.010475
1.054900
1.058250
1.059075
1.076600
1.083975
1.084600
1.085250
1.100600
1.105700
1.120275
1.122925
1.124450
1.128650
1.131750
1.154750
1.163250
1.165100
1.171775
1.181375
1.193550
1.210750
1.221525
1.240300
1.250825
1.285800
1.289300
1.323000
1.325600
1.333250
1.370975
1.373350
1.411450
1.415100
1.466875
1.490725
1.520350
1.539075
1.547850
1.560750
1.602350
1.603650
1.619900
1.630675
1.638625
1.740175
1.778825
1.897300
1.929825
2.058450
2.210425
2.364500
2.394125
260
