0.005800
0.006800
0.010300
0.021825
0.023725
0.024825
0.039375
0.040625
0.044425
0.051950
0.055750
0.060000
0.060750
0.065925
0.074450
0.074475
0.079475
0.079500
0.083275
0.089000
0.093150
0.094900
0.097375
0.101225
0.105600
0.111450
0.124625
0.126375
0.131075
0.131475
0.133675
0.133825
0.134250
0.135400
0.136650
0.137625
0.139550
0.140000
0.140925
0.145700
0.146450
0.148025
0.149750
0.149900
0.152200
0.157975
0.162775
0.164550
0.171750
0.180050
0.182300
0.184175
0.184975
0.190775
0.192850
0.195225
0.202850
0.204950
0.216250
0.217200
0.218150
0.218325
0.222200
0.222975
0.226800
0.239525
0.247900
0.260150
0.261925
0.264950
0.271550
0.281000
0.284650
0.289950
0.293900
0.299150
0.301150
0.303425
0.307000
0.307550
0.308650
0.311775
0.314675
0.316925
0.320400
0.328000
0.329275
0.335875
0.338650
0.350950
0.352375
0.352625
0.355600
0.364175
0.365525
0.367575
0.368625
0.368900
0.370200
0.372625
0.379050
0.388525
0.393075
0.396550
0.401675
0.403375
0.410700
0.411325
0.414850
0.435025
0.437375
0.437850
0.445475
0.450575
0.453275
0.458575
0.464075
0.475750
0.483100
0.503375
0.513025
0.513600
0.515100
0.533425
0.536875
0.539750
0.546925
0.558850
0.560675
0.562425
0.565500
0.572175
0.578575
0.587850
0.602000
0.611000
0.611700
0.614025
0.624400
0.630250
0.637975
0.640750
0.641950
0.648675
0.654225
0.663800
0.669575
0.674700
0.675850
0.679550
0.679725
0.679925
0.690900
0.698700
0.704600
0.713900
0.715050
0.716325
0.719175
0.720475
0.721150
0.723675
0.724575
0.734000
0.740525
0.742825
0.743925
0.745925
0.747700
0.748275
0.750350
0.752425
0.761650
0.764050
0.767900
0.770025
0.771450
0.774975
0.789025
0.794100
0.805075
0.805300
0.806175
0.810150
0.815200
0.820125
0.823375
0.828875
0.834500
0.843700
0.846200
0.847725
0.848675
0.856250
0.861350
0.870050
0.892325
0.902600
0.902800
0.925650
0.930575
0.934350
0.940050
0.959075
0.971075
0.974000
0.986750
0.989775
0.996325
1.000100
1.004500
1.044875
1.056825
1.060675
1.063950
1.074575
1.078125
1.087300
1.092500
1.092775
1.099675
1.100225
1.114150
1.122775
1.127125
1.133375
1.135900
1.148900
1.181925
1.202850
1.229575
1.233425
1.235525
1.245400
1.251025
1.280600
1.281425
1.284600
1.299700
1.346300
1.357625
1.396675
1.408000
1.417325
1.434050
1.476375
1.479800
1.500275
1.546875
1.562975
1.564600
1.573400
1.574450
1.580925
1.701750
1.771375
1.786500
1.799250
1.817900
1.830000
1.849800
1.945925
2.186475
263
