0.006650
0.016750
0.031325
0.036700
0.037275
0.040575
0.052225
0.058550
0.061700
0.068750
0.073850
0.074175
0.077850
0.079825
0.082675
0.082775
0.085125
0.109525
0.113525
0.121100
0.123800
0.126550
0.133650
0.134725
0.140000
0.142300
0.158325
0.172275
0.181150
0.184425
0.187100
0.194650
0.197825
0.198500
0.205250
0.207775
0.211075
0.211500
0.213750
0.221575
0.221725
0.222175
0.225550
0.229225
0.232075
0.233475
0.239075
0.240375
0.245225
0.248150
0.248975
0.254100
0.254450
0.254975
0.265200
0.267750
0.268950
0.270150
0.284875
0.286475
0.289475
0.292300
0.303950
0.309375
0.317875
0.339625
0.358250
0.360025
0.361900
0.366200
0.373175
0.383200
0.385625
0.390550
0.393700
0.395125
0.397175
0.398650
0.401250
0.401725
0.407300
0.410375
0.411925
0.414275
0.414500
0.414900
0.416050
0.418150
0.419775
0.426300
0.431775
0.438625
0.440675
0.441225
0.442625
0.454950
0.460425
0.465750
0.469000
0.470375
0.478750
0.492600
0.493875
0.498575
0.505375
0.510525
0.510800
0.516700
0.522450
0.523050
0.525525
0.528400
0.530500
0.540300
0.543050
0.545375
0.548225
0.549000
0.553325
0.557550
0.559800
0.564750
0.566025
0.576825
0.577100
0.580000
0.588200
0.593000
0.594600
0.596125
0.596800
0.598850
0.599925
0.611275
0.620250
0.624275
0.624375
0.630775
0.642750
0.646325
0.654950
0.671500
0.676075
0.678850
0.679425
0.681975
0.687450
0.692875
0.694125
0.707125
0.709675
0.711800
0.712500
0.716125
0.716150
0.718800
0.719525
0.728250
0.731375
0.733975
0.734825
0.735575
0.738525
0.740975
0.748200
0.748775
0.751925
0.757875
0.766750
0.769325
0.770375
0.771925
0.773575
0.783500
0.785350
0.786900
0.816300
0.823475
0.824150
0.839825
0.842625
0.847625
0.852425
0.854850
0.855475
0.856025
0.857550
0.859975
0.886175
0.887325
0.893075
0.911025
0.913725
0.920275
0.926850
0.927050
0.932575
0.954900
0.958200
0.970025
0.981475
0.988075
0.990050
0.990225
0.994700
1.008025
1.029150
1.037175
1.054350
1.058950
1.061900
1.062075
1.072750
1.103825
1.110900
1.113125
1.129200
1.139225
1.169000
1.201000
1.201875
1.202275
1.215950
1.243850
1.277850
1.289475
1.300050
1.322750
1.345075
1.348575
1.368625
1.390225
1.391150
1.443525
1.479725
1.526650
1.577250
1.587250
1.649950
1.739525
1.767300
1.894825
2.135125
2.202700
2.251050
2.274400
2.395525
247
