0.009750
0.010525
0.016325
0.048075
0.048750
0.050650
0.057125
0.059925
0.066175
0.067025
0.073475
0.076100
0.078525
0.080700
0.082150
0.090125
0.101900
0.112625
0.116350
0.119100
0.121800
0.123750
0.125075
0.126800
0.128275
0.151425
0.159000
0.170525
0.172950
0.175350
0.175650
0.178300
0.182800
0.185600
0.185650
0.187250
0.191075
0.206150
0.210750
0.211150
0.211500
0.214650
0.223850
0.227800
0.228225
0.229400
0.239450
0.243800
0.247275
0.247925
0.250625
0.254375
0.255775
0.256600
0.262525
0.265975
0.270850
0.276375
0.277050
0.280475
0.290250
0.295475
0.298550
0.299875
0.302250
0.309275
0.321725
0.324150
0.326150
0.329600
0.329725
0.339800
0.340725
0.347775
0.348675
0.350025
0.350250
0.352225
0.353725
0.353825
0.357400
0.358650
0.362950
0.365900
0.367325
0.370500
0.371175
0.371450
0.377950
0.381825
0.383975
0.386700
0.386900
0.394675
0.395225
0.397000
0.402300
0.405925
0.406250
0.408825
0.414625
0.416300
0.416575
0.431525
0.435300
0.436475
0.439400
0.445800
0.446875
0.447750
0.448325
0.448600
0.452075
0.456575
0.457175
0.458650
0.461325
0.472425
0.474125
0.475275
0.485175
0.494575
0.496800
0.504875
0.509550
0.516850
0.527400
0.536175
0.543825
0.545650
0.576750
0.579225
0.582325
0.589425
0.592150
0.594925
0.595225
0.596275
0.596925
0.609225
0.618925
0.625750
0.626800
0.629150
0.634575
0.641450
0.643550
0.644725
0.645300
0.647375
0.651350
0.652600
0.661925
0.663225
0.664775
0.667050
0.667200
0.667925
0.672450
0.675300
0.678700
0.680700
0.681200
0.681800
0.690300
0.695800
0.696375
0.702550
0.705075
0.707475
0.711950
0.714150
0.715675
0.716800
0.717625
0.721375
0.731575
0.737350
0.742775
0.742825
0.744100
0.749925
0.756150
0.758475
0.770900
0.774875
0.778250
0.782375
0.791025
0.797725
0.797800
0.798375
0.806450
0.814125
0.818725
0.819375
0.824625
0.826800
0.848625
0.851975
0.855000
0.875575
0.888300
0.891925
0.897125
0.898725
0.904775
0.909925
0.910750
0.912525
0.932475
0.932700
0.934475
0.938625
0.939675
0.952125
0.952150
0.957975
0.974750
0.981600
0.982475
0.984875
1.007500
1.008000
1.017375
1.020150
1.039625
1.039950
1.053900
1.061650
1.062500
1.075700
1.088925
1.093600
1.118625
1.118925
1.152000
1.152050
1.157400
1.173650
1.185050
1.196750
1.208075
1.216525
1.268350
1.327575
1.340825
1.357775
1.401250
1.458625
1.493225
1.497725
1.511300
1.514950
1.540025
1.556625
1.598025
1.651100
1.711225
1.798925
1.804875
1.821900
2.439400
263
