0.002000
0.010725
0.017525
0.018600
0.022650
0.024900
0.025200
0.026500
0.033675
0.035875
0.039350
0.041900
0.043700
0.052675
0.056225
0.067975
0.083450
0.104425
0.107325
0.109250
0.114950
0.116650
0.117625
0.117750
0.121975
0.127025
0.132475
0.134500
0.136950
0.143375
0.153600
0.176950
0.178075
0.179550
0.181800
0.187050
0.188975
0.199325
0.200025
0.206000
0.216425
0.217100
0.223800
0.228400
0.231925
0.238450
0.243075
0.244250
0.247925
0.247925
0.252925
0.259425
0.263750
0.272225
0.288775
0.293125
0.293350
0.294800
0.303325
0.305125
0.306150
0.308400
0.317775
0.317975
0.335975
0.340575
0.340900
0.346475
0.348825
0.349800
0.363300
0.363800
0.368550
0.370275
0.378875
0.382600
0.389000
0.394950
0.400675
0.402225
0.404200
0.413700
0.415325
0.419000
0.422175
0.423725
0.425000
0.441850
0.442775
0.454150
0.459175
0.467825
0.467950
0.473125
0.474675
0.475175
0.489475
0.489525
0.490000
0.491825
0.491925
0.497100
0.502025
0.503375
0.513950
0.528500
0.529700
0.530825
0.533650
0.551200
0.556075
0.562975
0.565650
0.574700
0.577650
0.597200
0.607750
0.627900
0.632275
0.636150
0.637600
0.638400
0.654000
0.658225
0.660025
0.660425
0.664650
0.665450
0.667650
0.670075
0.676250
0.684075
0.692950
0.697325
0.702950
0.703275
0.703475
0.706125
0.706625
0.719100
0.723600
0.724450
0.729625
0.730600
0.744725
0.745600
0.747950
0.754875
0.756200
0.763100
0.771625
0.795650
0.798650
0.800650
0.811150
0.813025
0.817725
0.823150
0.834375
0.838125
0.840975
0.857650
0.861100
0.871050
0.878200
0.883475
0.885950
0.887525
0.892050
0.894825
0.908075
0.908525
0.916800
0.923150
0.937150
0.943725
0.947525
0.948425
0.950675
0.975550
0.981325
0.982025
1.017625
1.022450
1.023150
1.025625
1.026150
1.030100
1.047175
1.051075
1.062750
1.064000
1.064475
1.065125
1.072325
1.110050
1.110175
1.113950
1.136300
1.141725
1.146750
1.157025
1.159300
1.172050
1.198300
1.213600
1.231100
1.277400
1.295850
1.305225
1.307350
1.308100
1.314425
1.315350
1.338250
1.354725
1.374875
1.383650
1.425350
1.426675
1.445350
1.456750
1.470925
1.479800
1.521900
1.546675
1.590150
1.593750
1.625875
1.647625
1.720025
1.794500
1.967575
2.366225
234
