0.002000
0.010600
0.016400
0.020250
0.021150
0.022250
0.029050
0.033525
0.038975
0.039825
0.052825
0.055950
0.062300
0.073975
0.075775
0.075850
0.078200
0.091625
0.093075
0.093375
0.109175
0.136300
0.148100
0.150525
0.150975
0.154500
0.163325
0.166075
0.171125
0.178050
0.180500
0.184450
0.184650
0.187525
0.191125
0.195075
0.197300
0.198500
0.199075
0.199525
0.203000
0.213025
0.219675
0.219775
0.239650
0.256400
0.277375
0.279550
0.287300
0.289625
0.293700
0.294625
0.299650
0.302350
0.308100
0.309725
0.309925
0.310550
0.311000
0.312425
0.315650
0.319250
0.353125
0.355775
0.356925
0.357225
0.360225
0.364550
0.365400
0.366825
0.368325
0.371900
0.389750
0.392525
0.405600
0.408525
0.418175
0.429050
0.434525
0.464475
0.465125
0.468100
0.470575
0.476675
0.477750
0.478325
0.481425
0.496375
0.504550
0.505825
0.513450
0.513900
0.516000
0.517050
0.521725
0.521950
0.528150
0.536500
0.545725
0.549800
0.550475
0.552775
0.556525
0.564975
0.567300
0.567775
0.572400
0.576725
0.578275
0.596400
0.596600
0.597175
0.601850
0.605300
0.608775
0.612500
0.613700
0.618175
0.618850
0.634500
0.639550
0.659700
0.660425
0.662625
0.664050
0.665800
0.679800
0.684825
0.685250
0.688975
0.696575
0.697725
0.700925
0.701025
0.701300
0.702675
0.708175
0.708600
0.712100
0.719375
0.720400
0.727675
0.730900
0.732975
0.736425
0.742675
0.745175
0.748175
0.757450
0.766225
0.766750
0.769325
0.769725
0.770650
0.772200
0.772525
0.774375
0.774625
0.775475
0.777150
0.777600
0.783600
0.788050
0.789125
0.795350
0.806450
0.807450
0.813725
0.814025
0.818325
0.821275
0.830575
0.836225
0.848975
0.852175
0.855800
0.860625
0.867300
0.880700
0.887350
0.888525
0.889725
0.891325
0.896875
0.909325
0.911275
0.912775
0.918300
0.918850
0.922700
0.939675
0.943600
0.953300
0.957925
0.971975
0.993650
0.996925
0.998050
1.012825
1.014625
1.049100
1.060125
1.076625
1.102775
1.118950
1.146500
1.160375
1.160425
1.171150
1.197150
1.217675
1.236725
1.237525
1.257300
1.282175
1.323850
1.359475
1.363150
1.409625
1.450150
1.549750
1.555350
1.558225
1.616800
1.667200
1.697625
1.732175
1.871825
1.994400
2.193400
2.221875
231
