0.000050
0.005800
0.011475
0.019500
0.031375
0.039625
0.051750
0.051975
0.052575
0.053125
0.060575
0.064700
0.065300
0.066975
0.071825
0.073325
0.088350
0.090225
0.092075
0.095100
0.102250
0.103975
0.112525
0.113225
0.135175
0.139275
0.152500
0.152925
0.153600
0.156275
0.161550
0.173025
0.176475
0.185125
0.185675
0.192700
0.194400
0.196400
0.198850
0.199925
0.204400
0.207050
0.214050
0.217150
0.218250
0.219775
0.221975
0.222850
0.235450
0.239250
0.241200
0.242850
0.246900
0.249975
0.250725
0.251875
0.252875
0.260025
0.261350
0.271900
0.280525
0.281025
0.284975
0.286100
0.294850
0.295425
0.308800
0.309025
0.309375
0.318000
0.331775
0.341225
0.345525
0.350625
0.350975
0.351950
0.352125
0.354125
0.354725
0.356575
0.359950
0.360150
0.362300
0.367250
0.373500
0.378800
0.386950
0.393950
0.394050
0.394300
0.395675
0.399050
0.400300
0.403000
0.416325
0.422200
0.422375
0.425150
0.426625
0.442050
0.444500
0.456475
0.459700
0.460275
0.466000
0.467725
0.468800
0.473300
0.476550
0.476700
0.481575
0.482200
0.483275
0.486575
0.491975
0.495975
0.496325
0.497325
0.502150
0.519575
0.540550
0.542950
0.552575
0.561950
0.571275
0.571925
0.572875
0.576600
0.583300
0.585325
0.588375
0.595375
0.602575
0.602950
0.604325
0.606200
0.619900
0.628675
0.630100
0.630500
0.631075
0.632800
0.639100
0.640150
0.643300
0.651175
0.655000
0.655375
0.664900
0.665775
0.674425
0.674850
0.677450
0.678725
0.679300
0.683475
0.690050
0.696850
0.697925
0.698775
0.723350
0.725100
0.727775
0.730175
0.730850
0.743625
0.747350
0.751675
0.755675
0.756325
0.758525
0.758575
0.760200
0.760275
0.765000
0.779125
0.790300
0.799875
0.804450
0.812800
0.819400
0.821550
0.823050
0.826050
0.839050
0.842000
0.846675
0.850500
0.861950
0.875600
0.889500
0.890500
0.892000
0.899250
0.902425
0.902450
0.914550
0.916275
0.916350
0.932625
0.941500
0.943375
0.943875
0.946575
0.948050
0.948100
0.955200
0.963775
0.964200
0.995775
0.999950
1.013000
1.020900
1.028675
1.031600
1.035125
1.041150
1.057800
1.061200
1.079950
1.097100
1.113550
1.119725
1.170825
1.178225
1.187575
1.207400
1.221100
1.227275
1.229800
1.243000
1.264075
1.285400
1.329600
1.345575
1.372850
1.389675
1.424475
1.437025
1.441275
1.451925
1.480125
1.482050
1.594025
1.614825
1.624650
1.722350
1.750300
1.924475
1.978625
2.011450
2.021675
2.117850
2.281600
254
