0.005075
0.005300
0.009475
0.009925
0.015375
0.017275
0.023800
0.033825
0.042075
0.049800
0.050100
0.057125
0.068100
0.070750
0.071825
0.073675
0.077925
0.081750
0.095100
0.102175
0.105950
0.109350
0.130475
0.131775
0.136950
0.137700
0.143475
0.150575
0.157550
0.158050
0.162450
0.169125
0.177275
0.179650
0.186675
0.194500
0.195925
0.197300
0.198050
0.201625
0.203200
0.205325
0.206475
0.208750
0.209325
0.217125
0.218225
0.221925
0.231425
0.236425
0.246575
0.247925
0.251775
0.254000
0.255450
0.257575
0.259925
0.265000
0.267525
0.271550
0.276125
0.290200
0.290275
0.306050
0.308625
0.310675
0.313250
0.316525
0.321725
0.321800
0.353550
0.363150
0.363650
0.363775
0.366725
0.374225
0.374775
0.382475
0.383900
0.385350
0.388950
0.392325
0.396900
0.397675
0.398950
0.399875
0.405475
0.406325
0.410125
0.415000
0.425100
0.443200
0.455700
0.456400
0.459325
0.462525
0.475700
0.477850
0.480000
0.484125
0.487500
0.492725
0.496600
0.498900
0.501900
0.503000
0.513075
0.517275
0.518825
0.522225
0.526575
0.526650
0.528925
0.533600
0.533950
0.539450
0.540925
0.542450
0.546250
0.552500
0.559550
0.562925
0.565825
0.565900
0.583175
0.589975
0.601200
0.612300
0.634775
0.641800
0.645075
0.647725
0.651400
0.659550
0.660075
0.664725
0.669600
0.677550
0.682400
0.685350
0.692100
0.701950
0.704175
0.706925
0.710025
0.715200
0.717875
0.738700
0.743600
0.746350
0.749350
0.758825
0.766175
0.767300
0.770825
0.798375
0.800900
0.828300
0.829000
0.835275
0.838750
0.841075
0.864675
0.870725
0.891875
0.898675
0.901525
0.905925
0.909875
0.909950
0.918750
0.924150
0.927575
0.950425
0.956375
0.959075
0.970700
0.977900
0.985400
0.989675
0.991500
0.999475
1.007450
1.007500
1.019400
1.023850
1.025900
1.027025
1.034625
1.050825
1.055675
1.056150
1.065750
1.077475
1.097150
1.133650
1.135250
1.148325
1.157500
1.167450
1.206975
1.212675
1.224375
1.230725
1.231175
1.235925
1.238525
1.242850
1.250550
1.257500
1.260875
1.267425
1.282875
1.309725
1.312875
1.339325
1.375800
1.380575
1.401150
1.420800
1.423125
1.444825
1.455575
1.480025
1.554650
1.566200
1.574575
1.575700
1.770150
1.795000
1.830025
1.830525
1.863800
1.886450
1.890150
2.066275
2.176875
2.305050
2.307275
2.326000
240
