0.002225
0.007400
0.010825
0.024725
0.029600
0.030625
0.030675
0.037625
0.057950
0.062825
0.073350
0.081575
0.084275
0.085925
0.088675
0.091825
0.096325
0.100325
0.101525
0.116875
0.118200
0.119700
0.120000
0.125700
0.126300
0.129875
0.140400
0.140875
0.141250
0.145000
0.151450
0.152850
0.157600
0.162650
0.167200
0.168550
0.180425
0.182350
0.183950
0.186025
0.188575
0.194450
0.207675
0.217000
0.226100
0.226775
0.230300
0.237900
0.238225
0.238550
0.240825
0.241025
0.244650
0.251125
0.251650
0.256250
0.258575
0.263750
0.274225
0.275025
0.281650
0.282150
0.286300
0.292175
0.308300
0.324850
0.334400
0.345500
0.348750
0.353050
0.354600
0.354950
0.357750
0.361150
0.362875
0.367525
0.376675
0.379775
0.384925
0.396450
0.405100
0.407525
0.407700
0.415400
0.420525
0.423550
0.424375
0.433925
0.433975
0.436825
0.437325
0.438800
0.441425
0.442525
0.443025
0.446525
0.451375
0.455600
0.458525
0.461300
0.464950
0.467175
0.469925
0.477700
0.484500
0.496475
0.501200
0.506600
0.509250
0.511125
0.516925
0.518975
0.526725
0.536475
0.540775
0.550675
0.550925
0.559575
0.566225
0.567050
0.569475
0.570900
0.572175
0.572600
0.572900
0.573875
0.581075
0.581800
0.586475
0.591275
0.597700
0.602000
0.607825
0.609150
0.609775
0.612075
0.612150
0.613550
0.615175
0.621200
0.626400
0.631400
0.653375
0.664050
0.667300
0.670775
0.677050
0.679775
0.684125
0.684225
0.691425
0.692750
0.693200
0.695650
0.700500
0.701400
0.702475
0.702850
0.708650
0.711875
0.719400
0.722875
0.739100
0.741275
0.745300
0.745625
0.758025
0.762700
0.766425
0.771225
0.777275
0.782600
0.786825
0.795675
0.801175
0.802950
0.834300
0.834500
0.855700
0.858625
0.861100
0.863075
0.865050
0.874500
0.878900
0.882425
0.898775
0.900250
0.904750
0.912975
0.913500
0.916275
0.918825
0.921000
0.921350
0.924875
0.932750
0.933475
0.933500
0.938800
0.940300
0.944775
0.950200
0.970475
0.972625
0.976450
0.978325
0.982825
0.984925
1.029850
1.039850
1.045375
1.053575
1.054600
1.082850
1.086750
1.094650
1.126150
1.140600
1.149350
1.149575
1.154825
1.207675
1.260200
1.275650
1.312250
1.319875
1.322350
1.354275
1.401200
1.402225
1.405100
1.434375
1.434750
1.515000
1.544375
1.600800
1.693725
1.708850
1.750250
1.820825
1.832075
1.910175
1.936700
1.946950
2.049000
2.123000
2.186275
2.209150
2.222725
2.323675
2.457025
252
