0.009425
0.016275
0.021050
0.036350
0.038925
0.039600
0.054450
0.063400
0.064150
0.078225
0.081925
0.098025
0.098800
0.106325
0.108900
0.118550
0.120150
0.125475
0.127650
0.128325
0.137950
0.141800
0.146250
0.151375
0.154375
0.156575
0.157275
0.162175
0.162400
0.163325
0.164500
0.174975
0.184650
0.185550
0.186125
0.191475
0.197675
0.198575
0.209475
0.212300
0.212325
0.214850
0.226475
0.227225
0.227750
0.228200
0.242075
0.259800
0.261800
0.265625
0.282050
0.284725
0.286800
0.287475
0.288875
0.294450
0.300925
0.302350
0.318625
0.325975
0.333825
0.334900
0.335950
0.336400
0.344250
0.349625
0.360775
0.360950
0.363250
0.369225
0.378900
0.379450
0.381200
0.386625
0.387000
0.394075
0.394450
0.396625
0.398350
0.399850
0.404925
0.407025
0.407500
0.419375
0.421250
0.438975
0.441725
0.443800
0.443850
0.449875
0.460175
0.466075
0.473900
0.482950
0.483325
0.491325
0.492250
0.492500
0.504725
0.508375
0.531575
0.534650
0.538000
0.548450
0.562000
0.563275
0.565875
0.567325
0.573900
0.575325
0.586200
0.588475
0.602200
0.615375
0.621775
0.634925
0.636200
0.637400
0.639650
0.640075
0.649900
0.661200
0.667925
0.668925
0.671350
0.680750
0.691900
0.693500
0.698100
0.698375
0.698625
0.700250
0.707750
0.710900
0.713875
0.733025
0.734350
0.734800
0.737625
0.739400
0.743450
0.745325
0.747275
0.755200
0.759800
0.766600
0.768550
0.773725
0.779900
0.782600
0.784525
0.786650
0.802000
0.808200
0.808275
0.809450
0.820125
0.828600
0.841525
0.842300
0.843225
0.844500
0.844650
0.851350
0.858000
0.863275
0.865325
0.876450
0.893050
0.896425
0.896525
0.897475
0.902950
0.913400
0.926325
0.931100
0.937400
0.955250
0.961550
0.968200
0.980575
1.007800
1.034375
1.041500
1.042600
1.044775
1.105675
1.138600
1.142325
1.225550
1.301925
1.305125
1.342950
1.368800
1.375175
1.429250
1.448975
1.450300
1.500600
1.544650
1.597575
1.749200
1.778275
1.851225
1.870225
1.890975
1.966975
2.090000
2.334000
2.435200
210
