0.001425
0.005625
0.005650
0.013425
0.016750
0.031250
0.036325
0.045000
0.064650
0.077075
0.080700
0.089275
0.096625
0.110300
0.119825
0.125400
0.134150
0.136975
0.141550
0.144800
0.154000
0.159175
0.178800
0.179650
0.192225
0.197900
0.199275
0.199475
0.208425
0.212850
0.213200
0.214900
0.222825
0.223500
0.240100
0.249350
0.250450
0.252725
0.257100
0.262325
0.263350
0.267425
0.267550
0.268825
0.271050
0.277275
0.277600
0.279100
0.287050
0.289700
0.292225
0.293850
0.296625
0.297325
0.306125
0.314050
0.318750
0.328525
0.333900
0.334750
0.334800
0.338425
0.338450
0.340000
0.343700
0.351550
0.353575
0.354100
0.355025
0.359875
0.361450
0.362700
0.363825
0.371625
0.378775
0.385175
0.387250
0.393650
0.394250
0.400100
0.401675
0.402350
0.408100
0.408325
0.412400
0.419350
0.429075
0.433025
0.443425
0.443475
0.451775
0.460675
0.475700
0.477325
0.488775
0.495400
0.497225
0.498175
0.499525
0.504425
0.507275
0.508950
0.523475
0.525050
0.525450
0.558450
0.567400
0.590650
0.591825
0.628375
0.639475
0.642525
0.645525
0.656100
0.656275
0.657125
0.664550
0.669450
0.669725
0.669925
0.675575
0.679975
0.686250
0.694700
0.697275
0.697450
0.704200
0.713725
0.719750
0.723875
0.737450
0.744475
0.745700
0.759300
0.761275
0.765975
0.770525
0.771275
0.780300
0.783725
0.792000
0.793675
0.795000
0.798525
0.816150
0.819250
0.824475
0.841425
0.845275
0.859675
0.861300
0.874825
0.881500
0.892225
0.895275
0.945700
0.948450
0.952875
0.953325
0.956000
0.965475
0.989500
0.992475
0.996050
1.008525
1.018025
1.026175
1.037700
1.039325
1.042975
1.051800
1.061250
1.070275
1.082375
1.086025
1.112000
1.122775
1.168100
1.191850
1.194500
1.197350
1.222650
1.233725
1.246800
1.263475
1.272325
1.272650
1.276475
1.279675
1.284225
1.294675
1.308675
1.313025
1.318350
1.331725
1.409050
1.413550
1.500075
1.514050
1.585300
1.598775
1.716550
1.752000
1.770200
1.786500
1.787225
1.869125
1.915350
1.997900
2.122275
2.395775
211
