0.001575
0.003650
0.009150
0.011500
0.019275
0.027550
0.028875
0.031850
0.042625
0.043775
0.051300
0.073300
0.082275
0.089375
0.089775
0.092775
0.099600
0.103075
0.110750
0.111450
0.113075
0.116975
0.117275
0.118075
0.121500
0.123125
0.130150
0.130275
0.132975
0.138675
0.157550
0.158100
0.160025
0.161675
0.163850
0.165175
0.168225
0.172350
0.173075
0.177325
0.179800
0.183900
0.187800
0.194050
0.199175
0.201650
0.206525
0.208075
0.216150
0.217450
0.218575
0.222675
0.223775
0.226725
0.227925
0.237850
0.238175
0.240925
0.247025
0.256575
0.263175
0.268450
0.279700
0.280125
0.283650
0.284900
0.303800
0.304600
0.304625
0.307525
0.311350
0.319525
0.323625
0.329750
0.331150
0.337500
0.338400
0.345050
0.345875
0.346500
0.349100
0.351100
0.359300
0.360050
0.362250
0.373275
0.375325
0.385950
0.387975
0.388000
0.390425
0.393150
0.403300
0.410250
0.412275
0.420625
0.431375
0.435425
0.441325
0.445050
0.445300
0.451300
0.453050
0.458450
0.467850
0.468450
0.478525
0.497275
0.500950
0.516400
0.520425
0.525125
0.528625
0.528900
0.531525
0.534925
0.539600
0.543350
0.544725
0.546325
0.554025
0.555900
0.558950
0.559525
0.566750
0.568975
0.570975
0.580550
0.585550
0.586525
0.596325
0.607050
0.608950
0.615300
0.616950
0.623775
0.631625
0.631675
0.642750
0.646000
0.646775
0.647775
0.652400
0.659175
0.660575
0.662375
0.664225
0.672600
0.678400
0.693975
0.695500
0.703950
0.706475
0.707375
0.709275
0.709775
0.710825
0.711475
0.713400
0.716950
0.722975
0.728025
0.737325
0.739325
0.744325
0.746075
0.757325
0.760100
0.761100
0.762800
0.776100
0.781050
0.782925
0.784175
0.784200
0.787000
0.793000
0.797475
0.809975
0.826050
0.833450
0.836000
0.841975
0.844475
0.845650
0.846750
0.850225
0.858775
0.859175
0.861025
0.865800
0.871000
0.871725
0.874950
0.878225
0.878825
0.880025
0.880900
0.900950
0.901100
0.938500
0.941300
0.951875
0.956825
0.962450
0.967975
0.974200
0.979425
0.993975
1.001725
1.005900
1.016375
1.024600
1.027550
1.031225
1.031525
1.039825
1.053125
1.056675
1.065800
1.071475
1.076850
1.080350
1.087300
1.088900
1.107225
1.109425
1.118650
1.132300
1.163275
1.169700
1.171650
1.172250
1.177100
1.203300
1.205700
1.209925
1.229525
1.244900
1.279075
1.287125
1.289600
1.309300
1.317125
1.330300
1.340500
1.392550
1.410025
1.429750
1.433750
1.455025
1.458825
1.458850
1.476775
1.493700
1.524050
1.538925
1.579025
1.588475
1.589300
1.620050
1.627875
1.648650
1.676900
1.677050
1.683600
1.692225
1.747850
1.826050
1.839575
1.849725
2.006900
2.049600
2.258325
2.385825
275
