0.001550
0.005625
0.013750
0.014475
0.015575
0.018250
0.018925
0.020950
0.025400
0.030825
0.033425
0.034200
0.041500
0.045375
0.048700
0.053700
0.055625
0.060500
0.067025
0.073175
0.080025
0.084625
0.084975
0.086975
0.091100
0.092525
0.092775
0.095000
0.098325
0.099325
0.099400
0.105700
0.105975
0.108600
0.112450
0.113850
0.114750
0.124875
0.127100
0.139400
0.144975
0.146675
0.150250
0.154200
0.161400
0.172400
0.173475
0.173775
0.181350
0.184500
0.184950
0.185500
0.186225
0.191000
0.193575
0.193775
0.193825
0.200300
0.200575
0.221975
0.222000
0.234525
0.246225
0.249800
0.250400
0.252825
0.254200
0.262400
0.262725
0.266100
0.267800
0.268850
0.270900
0.281775
0.282625
0.284925
0.285825
0.286200
0.291675
0.294175
0.300025
0.303450
0.322350
0.322850
0.324350
0.327250
0.329100
0.329475
0.332175
0.334275
0.338500
0.340475
0.350325
0.351000
0.356950
0.363500
0.367350
0.370200
0.370850
0.381525
0.383350
0.388650
0.391875
0.393350
0.404900
0.411425
0.416625
0.420275
0.429125
0.432000
0.437800
0.443325
0.449525
0.452875
0.460250
0.461200
0.462175
0.464800
0.468250
0.468550
0.483600
0.491000
0.495250
0.499875
0.500475
0.501550
0.502075
0.506475
0.512200
0.512800
0.515950
0.517225
0.519750
0.520200
0.521150
0.525650
0.531125
0.540725
0.542475
0.544650
0.546475
0.546700
0.546950
0.551900
0.553675
0.554625
0.558025
0.559575
0.561650
0.565600
0.565750
0.570850
0.571000
0.579950
0.581100
0.589850
0.596600
0.606975
0.620950
0.629725
0.630450
0.639875
0.642500
0.643200
0.652675
0.655400
0.660575
0.666225
0.667050
0.673450
0.681300
0.682225
0.685100
0.695725
0.699525
0.705200
0.708150
0.713925
0.718925
0.724925
0.729625
0.741750
0.742575
0.743400
0.745925
0.748850
0.749825
0.756875
0.771250
0.777075
0.779425
0.779875
0.782325
0.789575
0.790375
0.803625
0.803800
0.813450
0.814050
0.815400
0.824050
0.828650
0.828750
0.833650
0.837350
0.837900
0.855150
0.859900
0.864225
0.867775
0.868050
0.869525
0.872825
0.876675
0.880025
0.880400
0.881350
0.890500
0.892150
0.893875
0.897325
0.900600
0.909500
0.911800
0.912500
0.918450
0.924200
0.946550
0.947050
0.956050
0.957550
0.981450
0.984000
0.985525
1.017175
1.032150
1.034075
1.036675
1.041775
1.045000
1.047125
1.053375
1.055975
1.074925
1.083050
1.095575
1.100900
1.103325
1.109600
1.113175
1.143000
1.151875
1.166350
1.230125
1.235550
1.236300
1.236775
1.245575
1.250400
1.258125
1.268700
1.279275
1.279375
1.285950
1.316075
1.333025
1.339025
1.355375
1.368075
1.368950
1.387575
1.391925
1.457175
1.515600
1.584825
1.602725
1.641325
1.675050
1.685675
1.829725
1.867750
1.912150
1.973000
2.383350
284
