0.001525
0.002275
0.008375
0.023050
0.026850
0.028500
0.036825
0.041575
0.045400
0.046175
0.047175
0.048250
0.052150
0.060775
0.070400
0.072325
0.074000
0.074075
0.076325
0.080225
0.089350
0.089550
0.090875
0.091175
0.093100
0.098675
0.103300
0.104825
0.106175
0.124600
0.127150
0.145200
0.149025
0.153400
0.153700
0.155375
0.165050
0.170125
0.172225
0.175575
0.176275
0.189275
0.192850
0.193550
0.194975
0.197575
0.201300
0.202075
0.204300
0.206025
0.216525
0.221250
0.222550
0.231150
0.241050
0.246300
0.252975
0.254150
0.262325
0.268300
0.271525
0.280300
0.286975
0.287725
0.287875
0.288650
0.296975
0.299650
0.302475
0.303450
0.304275
0.305850
0.314525
0.318400
0.321450
0.323375
0.329050
0.332375
0.340700
0.345325
0.348025
0.348800
0.356350
0.361800
0.362625
0.363100
0.364025
0.366550
0.378075
0.378800
0.388325
0.393425
0.397150
0.403775
0.405925
0.406325
0.410350
0.411425
0.418650
0.420025
0.422900
0.426200
0.428725
0.439575
0.444900
0.447925
0.450325
0.451150
0.453325
0.453550
0.461325
0.461900
0.473575
0.478000
0.481550
0.487250
0.493850
0.501275
0.510950
0.520350
0.521950
0.524450
0.525025
0.526450
0.528300
0.539300
0.541375
0.547700
0.551000
0.566250
0.569900
0.585900
0.591350
0.596150
0.598000
0.602425
0.609200
0.615575
0.625225
0.625850
0.628775
0.646750
0.651150
0.657225
0.678825
0.682350
0.686250
0.686450
0.688925
0.691225
0.691875
0.695750
0.696175
0.704300
0.706825
0.710025
0.710100
0.712025
0.717100
0.721200
0.725425
0.725475
0.728500
0.730900
0.739500
0.743375
0.748300
0.752525
0.752975
0.769850
0.770325
0.771775
0.776725
0.778025
0.778525
0.779125
0.780475
0.783325
0.791525
0.797775
0.804325
0.805450
0.806050
0.807550
0.808200
0.808950
0.812775
0.816325
0.819025
0.820450
0.821450
0.827850
0.828025
0.830050
0.834500
0.840475
0.853950
0.855275
0.857450
0.858900
0.863600
0.869975
0.870050
0.872725
0.873850
0.880875
0.881750
0.887150
0.904250
0.912775
0.916800
0.917925
0.926925
0.927725
0.931350
0.932775
0.941450
0.943700
0.946200
0.966775
0.971150
0.979975
0.994700
1.005600
1.035375
1.036875
1.061050
1.063025
1.065350
1.084875
1.120275
1.125375
1.139175
1.145425
1.146300
1.183025
1.204450
1.213000
1.229700
1.237775
1.241950
1.245475
1.250025
1.259450
1.261950
1.265325
1.272225
1.272275
1.285250
1.304200
1.378700
1.407425
1.427300
1.463175
1.467225
1.473075
1.484900
1.488075
1.527625
1.543325
1.601200
1.612250
1.632100
1.655150
1.772800
1.776800
1.986475
267
