0.002200
0.005150
0.008200
0.009100
0.011775
0.014625
0.017200
0.023525
0.031200
0.039850
0.043000
0.045625
0.052350
0.057075
0.063450
0.071425
0.082000
0.089250
0.089675
0.091750
0.092250
0.099575
0.110850
0.117350
0.135250
0.148850
0.151925
0.157225
0.159675
0.163000
0.164875
0.170850
0.175125
0.177775
0.184125
0.187050
0.188125
0.204350
0.208900
0.213475
0.219100
0.228075
0.232400
0.243875
0.263800
0.287650
0.289100
0.291000
0.296875
0.298200
0.299375
0.303575
0.308525
0.308900
0.332450
0.333350
0.364025
0.364125
0.369600
0.370275
0.371450
0.371775
0.386300
0.394750
0.398125
0.401000
0.407300
0.414225
0.415575
0.416575
0.423800
0.429025
0.434575
0.442050
0.443275
0.446325
0.447450
0.449400
0.451925
0.454875
0.461500
0.461825
0.462375
0.463275
0.463500
0.467000
0.468250
0.471000
0.473750
0.477050
0.486875
0.489375
0.490700
0.490800
0.497275
0.502425
0.502475
0.508300
0.525300
0.528975
0.536350
0.540450
0.541400
0.543850
0.545250
0.551525
0.557600
0.558975
0.561075
0.561600
0.574675
0.583550
0.587225
0.597125
0.598325
0.605575
0.605900
0.607200
0.620450
0.626825
0.627225
0.629275
0.631875
0.637150
0.639350
0.649125
0.649325
0.649750
0.650075
0.651825
0.661200
0.664950
0.665800
0.677600
0.680250
0.684925
0.690825
0.695275
0.698100
0.699150
0.700675
0.717200
0.719100
0.725775
0.727850
0.735575
0.739450
0.739725
0.756175
0.757050
0.772700
0.772750
0.773375
0.787725
0.789550
0.792775
0.797250
0.804250
0.811450
0.812150
0.814300
0.820350
0.824225
0.827175
0.837400
0.853725
0.856100
0.863075
0.869200
0.874100
0.876300
0.912550
0.915850
0.936400
0.936800
0.943950
0.952850
0.969900
0.972625
0.978425
0.978975
0.982425
0.985075
0.985300
0.986425
0.988075
0.992175
0.993975
0.994400
0.995100
0.996475
1.003975
1.006275
1.009600
1.013225
1.026500
1.028625
1.029425
1.055075
1.058825
1.074775
1.083800
1.084125
1.084275
1.090950
1.108975
1.124900
1.125500
1.139525
1.155925
1.162850
1.174800
1.210400
1.211675
1.213350
1.236175
1.252600
1.262175
1.265075
1.289175
1.296600
1.296650
1.298850
1.339775
1.370475
1.416325
1.425950
1.456100
1.459875
1.495800
1.498025
1.515450
1.644500
1.678725
1.741050
1.796325
1.830525
1.860450
1.950675
1.953500
1.964250
2.044800
2.069300
2.082675
2.230500
2.404725
2.476775
247
