0.002575
0.028050
0.031800
0.036025
0.039850
0.043925
0.044100
0.046075
0.048325
0.048925
0.049200
0.050600
0.058325
0.061775
0.067300
0.067975
0.070825
0.073400
0.084750
0.087375
0.092875
0.098475
0.102825
0.106800
0.110150
0.125200
0.125725
0.128875
0.133000
0.135625
0.137500
0.139250
0.143975
0.147650
0.154700
0.155575
0.157975
0.158725
0.163750
0.167125
0.168750
0.170550
0.173025
0.177000
0.179650
0.186125
0.191750
0.192525
0.195525
0.197100
0.197650
0.202225
0.209600
0.215425
0.224800
0.230125
0.231775
0.250225
0.254925
0.257275
0.259475
0.263700
0.267700
0.268900
0.273800
0.277850
0.278150
0.285325
0.289300
0.291075
0.299625
0.304800
0.304975
0.312975
0.316600
0.318600
0.348425
0.352250
0.362300
0.374950
0.377725
0.380950
0.396625
0.398400
0.400225
0.409900
0.410475
0.411550
0.412375
0.416025
0.418775
0.423925
0.430700
0.439375
0.446025
0.447900
0.473850
0.474400
0.474475
0.474775
0.476875
0.477575
0.478125
0.481150
0.483350
0.484100
0.491625
0.498700
0.502300
0.515225
0.520800
0.524925
0.534200
0.539875
0.541450
0.546400
0.552825
0.552875
0.554800
0.555350
0.555525
0.558000
0.559200
0.559600
0.561825
0.564425
0.567750
0.571425
0.574950
0.576350
0.582100
0.585100
0.590000
0.607500
0.616625
0.619525
0.619675
0.621050
0.635725
0.637600
0.651800
0.654225
0.665025
0.677950
0.681325
0.684050
0.688375
0.693200
0.697075
0.711775
0.715325
0.719375
0.722050
0.724875
0.738875
0.746150
0.759475
0.763850
0.763975
0.764250
0.771025
0.771775
0.783600
0.783950
0.785450
0.787225
0.787925
0.794575
0.798750
0.799575
0.802800
0.810250
0.837325
0.838750
0.838850
0.857000
0.859075
0.862025
0.863125
0.865050
0.871125
0.871475
0.880875
0.884550
0.894275
0.901925
0.906125
0.919975
0.930900
0.945925
0.948625
0.951225
0.969000
0.974050
0.982450
0.990875
0.993375
1.002350
1.019375
1.026825
1.026825
1.035450
1.063225
1.080425
1.081575
1.103200
1.120625
1.143100
1.195300
1.219800
1.221050
1.227600
1.244925
1.249700
1.256975
1.313700
1.320325
1.330225
1.342425
1.397525
1.499275
1.503575
1.533725
1.592500
1.601250
1.614400
1.703775
1.796200
1.838450
1.943200
1.951500
1.960175
2.184400
233
