0.008875
0.011825
0.014100
0.014375
0.024400
0.024800
0.039200
0.044600
0.051675
0.054575
0.057675
0.063800
0.076700
0.077700
0.079825
0.083300
0.084075
0.088775
0.089000
0.089275
0.092550
0.093075
0.108375
0.109775
0.110775
0.112000
0.112300
0.123175
0.126125
0.129925
0.147650
0.149350
0.164925
0.166400
0.169750
0.171300
0.174800
0.187700
0.189150
0.191975
0.192125
0.194850
0.198000
0.203750
0.204175
0.205375
0.215925
0.219725
0.220300
0.225550
0.225850
0.228125
0.228350
0.235375
0.256425
0.257700
0.272150
0.273550
0.277125
0.279600
0.280150
0.282150
0.284050
0.284500
0.287925
0.287975
0.298750
0.305050
0.307925
0.310800
0.322650
0.328000
0.328875
0.346175
0.348075
0.349000
0.349450
0.352375
0.353175
0.354425
0.360175
0.371700
0.384350
0.385350
0.387675
0.393675
0.394100
0.394400
0.395225
0.396750
0.401450
0.404775
0.412200
0.413300
0.425050
0.429800
0.433425
0.435575
0.443725
0.455200
0.457250
0.462025
0.462100
0.471100
0.474125
0.476450
0.485225
0.495975
0.503675
0.506050
0.507225
0.507875
0.511275
0.513150
0.515000
0.516625
0.517450
0.520725
0.522625
0.525975
0.536950
0.537475
0.539275
0.548825
0.549625
0.553925
0.565725
0.567225
0.571725
0.576125
0.582700
0.584225
0.590825
0.594925
0.610350
0.614100
0.624400
0.627900
0.628800
0.635275
0.635300
0.638275
0.641925
0.653425
0.666625
0.667825
0.668475
0.669200
0.670350
0.671175
0.680625
0.687100
0.693400
0.694325
0.696850
0.698525
0.702000
0.705725
0.707375
0.708250
0.713575
0.714650
0.716900
0.721275
0.729825
0.729875
0.730750
0.735625
0.738500
0.744200
0.744275
0.748525
0.763950
0.769225
0.769575
0.771600
0.778425
0.781700
0.786875
0.788975
0.795950
0.796600
0.796925
0.799550
0.803025
0.803350
0.806525
0.812800
0.812925
0.813425
0.814725
0.816525
0.823300
0.827550
0.840075
0.845300
0.855900
0.858650
0.880025
0.889725
0.892550
0.898500
0.902350
0.908050
0.910875
0.923425
0.934150
0.935275
0.961675
0.970425
0.974125
1.001850
1.011825
1.015975
1.019725
1.033725
1.039050
1.054925
1.055050
1.058900
1.065425
1.070750
1.078025
1.082975
1.084650
1.092500
1.097050
1.102275
1.133325
1.135425
1.161050
1.162175
1.178175
1.179125
1.190850
1.234800
1.243550
1.327100
1.336100
1.369975
1.386325
1.395075
1.401825
1.431525
1.469650
1.498175
1.546525
1.589425
1.625550
1.639025
1.707875
1.799325
1.834950
1.962725
1.994300
2.171575
2.487825
257
