0.001000
0.002750
0.003700
0.021050
0.021400
0.023525
0.028550
0.032575
0.033625
0.039150
0.043375
0.046150
0.049150
0.051650
0.052650
0.063250
0.067175
0.067325
0.073000
0.079700
0.080525
0.083475
0.083825
0.084750
0.086575
0.090600
0.091025
0.092475
0.097075
0.102850
0.108475
0.120125
0.125850
0.129875
0.130050
0.132500
0.134750
0.134925
0.135025
0.144825
0.149975
0.152350
0.166175
0.182700
0.188075
0.199900
0.202000
0.204125
0.212175
0.221950
0.223200
0.225675
0.225750
0.232675
0.242625
0.245650
0.247600
0.250600
0.256100
0.258075
0.264250
0.267650
0.274225
0.284100
0.289625
0.305975
0.307700
0.316750
0.317275
0.318500
0.319675
0.321100
0.322800
0.324875
0.325200
0.326925
0.328475
0.337900
0.339625
0.341100
0.349625
0.350025
0.350850
0.355875
0.355950
0.359775
0.361800
0.367225
0.384375
0.394725
0.399700
0.402025
0.406825
0.408025
0.408925
0.409375
0.409575
0.410625
0.416625
0.417000
0.420025
0.426400
0.428075
0.434975
0.437950
0.438625
0.447900
0.452750
0.453150
0.454625
0.469025
0.469375
0.469850
0.471600
0.478325
0.483850
0.490250
0.510600
0.513025
0.515550
0.516300
0.523750
0.523825
0.533000
0.539125
0.540150
0.543875
0.551075
0.552275
0.563575
0.567925
0.587900
0.590275
0.592750
0.595275
0.596075
0.598225
0.598525
0.599450
0.599525
0.606375
0.607925
0.608825
0.612750
0.625825
0.627750
0.630200
0.632525
0.638350
0.642800
0.643350
0.646425
0.662125
0.663775
0.672525
0.676150
0.676875
0.683225
0.685350
0.685350
0.686500
0.689175
0.691775
0.705550
0.709600
0.713425
0.717000
0.719350
0.719500
0.720775
0.724700
0.725825
0.730725
0.732950
0.735150
0.745250
0.747925
0.748300
0.749775
0.750800
0.758200
0.758425
0.764600
0.764875
0.768250
0.768375
0.771200
0.771400
0.775975
0.781125
0.785025
0.790825
0.796700
0.807550
0.810625
0.813850
0.822325
0.824500
0.826600
0.829425
0.830600
0.831350
0.842550
0.847925
0.848650
0.852025
0.857600
0.865725
0.877350
0.881975
0.884000
0.891175
0.893525
0.896450
0.897300
0.915550
0.917550
0.929275
0.934325
0.937275
0.941150
0.943800
0.951375
0.955850
0.959900
0.960450
0.963825
0.980075
1.001575
1.014450
1.014975
1.018525
1.024775
1.032125
1.041925
1.062150
1.070125
1.095850
1.102275
1.103800
1.109500
1.119150
1.123375
1.125975
1.128025
1.134600
1.143550
1.211700
1.231125
1.234050
1.234875
1.238050
1.260225
1.266725
1.266975
1.270800
1.271775
1.293700
1.300750
1.313325
1.347475
1.352025
1.358350
1.365875
1.410100
1.416900
1.436525
1.482675
1.504525
1.508075
1.580600
1.595475
1.652300
1.792175
1.796000
1.798075
1.833275
1.875200
1.956275
2.137250
2.329000
281
