0.001025
0.003000
0.009575
0.011625
0.015900
0.016275
0.017500
0.018875
0.019800
0.020925
0.022325
0.026275
0.027275
0.031025
0.045075
0.048375
0.052500
0.054550
0.056725
0.067950
0.087025
0.092325
0.095800
0.102850
0.105700
0.110900
0.112375
0.112675
0.115475
0.126250
0.133975
0.153100
0.155900
0.156925
0.160000
0.163575
0.164825
0.166375
0.166900
0.174675
0.178550
0.185575
0.187325
0.188175
0.188325
0.190350
0.200075
0.209425
0.209950
0.215525
0.217775
0.222000
0.224525
0.231250
0.235525
0.235550
0.239050
0.261700
0.262700
0.266750
0.271550
0.276950
0.278150
0.280950
0.282700
0.286175
0.287950
0.288725
0.300500
0.302800
0.303575
0.304475
0.305550
0.307475
0.309125
0.313250
0.314150
0.314500
0.320475
0.327200
0.330250
0.330650
0.334875
0.337825
0.338375
0.349425
0.351025
0.365425
0.366675
0.369325
0.373425
0.379050
0.379650
0.384950
0.388250
0.394175
0.410025
0.414925
0.431950
0.446925
0.451600
0.451950
0.454400
0.454425
0.457675
0.466475
0.469175
0.473600
0.474925
0.479025
0.482250
0.483475
0.486975
0.494375
0.495925
0.497850
0.498225
0.500650
0.506875
0.507700
0.509500
0.516950
0.520025
0.534100
0.536100
0.537700
0.539725
0.552650
0.556250
0.557325
0.571450
0.573800
0.590575
0.593850
0.594650
0.597500
0.602725
0.607050
0.615950
0.619150
0.626100
0.626150
0.635975
0.637550
0.638950
0.648775
0.651150
0.652075
0.654525
0.657450
0.660450
0.667600
0.676900
0.699725
0.707775
0.708450
0.713350
0.716500
0.721875
0.732875
0.738550
0.740575
0.742050
0.748900
0.757525
0.760650
0.771200
0.774050
0.777225
0.783350
0.806975
0.811500
0.815300
0.817375
0.818625
0.824075
0.830150
0.836350
0.837275
0.838825
0.842400
0.846525
0.873150
0.883875
0.893425
0.898725
0.902900
0.905400
0.907875
0.907925
0.908450
0.908850
0.912100
0.917625
0.923400
0.939700
0.944925
0.956275
0.975525
0.978500
0.983925
0.985475
0.987850
0.988750
0.989950
1.019375
1.036850
1.037875
1.076375
1.078400
1.092250
1.143275
1.151550
1.163325
1.180050
1.188475
1.203025
1.205625
1.211375
1.217125
1.245200
1.251375
1.263350
1.268425
1.289675
1.319750
1.331800
1.343600
1.371225
1.371875
1.388750
1.419300
1.435725
1.492900
1.511450
1.515725
1.524350
1.589100
1.621000
1.622600
1.689475
1.864825
1.873950
1.888925
1.891025
1.945375
2.218200
2.350500
248
