0.000925
0.001150
0.001625
0.004500
0.014425
0.015375
0.018725
0.027900
0.028925
0.035800
0.039700
0.039850
0.041625
0.041750
0.044625
0.047275
0.048675
0.050675
0.053925
0.061525
0.065175
0.068175
0.073850
0.074450
0.076675
0.079625
0.097025
0.098400
0.108050
0.108075
0.114150
0.115125
0.119725
0.121825
0.127875
0.129850
0.132350
0.133250
0.143400
0.148300
0.152800
0.154700
0.155400
0.160275
0.171225
0.172300
0.176500
0.180425
0.180550
0.183750
0.184000
0.184125
0.197800
0.200675
0.211050
0.214025
0.215950
0.218525
0.219175
0.226400
0.227800
0.240500
0.242700
0.243625
0.246325
0.248250
0.250275
0.253125
0.258150
0.261900
0.264250
0.270600
0.270700
0.271100
0.278125
0.284200
0.284300
0.292650
0.299200
0.300275
0.306775
0.317475
0.317525
0.320900
0.321200
0.338775
0.338875
0.346400
0.350050
0.350175
0.350300
0.352675
0.355150
0.358050
0.367400
0.368525
0.369300
0.372875
0.377925
0.380050
0.387400
0.391725
0.406675
0.408550
0.408975
0.409675
0.414025
0.415475
0.419275
0.419625
0.424450
0.425125
0.426300
0.431625
0.434400
0.434725
0.435200
0.435750
0.438100
0.439050
0.439325
0.442275
0.446550
0.456625
0.457425
0.457825
0.459700
0.470175
0.471425
0.475925
0.478200
0.480425
0.480775
0.486175
0.486500
0.520725
0.523775
0.527475
0.531600
0.532075
0.536650
0.539075
0.541625
0.546000
0.548925
0.551375
0.558600
0.563925
0.567750
0.569350
0.570350
0.574950
0.585600
0.591200
0.594550
0.604000
0.610450
0.623225
0.624000
0.626375
0.628900
0.635300
0.649275
0.654250
0.660750
0.661750
0.662525
0.662800
0.663550
0.668250
0.674625
0.683825
0.685125
0.686075
0.689825
0.696325
0.703950
0.706975
0.709350
0.715400
0.735275
0.735725
0.742125
0.745350
0.748150
0.748625
0.750225
0.751650
0.753325
0.757625
0.757725
0.774650
0.775375
0.778725
0.792725
0.792750
0.793450
0.797300
0.800350
0.808875
0.816425
0.816500
0.818975
0.823150
0.823250
0.842775
0.844200
0.848550
0.851025
0.862625
0.864325
0.866450
0.875400
0.877125
0.881400
0.888800
0.890375
0.896600
0.898900
0.900725
0.901800
0.902300
0.902525
0.903050
0.904100
0.919900
0.919900
0.933425
0.936050
0.948725
0.950350
0.956325
0.966925
0.984575
0.991000
0.991775
0.993625
0.998650
1.015150
1.027250
1.030750
1.030900
1.039000
1.039975
1.049525
1.052625
1.080300
1.083300
1.084725
1.087825
1.092950
1.129975
1.150000
1.164475
1.168175
1.176100
1.196875
1.200150
1.211150
1.213700
1.226250
1.231625
1.275225
1.299350
1.331925
1.347375
1.363800
1.395175
1.399800
1.405775
1.406625
1.542175
1.573775
1.603100
1.609475
1.637500
1.677525
1.685600
1.701675
1.912925
1.930400
2.017275
2.064075
2.106100
2.145350
2.196300
2.351800
2.497925
2.498100
289
