0.001375
0.008600
0.008650
0.010525
0.014475
0.020775
0.021625
0.032425
0.033650
0.037925
0.049700
0.051625
0.052475
0.063100
0.066100
0.071250
0.074675
0.076750
0.083650
0.087925
0.089950
0.092625
0.097225
0.097500
0.100300
0.108325
0.108625
0.110700
0.111550
0.119075
0.119850
0.125400
0.129600
0.135075
0.135275
0.140250
0.145475
0.147625
0.154150
0.164425
0.180700
0.185800
0.186525
0.199775
0.202800
0.204700
0.211575
0.212375
0.216475
0.221825
0.221900
0.222400
0.243475
0.245900
0.246325
0.249925
0.252925
0.258450
0.258525
0.264100
0.267225
0.267750
0.272925
0.289950
0.293475
0.298925
0.301050
0.301525
0.307025
0.310825
0.318025
0.323325
0.323900
0.323925
0.325325
0.326625
0.341375
0.357500
0.362325
0.371875
0.378350
0.378600
0.380625
0.387600
0.394650
0.397025
0.399925
0.402700
0.414050
0.415275
0.418450
0.431025
0.431025
0.431275
0.434625
0.436325
0.439625
0.444725
0.449450
0.452400
0.459600
0.461175
0.465525
0.465775
0.468350
0.473775
0.474675
0.490700
0.503050
0.503925
0.504125
0.507825
0.513350
0.513900
0.515625
0.521975
0.532200
0.532850
0.535000
0.535025
0.545125
0.545875
0.550650
0.555825
0.559600
0.563625
0.569700
0.573925
0.574850
0.585050
0.587325
0.587700
0.597850
0.600225
0.600600
0.604925
0.611075
0.614350
0.621575
0.621775
0.633050
0.649225
0.650400
0.650525
0.656250
0.656350
0.666700
0.667325
0.671575
0.671875
0.674750
0.676800
0.677275
0.680500
0.693225
0.696900
0.698025
0.700225
0.711100
0.717075
0.720825
0.722725
0.729450
0.730225
0.732450
0.733200
0.734275
0.737700
0.740525
0.744025
0.749075
0.752000
0.754100
0.778925
0.779250
0.781525
0.787375
0.797275
0.798425
0.805250
0.808175
0.811625
0.817675
0.826025
0.829600
0.837550
0.838050
0.843825
0.846850
0.854200
0.864850
0.868975
0.870875
0.877825
0.884525
0.914175
0.922325
0.931650
0.936300
0.948425
0.980800
0.980975
0.983400
1.000650
1.037550
1.050075
1.061050
1.071850
1.078325
1.078875
1.105375
1.115800
1.124325
1.128300
1.141750
1.197200
1.207775
1.208450
1.223350
1.228800
1.261575
1.274075
1.278500
1.311375
1.400725
1.421550
1.449150
1.510950
1.533850
1.622175
1.626525
1.627225
1.681000
1.757150
1.765700
1.831750
2.003650
2.050250
2.076125
2.161900
2.242675
241
