0.000150
0.005750
0.009925
0.016275
0.024525
0.031075
0.031500
0.036150
0.036900
0.041375
0.047850
0.049125
0.053450
0.054325
0.059025
0.060500
0.061000
0.066500
0.071225
0.073800
0.074925
0.075350
0.077100
0.079200
0.082875
0.082900
0.084150
0.088425
0.089750
0.095000
0.100250
0.101325
0.103775
0.103825
0.105575
0.113400
0.120375
0.129875
0.134275
0.134500
0.136400
0.139550
0.146750
0.155175
0.160350
0.168025
0.173600
0.175550
0.177625
0.178525
0.181575
0.192725
0.197200
0.210050
0.210775
0.217075
0.233625
0.236600
0.240600
0.246275
0.249200
0.252225
0.255525
0.272000
0.281375
0.285000
0.285175
0.314400
0.316200
0.324525
0.328325
0.334400
0.336250
0.339750
0.346600
0.353300
0.356575
0.362550
0.362900
0.364025
0.379875
0.384175
0.389550
0.390225
0.393200
0.393300
0.397925
0.416275
0.424900
0.432400
0.436225
0.445850
0.455125
0.464325
0.469025
0.473500
0.474050
0.476750
0.479800
0.486475
0.487200
0.488225
0.502350
0.509900
0.512850
0.523250
0.524025
0.524675
0.527500
0.531650
0.532650
0.536300
0.550550
0.558375
0.563200
0.566975
0.579000
0.581425
0.593650
0.594975
0.604650
0.606475
0.608050
0.622200
0.625400
0.630025
0.636300
0.639550
0.644825
0.649750
0.652975
0.655950
0.659350
0.667150
0.670475
0.680050
0.682850
0.688075
0.688700
0.690475
0.693125
0.694900
0.698675
0.699775
0.700650
0.701525
0.714000
0.723850
0.725275
0.744500
0.745375
0.749450
0.762200
0.762375
0.763575
0.764225
0.770075
0.777125
0.782175
0.787625
0.787800
0.794425
0.795600
0.805800
0.806950
0.812100
0.817025
0.826700
0.835325
0.854775
0.860700
0.873200
0.878475
0.884950
0.889550
0.898075
0.919850
0.924575
0.928950
0.932975
0.933400
0.949325
0.970275
0.971425
0.971700
0.974350
0.983625
0.987800
0.994675
0.995625
0.995975
1.005575
1.007975
1.018275
1.047100
1.059050
1.076300
1.076350
1.081800
1.085250
1.088400
1.091025
1.104275
1.106575
1.108450
1.129450
1.147425
1.153700
1.165400
1.171775
1.202675
1.218375
1.252275
1.253750
1.255900
1.258675
1.330025
1.333600
1.340725
1.343475
1.352550
1.355725
1.381025
1.398425
1.414400
1.414750
1.574900
1.589175
1.593600
1.638075
1.679625
1.685750
1.706425
1.777325
1.827475
1.849700
1.909750
1.910325
1.978750
2.064425
2.081625
2.230925
2.297250
2.492550
244
