0.000575
0.003175
0.017025
0.019700
0.019875
0.020575
0.025300
0.049525
0.052375
0.052650
0.058475
0.063725
0.067150
0.067900
0.068825
0.069300
0.069400
0.069575
0.070000
0.074100
0.078200
0.079450
0.094975
0.095200
0.096050
0.097575
0.101625
0.101925
0.111125
0.131575
0.133375
0.134975
0.135250
0.141275
0.141425
0.143500
0.145925
0.156725
0.159950
0.162250
0.162650
0.166000
0.168450
0.178375
0.181275
0.187875
0.189625
0.189875
0.191175
0.201125
0.205900
0.207825
0.209400
0.212350
0.212425
0.212550
0.214150
0.224400
0.226000
0.231825
0.246725
0.251050
0.254600
0.255925
0.259950
0.262250
0.267650
0.270450
0.275800
0.284075
0.286475
0.292075
0.293775
0.294650
0.299725
0.300375
0.300650
0.303225
0.308150
0.315100
0.322600
0.337650
0.347000
0.349125
0.351625
0.353875
0.362550
0.362950
0.364725
0.368925
0.369275
0.369350
0.369600
0.370075
0.373875
0.388100
0.392725
0.392875
0.398700
0.400375
0.401000
0.403825
0.405875
0.415800
0.417250
0.418350
0.421300
0.424025
0.424375
0.433550
0.442150
0.446325
0.450300
0.452975
0.458775
0.471225
0.474300
0.477525
0.478600
0.479950
0.483650
0.487400
0.488800
0.491300
0.499775
0.503275
0.505725
0.509025
0.512450
0.524300
0.525900
0.539800
0.546825
0.547800
0.549475
0.557700
0.560200
0.565075
0.575175
0.577850
0.579825
0.586925
0.598200
0.599125
0.607075
0.612975
0.619800
0.620700
0.620800
0.632425
0.646075
0.659750
0.681125
0.685350
0.696175
0.700675
0.701100
0.713025
0.714825
0.718125
0.723750
0.729900
0.729950
0.734975
0.738750
0.743650
0.755350
0.762650
0.764700
0.765300
0.781850
0.783875
0.797575
0.800050
0.803575
0.805775
0.811375
0.815700
0.824700
0.824950
0.833750
0.838875
0.841250
0.852775
0.858925
0.859725
0.862000
0.864375
0.870350
0.870525
0.872950
0.882900
0.890975
0.891400
0.892900
0.899050
0.900675
0.902650
0.903350
0.917700
0.922000
0.923425
0.925275
0.930225
0.930750
0.948725
0.950000
0.953125
0.954775
0.972750
0.989550
0.997025
0.999200
1.028725
1.030825
1.040775
1.042800
1.047225
1.061675
1.065950
1.068650
1.068650
1.070125
1.074625
1.081500
1.091525
1.097550
1.109300
1.124550
1.150850
1.196300
1.196650
1.201425
1.226050
1.228375
1.229275
1.250025
1.251675
1.294725
1.295650
1.303150
1.333850
1.343925
1.349600
1.440650
1.482075
1.518800
1.524200
1.559375
1.564825
1.585075
1.618875
1.652075
1.653425
1.690650
1.773675
1.910950
1.939075
2.009350
2.009375
260
