0.004850
0.005225
0.010725
0.010925
0.021575
0.027675
0.028025
0.029775
0.030525
0.035300
0.037650
0.037825
0.040125
0.044375
0.053850
0.053900
0.055525
0.056000
0.062975
0.064025
0.065675
0.072125
0.074075
0.077050
0.078425
0.081700
0.100100
0.103700
0.104500
0.116350
0.120475
0.128575
0.134225
0.138600
0.139825
0.148625
0.149075
0.151225
0.154475
0.155150
0.162900
0.163725
0.165375
0.167575
0.171475
0.182675
0.184775
0.186125
0.193150
0.205550
0.207750
0.211100
0.216850
0.219525
0.221200
0.226825
0.233025
0.233925
0.238575
0.242800
0.244575
0.263025
0.269725
0.286900
0.289550
0.293800
0.294300
0.297525
0.297550
0.297900
0.298150
0.304650
0.306850
0.315050
0.322725
0.323875
0.335575
0.340525
0.342600
0.347425
0.356300
0.356975
0.362300
0.362700
0.370025
0.371000
0.374250
0.375825
0.375850
0.397375
0.397600
0.403450
0.403600
0.403850
0.405575
0.406100
0.406725
0.407050
0.416025
0.418800
0.419900
0.421225
0.429125
0.429550
0.430175
0.431075
0.432125
0.434425
0.441700
0.442175
0.450600
0.450925
0.455300
0.455475
0.459575
0.464900
0.465775
0.466075
0.467675
0.470700
0.473475
0.479325
0.479475
0.488025
0.493325
0.495875
0.500075
0.507300
0.507700
0.508025
0.508550
0.515425
0.522600
0.530100
0.535225
0.541950
0.555175
0.573850
0.576575
0.583475
0.598575
0.599400
0.602150
0.603625
0.607200
0.611550
0.614025
0.620175
0.621400
0.627375
0.628675
0.632725
0.634550
0.635100
0.644150
0.644700
0.645475
0.647950
0.649525
0.652125
0.656600
0.656625
0.656650
0.660550
0.661775
0.667575
0.668925
0.685000
0.687350
0.688325
0.689900
0.695100
0.699700
0.702600
0.706475
0.711275
0.722250
0.727350
0.740000
0.741625
0.744450
0.745025
0.748900
0.758650
0.764700
0.766950
0.769000
0.791050
0.799825
0.822150
0.826300
0.828600
0.830700
0.832325
0.834300
0.834800
0.836625
0.841800
0.843650
0.845650
0.849825
0.853000
0.857300
0.875125
0.876975
0.877775
0.878150
0.890050
0.891400
0.896825
0.898875
0.902650
0.906800
0.912400
0.917100
0.919525
0.926675
0.933500
0.938775
0.948125
0.957700
0.962325
0.963825
0.969250
0.973275
0.973925
0.986425
0.989775
0.992475
0.997400
1.028425
1.028775
1.039325
1.043025
1.081300
1.083800
1.095825
1.098425
1.121700
1.129850
1.142000
1.157475
1.186800
1.225600
1.247875
1.257700
1.262750
1.271950
1.274725
1.278000
1.314075
1.333825
1.342300
1.345500
1.370875
1.393325
1.427200
1.436475
1.441300
1.473400
1.488750
1.523700
1.577075
1.660100
1.688925
1.703950
1.762500
1.763725
1.942950
2.112200
2.155925
2.253575
272
