0.005325
0.009875
0.010625
0.013200
0.018900
0.021700
0.023850
0.030575
0.034075
0.036825
0.044250
0.046000
0.051600
0.065925
0.067875
0.075175
0.075925
0.080650
0.084925
0.087100
0.089450
0.091000
0.094425
0.094900
0.100900
0.112525
0.133025
0.153700
0.166750
0.173975
0.176275
0.177350
0.182300
0.184700
0.187050
0.188200
0.189750
0.198975
0.200300
0.200675
0.206975
0.208000
0.221550
0.227625
0.235400
0.237025
0.237575
0.242400
0.243275
0.244625
0.244950
0.252325
0.252550
0.253625
0.254650
0.255300
0.255500
0.257725
0.260325
0.264400
0.266475
0.269125
0.277350
0.287850
0.289750
0.297500
0.298300
0.299150
0.300475
0.310850
0.313675
0.323200
0.327525
0.333575
0.343000
0.349675
0.352350
0.352950
0.357100
0.358225
0.378200
0.378700
0.381350
0.384175
0.388325
0.391175
0.395250
0.402700
0.404750
0.407675
0.408350
0.411825
0.415425
0.420725
0.422725
0.425625
0.433400
0.442625
0.445850
0.450075
0.451150
0.456050
0.459025
0.460075
0.460550
0.473950
0.474900
0.491075
0.491850
0.492525
0.492750
0.493850
0.499400
0.512275
0.512850
0.515875
0.520825
0.521450
0.524875
0.528400
0.530725
0.530725
0.531100
0.538200
0.545400
0.547150
0.553650
0.562450
0.563000
0.569200
0.574775
0.574975
0.577150
0.580575
0.587600
0.588375
0.589975
0.608300
0.610225
0.615950
0.625500
0.626000
0.632775
0.636025
0.642475
0.644000
0.646950
0.649750
0.665725
0.668875
0.677050
0.677875
0.682375
0.684725
0.692525
0.695275
0.697175
0.708675
0.710150
0.713675
0.714850
0.718075
0.727900
0.731025
0.731400
0.741300
0.751250
0.755175
0.755925
0.759775
0.772350
0.777825
0.787125
0.789500
0.800400
0.807125
0.825125
0.833900
0.834475
0.834575
0.834875
0.840325
0.840850
0.843900
0.861150
0.865325
0.870325
0.892250
0.893125
0.898650
0.899075
0.912475
0.914425
0.935250
0.945475
0.948775
0.956200
0.961175
0.967500
0.968500
0.974350
0.980375
0.988275
0.993475
0.994050
1.012350
1.017875
1.021950
1.025250
1.035350
1.042500
1.046125
1.061575
1.091550
1.092150
1.108475
1.114700
1.117900
1.117975
1.119250
1.149525
1.158325
1.162775
1.171125
1.203775
1.236500
1.254375
1.278550
1.305425
1.322800
1.328200
1.331425
1.338975
1.349050
1.354650
1.372625
1.382425
1.385075
1.416075
1.477825
1.530950
1.567175
1.611175
1.626625
1.715000
1.781875
1.784975
1.796100
1.800200
1.900025
2.005425
2.076875
2.085925
2.124525
2.225300
2.397375
256
