0.017600
0.017700
0.018625
0.021200
0.021750
0.025050
0.027875
0.037425
0.043625
0.047550
0.048125
0.050100
0.051650
0.052550
0.055975
0.062850
0.070750
0.076850
0.077800
0.086525
0.091275
0.094325
0.100225
0.101875
0.111000
0.113925
0.118475
0.133725
0.137025
0.140950
0.142025
0.142050
0.142250
0.143325
0.146225
0.148150
0.150200
0.152150
0.158350
0.166275
0.170275
0.173050
0.175425
0.175525
0.176350
0.180450
0.181825
0.190525
0.194825
0.216475
0.219225
0.235100
0.239650
0.249125
0.270300
0.271100
0.278150
0.279425
0.280200
0.284125
0.290375
0.320125
0.320750
0.321900
0.323850
0.326200
0.326325
0.329000
0.330575
0.333150
0.335425
0.336300
0.340950
0.350575
0.352650
0.354225
0.355075
0.362600
0.363550
0.371125
0.381575
0.382800
0.382800
0.394975
0.395350
0.403125
0.405925
0.410725
0.442525
0.444500
0.448950
0.452425
0.457950
0.475375
0.479500
0.494875
0.496950
0.498350
0.518925
0.522075
0.524225
0.525950
0.528225
0.529850
0.529925
0.531150
0.531775
0.533825
0.549050
0.550775
0.555200
0.558400
0.565525
0.568000
0.570150
0.574450
0.583275
0.586925
0.601925
0.603550
0.605050
0.608450
0.611125
0.611475
0.611875
0.615375
0.617125
0.619525
0.622175
0.627725
0.629675
0.633725
0.638025
0.638925
0.639075
0.645050
0.648075
0.657725
0.663700
0.666675
0.670650
0.672850
0.676200
0.677175
0.677325
0.678600
0.679350
0.679425
0.683500
0.706650
0.725475
0.726350
0.727800
0.734050
0.742600
0.745175
0.749800
0.752050
0.754550
0.755075
0.761400
0.762750
0.764175
0.770225
0.775250
0.782125
0.784100
0.798325
0.800125
0.803525
0.807450
0.810375
0.825575
0.840925
0.851400
0.856400
0.856450
0.864700
0.876725
0.882900
0.887300
0.894075
0.896900
0.900000
0.905450
0.906825
0.908875
0.911550
0.918575
0.928300
0.935825
0.947425
0.949400
0.953100
0.974800
0.983125
0.987675
1.004150
1.009800
1.058625
1.070350
1.075375
1.078350
1.087375
1.100325
1.126300
1.141075
1.147975
1.177800
1.185600
1.221075
1.234850
1.236100
1.258300
1.262000
1.339225
1.339450
1.354425
1.405200
1.428400
1.441925
1.468125
1.495800
1.576275
1.581550
1.584775
1.648400
1.674225
1.790825
1.853775
1.926525
2.118675
2.136775
2.320900
234
