0.002400
0.004425
0.005550
0.006650
0.018925
0.042100
0.044900
0.049875
0.051025
0.052100
0.052700
0.063000
0.066250
0.067050
0.068975
0.070250
0.071825
0.072300
0.076350
0.088675
0.089325
0.089475
0.097125
0.103775
0.104650
0.105725
0.107950
0.111550
0.111550
0.111650
0.113450
0.117900
0.119425
0.127675
0.128650
0.129400
0.130575
0.132700
0.135775
0.136900
0.137375
0.140125
0.141600
0.144000
0.145125
0.149525
0.155525
0.159200
0.166150
0.168775
0.175400
0.176825
0.177500
0.193925
0.200400
0.207225
0.208575
0.209400
0.217950
0.228850
0.229225
0.246225
0.251150
0.251325
0.266400
0.266625
0.268175
0.270800
0.282775
0.283325
0.284825
0.286425
0.290925
0.292800
0.295500
0.300025
0.309125
0.310100
0.310200
0.311750
0.314775
0.315825
0.321975
0.328350
0.336200
0.343050
0.344925
0.346250
0.355350
0.359375
0.359975
0.362150
0.363825
0.368925
0.372475
0.378150
0.378475
0.379500
0.380700
0.383250
0.384725
0.386325
0.389300
0.390825
0.391400
0.395300
0.412500
0.418400
0.420400
0.423400
0.425625
0.427600
0.434600
0.435600
0.436800
0.438500
0.456650
0.457825
0.458150
0.459000
0.462725
0.465700
0.465775
0.467325
0.483325
0.484275
0.486625
0.489325
0.490675
0.491025
0.509250
0.511125
0.517800
0.519400
0.520900
0.523025
0.527100
0.531150
0.540525
0.540700
0.548325
0.551300
0.553925
0.553975
0.555025
0.559725
0.563050
0.566425
0.569075
0.573300
0.580250
0.588975
0.591550
0.591550
0.600275
0.603825
0.607400
0.613850
0.614325
0.616275
0.616550
0.624100
0.625950
0.632075
0.634550
0.636525
0.639675
0.642325
0.645550
0.654650
0.655225
0.655350
0.656675
0.660100
0.664450
0.671150
0.674825
0.678500
0.681850
0.684150
0.697175
0.700425
0.701375
0.701600
0.704100
0.720900
0.721250
0.730075
0.736200
0.736300
0.737625
0.744175
0.757300
0.760400
0.763425
0.763500
0.775450
0.778475
0.780275
0.780875
0.783550
0.798750
0.803300
0.803750
0.809550
0.815150
0.821150
0.826700
0.834375
0.842450
0.843650
0.843750
0.844875
0.850600
0.853000
0.856575
0.862200
0.870350
0.871775
0.873625
0.875100
0.876600
0.881500
0.885175
0.885525
0.892450
0.897550
0.899100
0.907750
0.908500
0.909550
0.909625
0.913675
0.920400
0.937500
0.938600
0.963450
0.963975
0.969575
0.996825
1.001825
1.007675
1.011850
1.022025
1.022775
1.025775
1.032475
1.065750
1.091925
1.096725
1.111075
1.120575
1.124425
1.149675
1.160225
1.166850
1.169025
1.182375
1.187600
1.217300
1.217450
1.220075
1.230625
1.236425
1.236500
1.240100
1.244275
1.250650
1.252675
1.257000
1.283950
1.287000
1.335300
1.356250
1.359100
1.385125
1.385400
1.404175
1.453425
1.497150
1.535050
1.556900
1.612475
1.619925
1.624475
1.780400
1.795150
2.083000
2.146375
2.222800
2.446000
291
