0.000475
0.001075
0.014050
0.014425
0.027425
0.031500
0.042350
0.054400
0.055900
0.057600
0.061925
0.069000
0.073625
0.077825
0.085475
0.089225
0.090800
0.090925
0.091475
0.093575
0.097725
0.099350
0.109125
0.112775
0.118000
0.118875
0.128150
0.128600
0.132900
0.136500
0.140500
0.170300
0.174500
0.174800
0.182975
0.183050
0.191300
0.192225
0.212400
0.216900
0.224525
0.233400
0.240025
0.251875
0.258025
0.261200
0.271550
0.273200
0.276375
0.279050
0.286575
0.289175
0.292225
0.292825
0.303375
0.321025
0.330450
0.331325
0.334700
0.336600
0.338425
0.344875
0.346700
0.347500
0.355200
0.355825
0.356350
0.366125
0.366200
0.371225
0.377825
0.386450
0.394000
0.398950
0.403600
0.418650
0.420650
0.421825
0.421900
0.425800
0.432000
0.433850
0.433900
0.434450
0.449425
0.455075
0.455525
0.471425
0.474800
0.477700
0.484525
0.490725
0.492525
0.496000
0.498025
0.502700
0.511175
0.514675
0.515075
0.516750
0.518100
0.523100
0.528150
0.535175
0.535900
0.540575
0.544500
0.546575
0.559650
0.559900
0.560400
0.568575
0.568800
0.568850
0.569750
0.573050
0.573150
0.576975
0.578650
0.582025
0.584325
0.587925
0.593275
0.593900
0.595825
0.605425
0.605875
0.606325
0.607050
0.615575
0.616225
0.631875
0.635675
0.641825
0.641900
0.643500
0.645100
0.645825
0.649375
0.652875
0.655325
0.661825
0.662600
0.665775
0.667925
0.679925
0.690025
0.693575
0.693650
0.696000
0.701025
0.702425
0.719425
0.720350
0.721125
0.725475
0.728550
0.729800
0.730900
0.736225
0.743575
0.746800
0.748575
0.764300
0.767325
0.767650
0.793525
0.794225
0.805350
0.808050
0.812425
0.813775
0.817900
0.820100
0.824950
0.825850
0.828025
0.830775
0.835725
0.837750
0.844650
0.846525
0.858000
0.862450
0.869250
0.875700
0.877500
0.877825
0.878800
0.881150
0.899275
0.901725
0.904650
0.926900
0.933150
0.934875
0.956250
0.958400
0.959275
0.968900
0.979425
1.014775
1.026850
1.035850
1.045775
1.070650
1.076000
1.079050
1.083225
1.088900
1.097425
1.108900
1.110000
1.110725
1.113900
1.121325
1.126725
1.153425
1.167375
1.178300
1.187000
1.242525
1.243500
1.246700
1.284600
1.289875
1.315750
1.332500
1.416250
1.417700
1.431375
1.437275
1.439200
1.452875
1.454625
1.470000
1.508625
1.513875
1.519200
1.563750
1.583125
1.658525
1.677300
1.678350
1.755875
1.855150
1.863275
2.087600
2.109275
2.153475
2.364300
2.426875
2.468700
253
