0.000650
0.000775
0.005250
0.021900
0.024275
0.027475
0.033375
0.039775
0.040775
0.049100
0.053300
0.056975
0.072575
0.080125
0.081325
0.083050
0.098300
0.100500
0.104025
0.111825
0.117725
0.120025
0.123275
0.123525
0.124600
0.126800
0.130025
0.143650
0.171950
0.173375
0.181025
0.184850
0.187200
0.201325
0.207900
0.208275
0.209600
0.216600
0.223650
0.226600
0.229125
0.230150
0.230300
0.236925
0.237250
0.243600
0.266550
0.267550
0.267900
0.269125
0.271075
0.277100
0.293375
0.296100
0.296800
0.297200
0.299600
0.300500
0.301575
0.307875
0.308975
0.315850
0.317450
0.320975
0.333225
0.335000
0.335350
0.338675
0.340975
0.341725
0.343700
0.351900
0.355200
0.369125
0.369375
0.374175
0.374700
0.376575
0.381125
0.392275
0.399475
0.399600
0.407625
0.420550
0.422250
0.423075
0.423325
0.423925
0.429800
0.432550
0.432975
0.441425
0.445900
0.456875
0.457475
0.462525
0.479175
0.484750
0.485425
0.489550
0.499300
0.500200
0.505175
0.505950
0.516950
0.519625
0.522050
0.523675
0.526075
0.532425
0.545975
0.546300
0.554100
0.561225
0.562100
0.573750
0.580475
0.588775
0.597550
0.600675
0.601775
0.606025
0.613350
0.620325
0.624275
0.635400
0.636800
0.638925
0.650150
0.660075
0.663500
0.665600
0.667950
0.670975
0.685900
0.693025
0.695875
0.708800
0.711500
0.718300
0.723025
0.725450
0.726425
0.726700
0.727575
0.736325
0.737425
0.740250
0.751625
0.754950
0.755325
0.755525
0.760550
0.771050
0.772200
0.783725
0.793675
0.796750
0.826550
0.827200
0.832025
0.837025
0.837500
0.841925
0.843250
0.854200
0.857600
0.866650
0.872000
0.877800
0.878650
0.882975
0.893525
0.897450
0.899625
0.907650
0.923925
0.937325
0.948600
0.953150
0.953700
0.954400
0.956325
0.962150
0.977775
0.980175
0.995750
1.013175
1.024850
1.038525
1.042850
1.046450
1.068475
1.094150
1.097275
1.099075
1.102825
1.121850
1.121900
1.127425
1.132575
1.161225
1.166800
1.169300
1.171000
1.176425
1.202400
1.224725
1.236650
1.244425
1.251925
1.270075
1.329300
1.330100
1.330850
1.388150
1.396100
1.431950
1.473375
1.508725
1.530300
1.566300
1.605125
1.616650
1.635150
1.687900
1.751025
1.818800
1.831275
1.990550
2.022150
231
