0.000525
0.001800
0.017450
0.018825
0.020775
0.024175
0.025225
0.029475
0.031000
0.031150
0.037075
0.040325
0.048525
0.051400
0.055350
0.055625
0.057575
0.060750
0.063850
0.070925
0.089000
0.090500
0.091625
0.092475
0.099825
0.100675
0.102100
0.107325
0.109000
0.111850
0.118075
0.126700
0.127825
0.134775
0.135500
0.136750
0.149300
0.152075
0.152775
0.159000
0.160925
0.173550
0.176625
0.181575
0.182575
0.183625
0.185850
0.192950
0.193000
0.197750
0.197875
0.198650
0.202075
0.216225
0.226425
0.233550
0.241175
0.241300
0.242100
0.243300
0.248325
0.249500
0.252125
0.252475
0.264225
0.268650
0.269700
0.270800
0.273375
0.278775
0.284600
0.288725
0.292550
0.316775
0.317875
0.331625
0.342700
0.344975
0.345375
0.349275
0.358850
0.368925
0.372400
0.373150
0.373925
0.392675
0.397875
0.402650
0.418900
0.420050
0.430225
0.434800
0.434950
0.435675
0.440175
0.441975
0.446250
0.450275
0.453300
0.459125
0.459350
0.466075
0.470550
0.471800
0.475650
0.478775
0.478800
0.480550
0.480725
0.485050
0.489175
0.494000
0.502675
0.503100
0.505850
0.505950
0.509375
0.510625
0.516075
0.519025
0.523525
0.526775
0.531400
0.535775
0.538625
0.539575
0.543250
0.544900
0.545175
0.545175
0.546225
0.547075
0.551450
0.553500
0.556525
0.560400
0.565050
0.568725
0.582775
0.589100
0.589825
0.598750
0.604875
0.608175
0.614650
0.625275
0.628550
0.631650
0.638725
0.639500
0.639850
0.642150
0.643100
0.649925
0.650275
0.650575
0.663625
0.668400
0.675075
0.678725
0.678900
0.687525
0.698425
0.701100
0.704375
0.708250
0.708975
0.711150
0.719875
0.720350
0.725125
0.726825
0.727900
0.728575
0.736450
0.737300
0.739850
0.740950
0.741700
0.746875
0.747725
0.747950
0.748500
0.751475
0.753525
0.778425
0.779775
0.781950
0.783500
0.785925
0.798025
0.799125
0.803275
0.804600
0.812250
0.817550
0.818350
0.820350
0.821050
0.834525
0.836550
0.838400
0.840200
0.852375
0.856800
0.865925
0.868450
0.875050
0.884225
0.892875
0.896425
0.898600
0.905175
0.923075
0.932500
0.937300
0.948325
0.948900
0.970275
0.971600
0.974275
0.981425
0.999300
1.002675
1.007950
1.012275
1.016450
1.031850
1.038600
1.038625
1.081000
1.098650
1.104125
1.143450
1.146850
1.162175
1.164800
1.182925
1.187250
1.193350
1.197250
1.210675
1.212850
1.260175
1.289175
1.293825
1.339925
1.343375
1.345050
1.346375
1.366775
1.383925
1.413725
1.416050
1.450425
1.474975
1.561775
1.595725
1.642475
1.672775
1.734250
1.805975
1.808450
1.833425
1.891725
1.993425
2.040250
2.108650
2.109050
269
