0.003950
0.009750
0.009925
0.018025
0.018925
0.020900
0.033500
0.034200
0.035200
0.036575
0.038675
0.042125
0.042625
0.045950
0.047025
0.049925
0.068900
0.073800
0.075650
0.089600
0.090175
0.094600
0.094900
0.096325
0.101300
0.104475
0.109625
0.114600
0.114900
0.116050
0.120375
0.120575
0.120975
0.128325
0.128975
0.130800
0.135475
0.136475
0.140725
0.144600
0.147700
0.148700
0.157150
0.159325
0.159575
0.163650
0.164650
0.174900
0.176175
0.176550
0.177275
0.177900
0.191050
0.193275
0.202900
0.202925
0.206100
0.207725
0.210075
0.219700
0.225100
0.229650
0.230225
0.246150
0.247875
0.253900
0.271125
0.274500
0.277725
0.295100
0.298375
0.302175
0.307975
0.309700
0.313350
0.316200
0.330200
0.331750
0.333875
0.335450
0.343875
0.345250
0.352100
0.354250
0.358175
0.361950
0.373000
0.382900
0.386200
0.386400
0.387875
0.390925
0.392725
0.396700
0.397675
0.410125
0.426850
0.427325
0.432475
0.433600
0.435075
0.435200
0.446225
0.447825
0.450950
0.452325
0.454000
0.457525
0.468575
0.474150
0.479700
0.491550
0.494700
0.496225
0.496825
0.498475
0.499250
0.500725
0.502775
0.503475
0.506200
0.506800
0.509650
0.522800
0.525900
0.526650
0.530400
0.532950
0.539525
0.549700
0.551525
0.552225
0.555450
0.556025
0.556875
0.563225
0.570525
0.573225
0.582950
0.584500
0.588525
0.590025
0.593700
0.600050
0.606300
0.609850
0.609925
0.610775
0.611625
0.614750
0.619525
0.620675
0.620750
0.628075
0.635450
0.647375
0.651650
0.654050
0.659275
0.670350
0.673900
0.677900
0.678675
0.681000
0.687025
0.688975
0.693625
0.702175
0.705000
0.706950
0.711650
0.717800
0.719200
0.719825
0.731850
0.733350
0.745725
0.747400
0.747775
0.750775
0.750950
0.754375
0.755175
0.755700
0.760875
0.766050
0.782050
0.783275
0.790925
0.791975
0.800525
0.800675
0.803825
0.808025
0.821000
0.822075
0.822850
0.841475
0.844400
0.851275
0.853025
0.878925
0.879000
0.889150
0.899075
0.900450
0.906550
0.918600
0.938125
0.967825
0.973075
0.974075
0.976350
0.990000
0.992875
0.994425
0.997525
0.999050
0.999250
1.015325
1.018950
1.045000
1.045100
1.057100
1.062750
1.085750
1.117075
1.140125
1.146175
1.217300
1.217625
1.258150
1.261550
1.287275
1.319925
1.321700
1.346575
1.377150
1.412700
1.433375
1.466125
1.476050
1.477925
1.487250
1.488250
1.509575
1.631750
1.656325
1.782675
1.893175
1.933950
2.265825
2.362475
2.462750
254
