0.006875
0.009275
0.011800
0.015700
0.021925
0.023925
0.024650
0.028475
0.029400
0.031625
0.033050
0.034300
0.035450
0.036575
0.040575
0.040900
0.050350
0.054900
0.062650
0.063825
0.064225
0.064250
0.066300
0.070075
0.080300
0.091125
0.091850
0.095450
0.098275
0.112725
0.113350
0.120275
0.125925
0.127325
0.127950
0.144300
0.144325
0.148025
0.151025
0.152850
0.154100
0.156125
0.157650
0.162775
0.167250
0.169900
0.170925
0.176950
0.177700
0.187025
0.188350
0.191225
0.192950
0.203475
0.204975
0.205525
0.210575
0.210675
0.215125
0.218450
0.225475
0.227525
0.228525
0.230375
0.232175
0.236225
0.236975
0.239125
0.240700
0.243450
0.245200
0.247600
0.248875
0.287400
0.289200
0.304675
0.307850
0.313125
0.314025
0.314975
0.319450
0.323825
0.324300
0.333000
0.348375
0.352500
0.355275
0.371525
0.372075
0.376175
0.376825
0.378975
0.382850
0.383075
0.383900
0.385250
0.388575
0.396100
0.399725
0.404400
0.438325
0.441925
0.442875
0.450350
0.456450
0.459300
0.462775
0.469925
0.472750
0.473550
0.477200
0.478575
0.478800
0.481325
0.486350
0.486925
0.493700
0.500275
0.501575
0.503025
0.506725
0.506775
0.508800
0.508925
0.524825
0.524950
0.530700
0.534650
0.547725
0.550250
0.551100
0.562200
0.565200
0.566900
0.568300
0.572775
0.578025
0.583875
0.584650
0.586600
0.588775
0.596450
0.599375
0.601950
0.602275
0.602575
0.606625
0.608300
0.610900
0.616300
0.621600
0.626725
0.628825
0.629025
0.638725
0.643925
0.644875
0.645700
0.648225
0.654200
0.665950
0.668325
0.688425
0.691825
0.692000
0.696900
0.697725
0.704125
0.709075
0.710350
0.720925
0.725100
0.733625
0.739075
0.744350
0.748200
0.748950
0.759275
0.761725
0.763450
0.766950
0.769100
0.771350
0.772425
0.773575
0.783975
0.790550
0.803200
0.807600
0.808800
0.810875
0.812700
0.816950
0.821700
0.829725
0.831400
0.863125
0.870975
0.877775
0.880550
0.881600
0.883550
0.885175
0.895400
0.906150
0.916650
0.919325
0.923225
0.925450
0.930825
0.931500
0.940800
0.941850
0.946625
0.952575
0.964775
0.981275
1.012250
1.024050
1.028150
1.028325
1.034950
1.037675
1.043125
1.063700
1.068450
1.069500
1.089350
1.091700
1.117675
1.126100
1.138450
1.139825
1.145050
1.152200
1.153750
1.168275
1.188700
1.189075
1.192700
1.261900
1.287800
1.321300
1.392850
1.452825
1.453475
1.468900
1.498950
1.618625
1.687825
1.713075
1.742700
1.828000
1.842725
1.880250
1.892950
1.982025
1.989850
2.005575
2.049100
2.359350
261
