0.000525
0.013550
0.015100
0.021275
0.023175
0.032150
0.037900
0.041125
0.043850
0.047425
0.049950
0.057825
0.062425
0.070125
0.070575
0.074500
0.074700
0.081175
0.084600
0.087125
0.087375
0.087400
0.092150
0.094100
0.099750
0.100050
0.112300
0.115150
0.129875
0.133575
0.142875
0.143950
0.148950
0.150000
0.160200
0.163125
0.164425
0.167575
0.168900
0.177925
0.183250
0.189975
0.200500
0.204050
0.207275
0.211125
0.214550
0.216975
0.217075
0.220350
0.223025
0.227950
0.229450
0.246400
0.246825
0.255675
0.272400
0.272400
0.280625
0.281450
0.292300
0.293125
0.304450
0.318500
0.322225
0.322575
0.322600
0.330100
0.333850
0.335750
0.339075
0.343200
0.346100
0.356175
0.360350
0.361725
0.362500
0.363200
0.368700
0.371475
0.372350
0.381750
0.392825
0.393575
0.394975
0.395325
0.407400
0.409450
0.422350
0.442625
0.442850
0.446675
0.454725
0.460000
0.464700
0.466050
0.466100
0.469350
0.472475
0.475700
0.489625
0.489925
0.491050
0.493525
0.496600
0.507525
0.509475
0.519100
0.529950
0.544250
0.546900
0.551550
0.552625
0.559500
0.566525
0.572525
0.579675
0.583400
0.587475
0.587725
0.589425
0.592850
0.594175
0.595325
0.596975
0.601350
0.602225
0.606725
0.608000
0.608950
0.610150
0.628975
0.631175
0.634825
0.635175
0.636300
0.639925
0.647500
0.648425
0.659400
0.660925
0.663625
0.669350
0.671725
0.672450
0.674525
0.682100
0.691525
0.699325
0.713425
0.717250
0.726200
0.730550
0.735325
0.735675
0.742550
0.743225
0.744550
0.748050
0.755150
0.759550
0.763425
0.764125
0.771350
0.773025
0.775600
0.789125
0.791850
0.793825
0.800325
0.808250
0.817400
0.825750
0.846450
0.854650
0.857925
0.862300
0.864200
0.869125
0.884375
0.885925
0.888750
0.895075
0.898075
0.898950
0.909775
0.912100
0.916025
0.918625
0.945825
0.946300
0.948225
0.951575
0.962125
0.970575
0.975700
0.976025
0.980525
0.990975
0.992675
0.999675
1.016325
1.100075
1.106175
1.130600
1.131625
1.132725
1.140375
1.155200
1.155525
1.170675
1.178775
1.203775
1.215600
1.243850
1.277325
1.348275
1.354075
1.369475
1.373750
1.440300
1.450050
1.622825
1.625700
1.649650
1.675225
1.675500
1.767725
1.805925
1.864375
2.018850
2.090275
2.231100
2.248550
2.263150
2.269450
2.345600
237
