0.006925
0.009975
0.015550
0.039550
0.042650
0.049750
0.052475
0.072175
0.084175
0.092325
0.099275
0.100125
0.114125
0.114175
0.116075
0.121225
0.123075
0.129225
0.131150
0.136400
0.136875
0.137375
0.140775
0.142050
0.148125
0.152250
0.167900
0.168875
0.169400
0.175550
0.175850
0.177375
0.177675
0.183900
0.186250
0.189350
0.197325
0.209025
0.210600
0.226725
0.231525
0.236725
0.240975
0.242525
0.242625
0.251525
0.252800
0.259450
0.260775
0.270675
0.272375
0.275075
0.276175
0.284800
0.288175
0.291100
0.292950
0.295800
0.300850
0.301300
0.302650
0.303800
0.310650
0.317975
0.324650
0.330300
0.330625
0.333125
0.336675
0.338425
0.343625
0.344725
0.351975
0.364525
0.364925
0.365750
0.372000
0.382000
0.385925
0.387525
0.391800
0.394400
0.397125
0.398975
0.403500
0.405775
0.409975
0.410975
0.413375
0.429375
0.429550
0.434400
0.436475
0.436575
0.452675
0.453325
0.454050
0.458100
0.465200
0.474675
0.477350
0.480500
0.482575
0.484200
0.488050
0.491350
0.492225
0.496475
0.498775
0.501800
0.511675
0.527800
0.529525
0.536525
0.537050
0.538225
0.545900
0.546050
0.549025
0.555400
0.555500
0.558425
0.560400
0.561050
0.562550
0.563825
0.569500
0.576775
0.579550
0.582000
0.585075
0.586325
0.586375
0.587600
0.587875
0.600575
0.604025
0.606225
0.606450
0.608125
0.608700
0.611825
0.613300
0.621850
0.624775
0.626425
0.627050
0.628825
0.630400
0.637350
0.637925
0.645250
0.648875
0.651650
0.660575
0.660675
0.661450
0.674550
0.676150
0.679175
0.680125
0.693850
0.695825
0.698050
0.700050
0.709825
0.718150
0.718275
0.720225
0.730425
0.732825
0.733125
0.733325
0.736550
0.739975
0.741900
0.749150
0.749225
0.753050
0.754300
0.757475
0.763075
0.766500
0.769400
0.771025
0.775100
0.778125
0.780500
0.797475
0.813975
0.815325
0.815825
0.822300
0.831275
0.863175
0.863600
0.866750
0.867500
0.873975
0.877050
0.882100
0.887800
0.891475
0.892250
0.896925
0.907575
0.918950
0.921675
0.929825
0.936500
0.950975
0.951400
0.971575
0.971625
0.972825
0.987575
0.990500
0.995600
0.998300
0.998900
1.006125
1.006600
1.014075
1.026375
1.028150
1.058000
1.062900
1.069800
1.071775
1.082875
1.083725
1.086550
1.130175
1.131250
1.132400
1.134575
1.146575
1.150125
1.202775
1.233975
1.254250
1.297200
1.299450
1.303125
1.303400
1.335675
1.359050
1.374475
1.376525
1.380675
1.411475
1.425175
1.448875
1.502825
1.509275
1.558125
1.724000
1.781550
1.846175
2.018425
2.144150
2.358225
262
