0.009950
0.017375
0.020225
0.020975
0.021300
0.022700
0.023100
0.027250
0.032550
0.037200
0.039150
0.039575
0.046850
0.049000
0.049500
0.052750
0.056150
0.058975
0.059050
0.065675
0.067600
0.075150
0.080650
0.091350
0.092675
0.110725
0.111000
0.111625
0.112650
0.114625
0.115125
0.128325
0.131225
0.136200
0.140600
0.143325
0.143850
0.150275
0.152450
0.157100
0.157525
0.163625
0.167325
0.182400
0.190150
0.190375
0.191525
0.193075
0.195850
0.197375
0.197575
0.197650
0.215975
0.218675
0.228250
0.230325
0.242925
0.268225
0.281325
0.282375
0.290950
0.304700
0.308525
0.313175
0.316000
0.320825
0.329600
0.359450
0.362075
0.371450
0.374725
0.384550
0.393150
0.396025
0.404525
0.414325
0.421725
0.423825
0.425650
0.431250
0.443850
0.446625
0.452525
0.459175
0.462650
0.481125
0.484225
0.492625
0.496275
0.507175
0.517900
0.522375
0.522675
0.523750
0.524875
0.533025
0.535800
0.537475
0.538450
0.540425
0.547000
0.548025
0.548050
0.551075
0.566550
0.566750
0.566775
0.567600
0.568425
0.570025
0.579300
0.580225
0.580450
0.580450
0.581600
0.585200
0.590025
0.590775
0.595875
0.604025
0.604700
0.606525
0.608250
0.609900
0.617175
0.619275
0.621350
0.630375
0.633125
0.633875
0.634750
0.638050
0.642000
0.642150
0.663650
0.671300
0.676250
0.676700
0.678200
0.685000
0.692000
0.694200
0.701675
0.706150
0.709175
0.732975
0.736775
0.737275
0.737600
0.742125
0.748525
0.750175
0.750300
0.751225
0.754525
0.755075
0.758925
0.759975
0.760375
0.771925
0.775625
0.775875
0.780850
0.781525
0.782675
0.786600
0.788425
0.793475
0.810900
0.813675
0.813875
0.814750
0.816175
0.822525
0.827775
0.832150
0.839725
0.841300
0.845550
0.849725
0.859225
0.859725
0.872400
0.874325
0.875700
0.876825
0.890375
0.894850
0.899700
0.905675
0.914900
0.927900
0.933325
0.937825
0.938075
0.954725
0.959400
0.967925
0.970900
0.979400
0.986050
0.999500
1.005350
1.021800
1.036925
1.037050
1.045525
1.047900
1.063500
1.088175
1.089800
1.102475
1.113375
1.137600
1.151025
1.207575
1.214475
1.220375
1.241400
1.242050
1.247650
1.249175
1.259300
1.267375
1.283525
1.301725
1.308950
1.330375
1.344550
1.345750
1.348150
1.384475
1.397825
1.414300
1.453275
1.510050
1.514525
1.526125
1.531450
1.606700
1.699400
1.761750
1.774700
1.830200
2.200975
245
