0.001000
0.006650
0.010100
0.010125
0.010175
0.014025
0.014075
0.014700
0.027375
0.030150
0.038500
0.050800
0.053725
0.065150
0.068675
0.072300
0.081050
0.085125
0.086400
0.092625
0.095400
0.098625
0.100950
0.106475
0.118450
0.130550
0.132100
0.134125
0.135950
0.153600
0.153625
0.154850
0.160575
0.163775
0.168875
0.182225
0.182250
0.186100
0.190525
0.191550
0.192775
0.192875
0.197500
0.205650
0.206850
0.207950
0.213250
0.217425
0.235325
0.240650
0.244200
0.248575
0.250775
0.255875
0.255900
0.263300
0.270000
0.270175
0.284775
0.289075
0.293550
0.296350
0.308675
0.314500
0.315450
0.315850
0.319725
0.321875
0.325800
0.326800
0.327500
0.335675
0.338675
0.339500
0.344275
0.349925
0.351775
0.352250
0.357950
0.369350
0.376500
0.377475
0.377625
0.379600
0.379700
0.381750
0.396000
0.399050
0.400025
0.404275
0.404350
0.408925
0.411675
0.418700
0.427350
0.440125
0.440725
0.452300
0.462175
0.483100
0.484425
0.485275
0.485550
0.495025
0.502450
0.502950
0.508750
0.509800
0.513175
0.516025
0.516250
0.522025
0.529450
0.541025
0.543200
0.545625
0.550525
0.563300
0.565200
0.565675
0.571325
0.577975
0.583000
0.583350
0.585375
0.587500
0.587775
0.592875
0.593450
0.624375
0.631025
0.632900
0.645625
0.645650
0.646300
0.649100
0.652850
0.662500
0.667675
0.671550
0.672550
0.673025
0.673875
0.679925
0.689775
0.690425
0.695275
0.700400
0.705625
0.709175
0.712675
0.728325
0.734625
0.740100
0.763175
0.763200
0.764075
0.766350
0.772325
0.773825
0.779150
0.789000
0.792675
0.799400
0.799675
0.800750
0.812075
0.815625
0.820100
0.821475
0.821725
0.826050
0.826900
0.835800
0.836975
0.848550
0.855250
0.861625
0.870850
0.879675
0.897775
0.901100
0.904575
0.906150
0.936025
0.940200
0.944875
0.956125
0.977950
0.985050
0.993825
1.009275
1.011950
1.014025
1.028050
1.031000
1.036975
1.044575
1.046450
1.048450
1.064575
1.069300
1.073750
1.075825
1.087350
1.098300
1.151675
1.189525
1.190875
1.214550
1.256050
1.278375
1.298725
1.329700
1.367975
1.419075
1.450550
1.473575
1.560875
1.571075
1.575550
1.661775
1.738800
1.775650
1.953800
2.095850
2.120275
2.242400
2.443700
229
