0.005050
0.014225
0.019125
0.020900
0.026400
0.028475
0.032550
0.044250
0.053000
0.057900
0.059725
0.064550
0.064725
0.069675
0.073800
0.074625
0.080275
0.083675
0.092200
0.094950
0.095750
0.098450
0.108450
0.109175
0.109550
0.114975
0.142925
0.155350
0.156250
0.169725
0.176675
0.180000
0.185625
0.188275
0.194150
0.200925
0.205525
0.217375
0.221675
0.222425
0.226975
0.228375
0.236550
0.238550
0.243550
0.248450
0.254625
0.261275
0.266300
0.268900
0.279275
0.280375
0.283250
0.303375
0.313525
0.316800
0.321950
0.322450
0.324575
0.326900
0.329450
0.331150
0.336850
0.338925
0.339925
0.343025
0.353125
0.354700
0.357475
0.362450
0.367200
0.379325
0.381900
0.391975
0.394925
0.396625
0.400775
0.402975
0.406675
0.411150
0.425025
0.427375
0.428075
0.429425
0.436225
0.438025
0.439050
0.441725
0.443700
0.456850
0.457900
0.459600
0.461150
0.462975
0.464150
0.475800
0.476525
0.479750
0.486725
0.494075
0.495975
0.496275
0.509125
0.510100
0.516725
0.517300
0.520525
0.520725
0.521225
0.533575
0.536400
0.542075
0.543525
0.546400
0.555000
0.559650
0.563550
0.571300
0.574550
0.581500
0.584375
0.589950
0.590475
0.603350
0.605600
0.611500
0.616425
0.620650
0.621675
0.632400
0.635650
0.643225
0.643475
0.646975
0.660000
0.663625
0.666000
0.666200
0.667150
0.667525
0.669950
0.672050
0.672425
0.678500
0.681250
0.689325
0.692050
0.693175
0.694425
0.695175
0.716725
0.734500
0.753275
0.753675
0.754150
0.756875
0.760550
0.776850
0.779000
0.780200
0.793600
0.798025
0.799875
0.815275
0.815350
0.816175
0.818725
0.832825
0.833000
0.863250
0.865675
0.870125
0.880150
0.880625
0.883925
0.889125
0.891650
0.894600
0.897100
0.900550
0.904425
0.906275
0.907775
0.936800
0.938800
0.956650
0.958425
0.967500
0.968925
0.968950
0.973950
0.979150
0.985125
0.986400
0.996925
0.999525
1.010975
1.060675
1.074850
1.105500
1.115175
1.121750
1.160325
1.171900
1.173575
1.184275
1.187450
1.196725
1.202225
1.210200
1.219250
1.224225
1.224425
1.240900
1.295800
1.317525
1.319875
1.409600
1.435675
1.463100
1.464800
1.524125
1.577975
1.592625
1.637700
1.693375
1.742525
1.802075
1.978525
2.045775
2.048875
2.082075
2.414575
233
