0.003925
0.007025
0.014400
0.016025
0.025375
0.027525
0.053150
0.054175
0.055125
0.059800
0.063650
0.067825
0.074225
0.077575
0.083725
0.083925
0.087075
0.091700
0.095675
0.103000
0.105675
0.108725
0.114250
0.114800
0.118500
0.119000
0.128075
0.135150
0.138725
0.145200
0.146550
0.159075
0.169325
0.189450
0.193075
0.212375
0.213200
0.220525
0.223550
0.224400
0.227150
0.241750
0.243825
0.246300
0.250000
0.251275
0.251475
0.261175
0.263550
0.264750
0.267500
0.274625
0.275150
0.278825
0.280300
0.283600
0.287400
0.287425
0.303300
0.312725
0.312925
0.314425
0.314825
0.320025
0.320850
0.321375
0.328500
0.336725
0.342225
0.342400
0.346200
0.385650
0.389475
0.391325
0.391525
0.393200
0.393350
0.396075
0.399200
0.417300
0.424150
0.424475
0.437350
0.441400
0.444850
0.450600
0.451200
0.451275
0.452175
0.468550
0.484325
0.487700
0.497600
0.498275
0.501525
0.501925
0.505075
0.505100
0.511975
0.515650
0.520825
0.531025
0.532175
0.534525
0.536550
0.539425
0.541000
0.551525
0.552600
0.556075
0.558700
0.562025
0.575875
0.580950
0.583750
0.589775
0.594350
0.600075
0.603825
0.607625
0.610550
0.614025
0.614850
0.615075
0.615675
0.617775
0.623625
0.624325
0.625275
0.627500
0.632125
0.632375
0.632725
0.635175
0.635250
0.637250
0.643675
0.657800
0.660200
0.663050
0.674650
0.677300
0.686050
0.692000
0.696775
0.705025
0.708725
0.715150
0.718150
0.719375
0.719725
0.722475
0.723525
0.724600
0.725350
0.727125
0.727525
0.731100
0.741150
0.742225
0.742800
0.746800
0.748875
0.759150
0.760550
0.760650
0.768075
0.772900
0.774350
0.775075
0.783125
0.787650
0.789250
0.790950
0.795350
0.805050
0.809225
0.810700
0.814700
0.825100
0.825225
0.841475
0.843350
0.849875
0.852600
0.853225
0.861575
0.874975
0.887975
0.894925
0.896950
0.903200
0.912625
0.913150
0.915475
0.921175
0.922200
0.923575
0.926450
0.928225
0.929325
0.934600
0.938250
0.945475
0.966850
0.987950
0.991725
0.995525
1.015650
1.036200
1.042300
1.060775
1.079525
1.106625
1.106750
1.110350
1.111750
1.135075
1.139100
1.146300
1.180400
1.181025
1.235800
1.241225
1.246575
1.283925
1.286575
1.288750
1.288850
1.292225
1.303350
1.311625
1.327800
1.329475
1.336825
1.352975
1.359925
1.445825
1.546200
1.634700
1.641025
1.679600
1.689700
1.762850
1.910375
2.017075
2.092400
2.319375
2.343225
249
