0.000050
0.014575
0.021775
0.029200
0.031575
0.037375
0.039400
0.042100
0.049000
0.050350
0.053150
0.053350
0.059400
0.062525
0.071450
0.072375
0.083750
0.084225
0.087375
0.092025
0.093550
0.103800
0.106500
0.113950
0.118075
0.121575
0.124750
0.127450
0.129625
0.138600
0.142500
0.144150
0.169475
0.175350
0.176775
0.178150
0.179475
0.180425
0.184225
0.189625
0.198650
0.204725
0.216400
0.222200
0.222825
0.224450
0.228775
0.234200
0.237825
0.239450
0.242725
0.252350
0.264950
0.265925
0.271225
0.273150
0.275150
0.275425
0.283400
0.285925
0.291925
0.295150
0.298925
0.301125
0.310200
0.314425
0.317450
0.328525
0.329600
0.337400
0.341975
0.343800
0.345725
0.346250
0.364350
0.365750
0.366100
0.389900
0.403675
0.419925
0.434650
0.438700
0.440175
0.454775
0.460375
0.461250
0.462425
0.473900
0.476300
0.480525
0.484325
0.491800
0.504725
0.508125
0.513025
0.513325
0.526775
0.526900
0.535025
0.535125
0.536650
0.537975
0.566950
0.577100
0.586825
0.593800
0.596650
0.598950
0.600000
0.600150
0.624400
0.625775
0.633375
0.635925
0.636425
0.644850
0.649150
0.651900
0.655250
0.657900
0.666775
0.676675
0.682725
0.684225
0.689500
0.695875
0.696850
0.708675
0.712775
0.715375
0.715850
0.718950
0.720350
0.721575
0.729325
0.743625
0.746300
0.755475
0.765675
0.770425
0.777775
0.783000
0.791925
0.792125
0.795125
0.796750
0.806450
0.806775
0.825650
0.834250
0.837475
0.839525
0.843850
0.845650
0.855400
0.866975
0.891100
0.900325
0.930250
0.931175
0.931675
0.939850
0.953725
0.984475
1.013375
1.016400
1.023925
1.025325
1.029800
1.038050
1.054600
1.063325
1.073275
1.078425
1.090150
1.102625
1.130875
1.136125
1.140000
1.141500
1.146625
1.149475
1.157225
1.167400
1.176450
1.198425
1.216500
1.230400
1.248025
1.254775
1.323650
1.363700
1.366600
1.369875
1.390275
1.404650
1.437400
1.440500
1.440800
1.462875
1.497550
1.541825
1.553600
1.599275
1.614500
1.904025
2.125250
207
