0.017300
0.018325
0.023600
0.026625
0.035700
0.038425
0.040525
0.043200
0.052550
0.054350
0.054450
0.064250
0.076900
0.078500
0.083525
0.084450
0.089425
0.089650
0.089925
0.102825
0.115675
0.122150
0.123175
0.128500
0.141675
0.141950
0.155000
0.184500
0.192450
0.204050
0.208000
0.226925
0.231250
0.234350
0.234750
0.235475
0.239550
0.249850
0.251925
0.253425
0.258025
0.267175
0.267825
0.268850
0.276000
0.279150
0.280225
0.281000
0.285125
0.285450
0.287450
0.292725
0.297875
0.297950
0.298800
0.302725
0.303575
0.305300
0.307425
0.310125
0.337525
0.340125
0.342625
0.344450
0.350075
0.350400
0.358700
0.372250
0.375500
0.376100
0.378050
0.384550
0.388075
0.394350
0.395950
0.398125
0.402525
0.405575
0.408700
0.413300
0.413875
0.414975
0.418975
0.430625
0.439075
0.442450
0.443350
0.451425
0.453200
0.456375
0.465275
0.469550
0.471750
0.472300
0.473525
0.478975
0.483375
0.486450
0.490475
0.496750
0.498425
0.499775
0.503550
0.504325
0.507400
0.512325
0.513575
0.519550
0.539000
0.540050
0.547800
0.549050
0.553150
0.555300
0.557525
0.562275
0.577700
0.592550
0.592825
0.601550
0.610100
0.623300
0.631250
0.631425
0.639675
0.643325
0.650325
0.654425
0.661600
0.667475
0.667975
0.676575
0.676700
0.682675
0.687375
0.695200
0.698525
0.701025
0.703950
0.706975
0.710000
0.713600
0.717850
0.719225
0.720725
0.721850
0.726675
0.736100
0.738550
0.740625
0.743850
0.752275
0.756650
0.758775
0.760925
0.774250
0.778500
0.784700
0.787925
0.794575
0.798600
0.799025
0.805825
0.811225
0.814275
0.818525
0.819100
0.831525
0.831600
0.835425
0.846175
0.851425
0.853325
0.864175
0.880800
0.893675
0.900575
0.900975
0.902200
0.921900
0.940900
0.942075
0.944100
0.954575
0.959750
0.964625
0.968250
0.982175
0.991025
0.991550
1.004500
1.006850
1.044900
1.089500
1.092025
1.098500
1.112575
1.120275
1.148375
1.156450
1.160900
1.195875
1.201700
1.230725
1.260975
1.270950
1.270975
1.271675
1.278900
1.285475
1.286975
1.331375
1.335675
1.365700
1.375525
1.423950
1.458750
1.512250
1.592350
1.674325
1.752475
1.770525
2.165450
2.176325
2.183475
2.193575
2.335550
2.400725
2.455125
229
