0.004650
0.010950
0.016050
0.017125
0.017950
0.019850
0.021775
0.023150
0.027000
0.027825
0.028400
0.040975
0.041100
0.054150
0.059275
0.060950
0.064600
0.065100
0.069850
0.074775
0.076200
0.076850
0.076925
0.083750
0.084350
0.084925
0.086025
0.096725
0.102075
0.113275
0.113700
0.115425
0.129900
0.142600
0.152325
0.153650
0.156725
0.167500
0.169750
0.174450
0.177300
0.184350
0.191675
0.207875
0.209300
0.218350
0.219475
0.221175
0.224350
0.228400
0.238475
0.240050
0.240225
0.244175
0.246075
0.248575
0.249000
0.258275
0.268300
0.271800
0.284625
0.286450
0.292800
0.294050
0.296225
0.299725
0.302550
0.304750
0.312750
0.318250
0.328425
0.331250
0.337150
0.338975
0.344175
0.346325
0.350725
0.353400
0.360550
0.382775
0.384300
0.392275
0.396075
0.396075
0.397250
0.400250
0.401975
0.402675
0.405050
0.405425
0.405825
0.408925
0.410700
0.412775
0.416475
0.417450
0.419900
0.425000
0.427250
0.439050
0.441125
0.441750
0.443775
0.444250
0.452625
0.453500
0.467650
0.469700
0.473550
0.477225
0.481200
0.501725
0.501900
0.512550
0.538900
0.588550
0.589200
0.591750
0.591775
0.596350
0.597075
0.603300
0.614550
0.615175
0.625950
0.629025
0.636800
0.638775
0.639550
0.655625
0.655700
0.666850
0.667550
0.669125
0.669475
0.670825
0.671225
0.672675
0.675375
0.681050
0.682425
0.694750
0.697225
0.703875
0.708750
0.711700
0.715675
0.716475
0.717500
0.719250
0.720400
0.720450
0.724850
0.725975
0.727075
0.732500
0.741850
0.743050
0.745575
0.752150
0.752375
0.764675
0.775150
0.776850
0.785800
0.787700
0.791375
0.792900
0.800125
0.813050
0.813675
0.826950
0.827825
0.830000
0.834250
0.838125
0.863750
0.867275
0.904425
0.912675
0.912875
0.928225
0.936725
0.954950
0.964050
0.964275
0.974100
0.977950
0.982050
0.985575
0.991625
0.994950
1.028400
1.031425
1.033275
1.041850
1.043775
1.083225
1.084575
1.089150
1.105225
1.118525
1.122475
1.128700
1.140650
1.142325
1.151325
1.161700
1.183600
1.210425
1.234250
1.256775
1.263225
1.263350
1.271600
1.273950
1.314625
1.378300
1.425375
1.433650
1.453425
1.542525
1.614300
1.645425
1.692800
1.706125
1.728100
1.738000
1.738150
1.746275
1.835300
1.956975
1.997250
2.047275
2.082150
2.234150
236
