0.001600
0.004425
0.007675
0.016200
0.018250
0.018625
0.027775
0.031225
0.040000
0.043175
0.048575
0.049475
0.053700
0.057075
0.059400
0.066275
0.072625
0.078125
0.082225
0.106650
0.109450
0.109800
0.110175
0.115150
0.115950
0.120800
0.121050
0.122075
0.124750
0.128700
0.135075
0.137900
0.144775
0.146450
0.147850
0.152825
0.160575
0.164250
0.185125
0.185650
0.188475
0.191475
0.193925
0.207100
0.211075
0.212850
0.213675
0.214775
0.219375
0.219950
0.222550
0.224300
0.224775
0.231100
0.234575
0.238325
0.244650
0.246650
0.250575
0.257725
0.262125
0.264325
0.273450
0.279650
0.283075
0.283925
0.289175
0.294700
0.294875
0.297700
0.298625
0.300550
0.300875
0.301125
0.311375
0.316350
0.318575
0.321025
0.323400
0.325925
0.326775
0.327950
0.338900
0.341550
0.344875
0.347250
0.348050
0.352825
0.358625
0.360175
0.366150
0.369925
0.370375
0.371575
0.374025
0.375050
0.380825
0.382125
0.382300
0.385850
0.393900
0.396225
0.400550
0.403975
0.405150
0.410425
0.412775
0.422100
0.439500
0.452750
0.455500
0.464050
0.468350
0.469100
0.471825
0.476950
0.477100
0.487425
0.489200
0.498025
0.499000
0.501725
0.503975
0.506675
0.511775
0.515800
0.523175
0.531200
0.532900
0.540300
0.546350
0.548025
0.549125
0.554225
0.558725
0.564575
0.566675
0.566850
0.567675
0.569700
0.574550
0.580000
0.581225
0.583175
0.584125
0.599875
0.603400
0.611125
0.611650
0.617550
0.619675
0.620175
0.625350
0.627225
0.633350
0.635350
0.635950
0.636225
0.638925
0.639625
0.648875
0.663325
0.665150
0.666325
0.666725
0.670225
0.670750
0.682075
0.683575
0.690475
0.690775
0.702100
0.703050
0.708450
0.712775
0.712875
0.715325
0.734225
0.734325
0.739025
0.739550
0.744000
0.754000
0.756775
0.760175
0.762375
0.773950
0.779425
0.787700
0.797400
0.807525
0.810950
0.811425
0.812350
0.825025
0.825875
0.830025
0.832675
0.834900
0.837775
0.839075
0.849400
0.852425
0.852725
0.859650
0.864825
0.883800
0.888700
0.895700
0.899825
0.901925
0.902000
0.902500
0.906900
0.917450
0.933100
0.943550
0.946675
0.948650
0.958400
0.966825
0.998350
1.001650
1.024975
1.028825
1.034750
1.055425
1.064425
1.098250
1.102150
1.107000
1.109950
1.112575
1.121775
1.136525
1.142475
1.147675
1.170725
1.177475
1.177650
1.181850
1.210250
1.238425
1.265325
1.276950
1.361175
1.401700
1.404050
1.408500
1.513250
1.552975
1.581875
1.599450
1.608575
1.615600
1.653850
1.726350
1.749225
1.774925
1.887775
2.023850
2.322200
2.327200
2.491950
264
