0.008525
0.021375
0.023250
0.024450
0.031000
0.048800
0.049425
0.052700
0.054275
0.058000
0.060575
0.069025
0.075725
0.086000
0.087850
0.088825
0.092925
0.093575
0.098125
0.102700
0.105200
0.111600
0.111625
0.115500
0.132475
0.137775
0.139975
0.150000
0.150325
0.153225
0.153800
0.156800
0.163850
0.166200
0.171650
0.177325
0.178675
0.178900
0.193575
0.203975
0.214025
0.214100
0.217525
0.223700
0.224700
0.229550
0.230325
0.230450
0.233425
0.249300
0.256625
0.266350
0.272175
0.274900
0.277225
0.278225
0.279050
0.280975
0.284725
0.285075
0.291800
0.297500
0.300675
0.305275
0.309225
0.313575
0.314100
0.323025
0.332000
0.336975
0.337325
0.338825
0.342500
0.345225
0.347125
0.347650
0.349650
0.350275
0.350775
0.352000
0.358600
0.368550
0.368575
0.377075
0.385400
0.402175
0.404450
0.404650
0.411825
0.412575
0.414225
0.422125
0.424050
0.430475
0.436150
0.437825
0.441725
0.448275
0.448450
0.454675
0.458800
0.463075
0.465925
0.471850
0.474775
0.475450
0.476100
0.483275
0.487000
0.490500
0.496075
0.497625
0.502300
0.510125
0.519825
0.525650
0.528350
0.528900
0.538350
0.541950
0.553650
0.556775
0.558250
0.566925
0.577550
0.582775
0.600750
0.602175
0.602800
0.603475
0.611425
0.624550
0.629025
0.630950
0.635725
0.638875
0.639625
0.651050
0.664075
0.665725
0.669650
0.670225
0.672700
0.676525
0.679350
0.682425
0.683450
0.691925
0.697000
0.697750
0.699150
0.702550
0.707600
0.710550
0.713175
0.716275
0.717025
0.717875
0.722125
0.722350
0.730875
0.732775
0.740350
0.742975
0.744925
0.753625
0.755300
0.755325
0.760150
0.760775
0.764525
0.764550
0.771175
0.771325
0.775725
0.777975
0.780725
0.781125
0.786400
0.806950
0.811050
0.817650
0.822100
0.829625
0.829975
0.835725
0.838175
0.856425
0.863275
0.863675
0.886500
0.893225
0.899575
0.906550
0.907450
0.929825
0.953350
0.957900
0.961475
0.990325
0.998450
1.005775
1.007750
1.009300
1.014700
1.030275
1.041450
1.053750
1.060075
1.061250
1.067400
1.082750
1.100350
1.105375
1.108725
1.119275
1.137100
1.140000
1.162225
1.162500
1.176750
1.197175
1.201275
1.246550
1.257725
1.264675
1.266325
1.277500
1.278350
1.286300
1.302450
1.349600
1.370600
1.377575
1.410400
1.456075
1.486175
1.500175
1.568050
1.572975
1.584400
1.605125
1.705875
1.723200
1.726225
1.879225
2.083950
247
