0.006100
0.010525
0.011700
0.015075
0.024900
0.033000
0.040425
0.045425
0.046375
0.050450
0.054050
0.056800
0.062125
0.065850
0.066250
0.070800
0.076875
0.077450
0.078500
0.088450
0.091225
0.096700
0.104900
0.112125
0.122000
0.122175
0.129400
0.131050
0.131950
0.134025
0.141700
0.145025
0.148250
0.149375
0.151925
0.154925
0.156050
0.158175
0.159950
0.164425
0.165850
0.168200
0.168900
0.169675
0.182300
0.184700
0.185925
0.195500
0.196775
0.198100
0.206450
0.209900
0.216050
0.228175
0.229150
0.240450
0.241900
0.249800
0.255625
0.258775
0.261975
0.272325
0.276000
0.278000
0.280775
0.283775
0.285925
0.290175
0.301000
0.304825
0.306625
0.308575
0.308800
0.309475
0.310275
0.313100
0.316375
0.320500
0.326500
0.327200
0.329150
0.330275
0.332225
0.334950
0.339425
0.341875
0.342400
0.344225
0.344850
0.355800
0.364825
0.365500
0.370225
0.375025
0.385375
0.386275
0.388425
0.408775
0.411625
0.417725
0.418700
0.423475
0.425100
0.430150
0.433900
0.434775
0.434925
0.435975
0.440975
0.459175
0.459900
0.472650
0.475550
0.484525
0.490950
0.503525
0.503525
0.506175
0.511500
0.515675
0.517725
0.533750
0.542450
0.554400
0.557200
0.560300
0.563075
0.567125
0.574700
0.579325
0.581550
0.583850
0.593650
0.594275
0.599325
0.601425
0.601875
0.608325
0.609175
0.619675
0.621400
0.623850
0.628625
0.634025
0.651000
0.658500
0.662775
0.664525
0.671275
0.678850
0.683900
0.685500
0.691000
0.693925
0.695875
0.711075
0.723725
0.727375
0.728225
0.732125
0.733450
0.734150
0.734550
0.736000
0.737175
0.740225
0.744225
0.746100
0.754425
0.759150
0.759500
0.761875
0.761975
0.773375
0.776025
0.778925
0.782175
0.782650
0.785850
0.788850
0.791800
0.793325
0.804725
0.809150
0.809650
0.809800
0.812375
0.814400
0.816900
0.823475
0.826850
0.827575
0.827650
0.836750
0.845775
0.854175
0.855100
0.856075
0.859075
0.868100
0.869825
0.878950
0.881425
0.905800
0.912250
0.913200
0.923175
0.935775
0.941900
0.965200
0.969200
0.972250
0.977800
0.978250
0.979325
0.988600
0.991175
0.991525
1.033225
1.044225
1.045125
1.061075
1.065450
1.067675
1.071100
1.073350
1.083100
1.088575
1.116550
1.121150
1.125575
1.131700
1.148625
1.156325
1.167350
1.169550
1.171975
1.177325
1.180125
1.206850
1.209100
1.212450
1.215525
1.226875
1.229100
1.244950
1.254175
1.262650
1.290600
1.342625
1.387725
1.432950
1.453175
1.476550
1.478925
1.479225
1.529700
1.560150
1.587725
1.589275
1.949175
2.033400
262
