0.000200
0.002225
0.003425
0.004600
0.009925
0.016200
0.018350
0.024975
0.029575
0.045650
0.050100
0.051075
0.051325
0.055825
0.056425
0.061975
0.073150
0.087525
0.088450
0.092450
0.094475
0.105275
0.115400
0.121825
0.128900
0.132300
0.133050
0.137775
0.144125
0.148400
0.153925
0.165025
0.177275
0.181550
0.184125
0.189250
0.190250
0.193750
0.199825
0.200300
0.200375
0.204650
0.208950
0.221825
0.223700
0.225675
0.226625
0.234575
0.235800
0.236800
0.237200
0.252900
0.257250
0.264475
0.265025
0.265175
0.265300
0.267175
0.268100
0.268675
0.270325
0.277575
0.278575
0.291325
0.301200
0.304025
0.308200
0.312550
0.316775
0.337375
0.339275
0.341975
0.349375
0.355925
0.356550
0.359175
0.361050
0.376000
0.376125
0.378625
0.382050
0.383225
0.388025
0.395150
0.403625
0.403925
0.404775
0.406650
0.408750
0.410300
0.415500
0.418525
0.418525
0.422350
0.425600
0.434425
0.434775
0.437050
0.445225
0.445475
0.448725
0.450400
0.453225
0.454550
0.457125
0.462250
0.477800
0.487050
0.490850
0.503325
0.521675
0.525550
0.529775
0.532950
0.535150
0.541550
0.547950
0.563200
0.564100
0.567900
0.584075
0.587625
0.589750
0.593000
0.593425
0.594525
0.595525
0.601375
0.603950
0.612875
0.621975
0.623625
0.631650
0.635125
0.640400
0.646775
0.652975
0.658875
0.661600
0.672075
0.675975
0.693600
0.696700
0.698725
0.708475
0.731050
0.731850
0.742500
0.743700
0.746625
0.755650
0.757300
0.757475
0.766225
0.767625
0.775875
0.777725
0.779550
0.785225
0.793975
0.794575
0.799150
0.810875
0.813375
0.829000
0.833250
0.833800
0.850925
0.856400
0.866000
0.872875
0.874725
0.887200
0.894300
0.902850
0.911900
0.912250
0.919300
0.928675
0.932350
0.934675
0.936425
0.937725
0.942475
0.944900
0.965225
0.971250
0.975825
0.984275
0.994400
0.997600
0.999450
1.013925
1.048525
1.096525
1.128900
1.135425
1.137925
1.170325
1.173125
1.184750
1.197400
1.208750
1.215550
1.225100
1.233600
1.245150
1.286300
1.367575
1.378125
1.399375
1.401200
1.405850
1.406025
1.407475
1.408575
1.445275
1.446650
1.463650
1.509925
1.516100
1.610075
1.625250
1.650750
1.671450
1.689375
1.798350
1.849750
1.876225
1.893350
2.003450
2.067500
2.187425
2.389325
2.466900
235
