0.003000
0.009000
0.009025
0.028100
0.030675
0.035500
0.042125
0.047650
0.050625
0.063650
0.072375
0.075050
0.090600
0.094275
0.108250
0.109325
0.115525
0.116075
0.116800
0.124000
0.126050
0.128450
0.130125
0.134225
0.151225
0.166025
0.167700
0.168625
0.176525
0.186075
0.194550
0.198125
0.200575
0.206600
0.209925
0.211575
0.214300
0.220600
0.221600
0.224225
0.226950
0.231075
0.234225
0.239075
0.241150
0.244200
0.245350
0.249100
0.249350
0.253575
0.254875
0.257525
0.258150
0.265200
0.268525
0.272325
0.291775
0.292175
0.292325
0.300450
0.303800
0.304425
0.308450
0.317675
0.328225
0.328700
0.329775
0.346550
0.360075
0.361325
0.362850
0.370650
0.372425
0.377900
0.381650
0.387900
0.397175
0.397800
0.402450
0.403750
0.424000
0.436500
0.439650
0.444200
0.450350
0.452175
0.454075
0.460775
0.463550
0.471175
0.474225
0.475300
0.476875
0.481800
0.485225
0.488175
0.488275
0.491200
0.505575
0.509950
0.514425
0.517425
0.517575
0.518275
0.522675
0.523950
0.525225
0.528025
0.531250
0.535600
0.536925
0.541975
0.542300
0.562000
0.574900
0.588575
0.590650
0.596450
0.597175
0.602075
0.611225
0.611375
0.620400
0.623175
0.624475
0.624500
0.627575
0.631950
0.640825
0.641725
0.643450
0.646300
0.648150
0.651375
0.659475
0.663475
0.665250
0.669525
0.676975
0.678425
0.679350
0.679975
0.687300
0.688100
0.689175
0.694100
0.706925
0.708275
0.722275
0.724400
0.724925
0.726675
0.735675
0.736850
0.739375
0.747025
0.749400
0.752075
0.756425
0.761750
0.764650
0.773100
0.775400
0.775525
0.777175
0.777200
0.779000
0.791075
0.792150
0.793125
0.805975
0.820825
0.841775
0.844550
0.858025
0.861875
0.866075
0.902200
0.916850
0.946425
0.952525
0.961375
0.967475
0.991150
1.000000
1.001350
1.013325
1.032475
1.034550
1.036875
1.043325
1.050175
1.050925
1.066425
1.084125
1.103575
1.108825
1.115600
1.117175
1.119875
1.146925
1.158325
1.162700
1.176700
1.196575
1.216900
1.218950
1.227825
1.238600
1.240725
1.244425
1.268225
1.270825
1.312800
1.359675
1.371450
1.373375
1.384325
1.400975
1.433925
1.448250
1.479625
1.502275
1.513650
1.521950
1.576925
1.600700
1.682575
1.796000
1.889250
1.983800
2.135225
232
