0.005825
0.006300
0.016075
0.018625
0.019300
0.021800
0.024325
0.026825
0.033575
0.033675
0.036250
0.038025
0.039625
0.052550
0.057475
0.058725
0.065300
0.069400
0.072750
0.073725
0.081000
0.082775
0.084325
0.095525
0.097125
0.113600
0.118325
0.119000
0.123500
0.128325
0.129925
0.136375
0.136950
0.137275
0.138825
0.139675
0.143700
0.145025
0.153200
0.161425
0.171675
0.175050
0.186825
0.189800
0.194775
0.198225
0.212475
0.218750
0.228900
0.234925
0.239500
0.242375
0.248825
0.266050
0.272250
0.273125
0.278875
0.281300
0.293175
0.296250
0.302000
0.320325
0.321000
0.325600
0.326475
0.332975
0.335975
0.338800
0.343500
0.367175
0.369925
0.375950
0.380775
0.383450
0.389750
0.390150
0.392250
0.396150
0.397000
0.397025
0.398500
0.399400
0.409025
0.418225
0.418450
0.421575
0.424150
0.430925
0.431975
0.436050
0.436700
0.438800
0.443150
0.451125
0.461200
0.462275
0.464300
0.467850
0.468275
0.471525
0.474575
0.484250
0.486675
0.486825
0.502925
0.509425
0.517350
0.518350
0.519100
0.523325
0.539475
0.541225
0.542375
0.545700
0.546850
0.555325
0.556825
0.558850
0.560425
0.570450
0.573500
0.573775
0.576350
0.591900
0.592100
0.592125
0.597625
0.600775
0.602400
0.605550
0.618600
0.622800
0.623675
0.627675
0.653600
0.654150
0.657100
0.683900
0.685925
0.689750
0.697050
0.704025
0.704775
0.705100
0.714025
0.717150
0.719375
0.722025
0.723875
0.724650
0.725150
0.746025
0.751100
0.756025
0.757825
0.758300
0.766900
0.773600
0.774125
0.776125
0.780350
0.781225
0.783600
0.788750
0.792275
0.793750
0.795875
0.795975
0.796900
0.805250
0.828000
0.838075
0.847875
0.854475
0.872700
0.875925
0.885150
0.895950
0.900125
0.907875
0.908150
0.913275
0.919500
0.934000
0.940325
0.961000
0.971300
0.978450
1.001800
1.010675
1.018700
1.019850
1.023650
1.035875
1.042700
1.063425
1.072975
1.108275
1.119175
1.129700
1.133900
1.143000
1.154550
1.158725
1.187175
1.218975
1.220725
1.223575
1.229975
1.255325
1.280950
1.300300
1.318275
1.342750
1.368600
1.458375
1.497025
1.508300
1.511925
1.543875
1.593350
1.604300
1.754875
1.886175
1.948750
2.183925
2.415775
227
