0.000275
0.001875
0.006175
0.021800
0.032675
0.035100
0.038050
0.038925
0.039025
0.041900
0.052075
0.063775
0.068025
0.078900
0.082200
0.097750
0.098700
0.099025
0.100575
0.101325
0.107025
0.119300
0.132900
0.150675
0.151600
0.153175
0.156125
0.156925
0.162950
0.169125
0.177075
0.180100
0.182425
0.189350
0.192375
0.200050
0.202950
0.205325
0.214000
0.215600
0.218850
0.219150
0.219325
0.225975
0.226350
0.227900
0.229775
0.232075
0.241600
0.248725
0.249575
0.259725
0.266100
0.284375
0.286900
0.291250
0.295850
0.296125
0.296375
0.297675
0.303375
0.308900
0.309250
0.309750
0.311150
0.311800
0.319300
0.319525
0.319700
0.322450
0.328325
0.332200
0.336175
0.337625
0.339275
0.339325
0.339350
0.339500
0.339800
0.342975
0.344825
0.346900
0.354000
0.355600
0.356100
0.367000
0.369050
0.369825
0.373975
0.378625
0.383725
0.383925
0.385100
0.385875
0.394975
0.397375
0.403025
0.403575
0.408425
0.408575
0.413200
0.428000
0.435000
0.435475
0.439200
0.441300
0.446350
0.453175
0.457650
0.465975
0.467600
0.471625
0.474625
0.475425
0.489650
0.495775
0.498250
0.502075
0.514000
0.515550
0.520325
0.531100
0.531325
0.540750
0.554625
0.559600
0.562675
0.565500
0.568450
0.570425
0.581225
0.587275
0.588775
0.596800
0.604625
0.605500
0.606375
0.616300
0.621550
0.634575
0.636375
0.644200
0.652425
0.657200
0.658775
0.667675
0.674875
0.674975
0.675425
0.683800
0.687200
0.688375
0.688450
0.690675
0.695900
0.696725
0.699725
0.713825
0.714775
0.717025
0.717650
0.722550
0.733400
0.739375
0.739450
0.741700
0.744525
0.756775
0.758900
0.760850
0.761550
0.764450
0.770450
0.774125
0.775450
0.779325
0.797525
0.801400
0.801525
0.803200
0.816450
0.818375
0.819550
0.824000
0.825025
0.828875
0.830125
0.831300
0.837750
0.847300
0.847850
0.854225
0.868500
0.870375
0.872675
0.873725
0.879600
0.880750
0.885625
0.887475
0.894250
0.899800
0.900525
0.910400
0.910750
0.913650
0.915200
0.917725
0.921600
0.930300
0.936425
0.940600
0.940625
0.941250
0.946950
0.955350
0.964175
0.999100
1.010375
1.011200
1.028250
1.030750
1.036950
1.043500
1.048425
1.054075
1.088425
1.092875
1.111375
1.127350
1.152550
1.154525
1.186975
1.253400
1.255750
1.280125
1.286300
1.298250
1.314050
1.323900
1.327900
1.367200
1.413975
1.426500
1.446100
1.469725
1.483650
1.525425
1.538850
1.607650
1.685775
1.695600
1.785800
1.805000
1.889775
1.982875
2.130850
2.247400
2.270650
259
