0.005300
0.009975
0.019600
0.021325
0.022050
0.026075
0.027675
0.037100
0.037575
0.040300
0.043775
0.044500
0.046250
0.047325
0.049975
0.056625
0.060150
0.073250
0.075100
0.077375
0.079925
0.083275
0.083900
0.089925
0.098775
0.099600
0.100950
0.101300
0.101625
0.106250
0.111500
0.112925
0.120750
0.124350
0.125275
0.134400
0.135075
0.139225
0.154350
0.155025
0.161775
0.167275
0.170050
0.170400
0.178250
0.185150
0.189475
0.192700
0.201400
0.202275
0.204925
0.205525
0.207550
0.207600
0.209975
0.210575
0.213500
0.214625
0.215075
0.220825
0.235400
0.239025
0.239875
0.247575
0.248825
0.255025
0.267475
0.272825
0.273125
0.284175
0.288250
0.292175
0.292950
0.297250
0.297925
0.302350
0.305925
0.309650
0.311925
0.313550
0.321325
0.322400
0.329825
0.331350
0.334525
0.334975
0.341875
0.350775
0.351475
0.352200
0.352750
0.372900
0.375475
0.378575
0.380550
0.383075
0.385375
0.390475
0.402075
0.404500
0.410325
0.412950
0.426025
0.426400
0.428400
0.429525
0.437025
0.438700
0.439100
0.440575
0.443600
0.447275
0.451025
0.452425
0.454825
0.459275
0.460700
0.462875
0.465450
0.473775
0.474550
0.477800
0.477825
0.480125
0.484800
0.493450
0.497975
0.501550
0.503725
0.506925
0.527350
0.527725
0.534350
0.546000
0.557925
0.559350
0.575150
0.577400
0.580625
0.581850
0.588700
0.590375
0.594600
0.597275
0.604825
0.606700
0.609025
0.610775
0.612375
0.619700
0.621000
0.629850
0.632200
0.632525
0.642925
0.668250
0.669700
0.670800
0.671100
0.678375
0.683400
0.699650
0.700900
0.705525
0.712450
0.716225
0.752875
0.755675
0.760500
0.775850
0.777575
0.785650
0.813325
0.818350
0.818925
0.839950
0.846775
0.871800
0.872025
0.875950
0.884550
0.886250
0.900500
0.915875
0.925875
0.928000
0.928525
0.929175
0.929775
0.941475
0.956325
0.956625
0.958125
0.958150
0.959625
0.960475
0.966375
0.968350
0.970225
0.978875
0.983575
0.985525
0.986775
0.992125
1.038600
1.054175
1.057875
1.060250
1.068150
1.075550
1.088050
1.093200
1.103950
1.132900
1.149175
1.154050
1.156000
1.159125
1.173975
1.199000
1.207375
1.211475
1.253875
1.273750
1.319325
1.326900
1.327475
1.344450
1.363875
1.393525
1.394500
1.415275
1.419900
1.420775
1.430900
1.457075
1.461300
1.471500
1.490775
1.502425
1.503425
1.522700
1.529600
1.539900
1.583500
1.605700
1.611600
1.754975
1.928850
2.036500
2.112050
251
