0.003200
0.003450
0.003575
0.004000
0.006700
0.016175
0.019900
0.025575
0.026200
0.033750
0.040175
0.040450
0.040750
0.059550
0.060875
0.064775
0.071500
0.074175
0.076175
0.086925
0.088725
0.090550
0.099950
0.101975
0.109625
0.110325
0.112425
0.115125
0.118925
0.122000
0.124100
0.130850
0.135100
0.135450
0.137025
0.137250
0.139000
0.144275
0.144575
0.144950
0.149675
0.159200
0.162475
0.165825
0.169550
0.169750
0.172400
0.173600
0.175875
0.179950
0.186825
0.190550
0.191800
0.193150
0.203875
0.212600
0.218050
0.227700
0.229450
0.230800
0.239500
0.245800
0.250675
0.250950
0.256425
0.257650
0.260250
0.269525
0.273350
0.282850
0.292325
0.293550
0.295975
0.302850
0.309850
0.311800
0.313925
0.315625
0.325250
0.330150
0.334350
0.340750
0.342075
0.343475
0.344300
0.348025
0.359850
0.361050
0.364600
0.368200
0.373175
0.375275
0.377350
0.377775
0.382100
0.388500
0.400500
0.400950
0.402025
0.407875
0.421000
0.434125
0.436600
0.445925
0.446900
0.454450
0.460975
0.461825
0.464575
0.465050
0.479875
0.480725
0.493775
0.499950
0.525100
0.526750
0.529500
0.532600
0.536675
0.542275
0.549525
0.551000
0.557450
0.560175
0.560300
0.561450
0.572250
0.586450
0.587950
0.588200
0.598875
0.600725
0.605825
0.612000
0.612450
0.620150
0.626600
0.633900
0.635650
0.635700
0.639725
0.639950
0.642875
0.645600
0.651325
0.651900
0.653375
0.654775
0.658525
0.659950
0.662450
0.672700
0.674125
0.675800
0.676175
0.677475
0.680825
0.683625
0.690300
0.693400
0.694275
0.702550
0.713050
0.729125
0.729125
0.739025
0.743800
0.752050
0.753650
0.761075
0.772700
0.774975
0.784400
0.790425
0.802550
0.807700
0.814450
0.817000
0.822325
0.822400
0.841625
0.846675
0.849700
0.852725
0.858400
0.862475
0.865000
0.874175
0.880550
0.881400
0.886100
0.891725
0.905275
0.918875
0.930150
0.935475
0.936650
0.939525
0.951300
0.959025
0.962200
1.006700
1.012075
1.017775
1.021375
1.036025
1.046625
1.046925
1.050100
1.051825
1.082100
1.089650
1.104675
1.114675
1.135225
1.160400
1.175350
1.215025
1.235350
1.236025
1.238450
1.259575
1.293675
1.328600
1.336200
1.358475
1.414350
1.436900
1.440850
1.463550
1.514975
1.529875
1.548950
1.589900
1.603475
1.736850
1.812100
1.891625
2.028400
2.037250
2.122775
2.158250
2.279450
2.317950
2.342250
245
