0.000850
0.001450
0.003025
0.008150
0.013400
0.015600
0.019175
0.024050
0.024825
0.041225
0.047825
0.054550
0.058225
0.063050
0.070075
0.071875
0.076150
0.078025
0.078600
0.082925
0.088325
0.092850
0.101525
0.102425
0.103475
0.124800
0.128700
0.136400
0.140725
0.156775
0.162650
0.169200
0.182150
0.184150
0.185400
0.188800
0.193425
0.201350
0.201550
0.202675
0.205350
0.209325
0.211775
0.235000
0.247400
0.250750
0.261925
0.268125
0.275325
0.283100
0.283150
0.286325
0.294800
0.297750
0.301600
0.307900
0.315575
0.328700
0.338700
0.339900
0.341750
0.346350
0.346550
0.350275
0.351875
0.352525
0.355075
0.356575
0.359275
0.365000
0.368175
0.371075
0.374325
0.376025
0.380425
0.382200
0.384525
0.386475
0.392150
0.394375
0.400950
0.410700
0.413250
0.413625
0.415925
0.417900
0.423025
0.431300
0.435925
0.443525
0.447650
0.450225
0.463900
0.466775
0.467850
0.470375
0.473775
0.476125
0.480650
0.484100
0.485650
0.497800
0.506200
0.507425
0.512100
0.517275
0.524350
0.525025
0.525150
0.527800
0.532075
0.538925
0.539850
0.542350
0.543075
0.543075
0.545550
0.551075
0.552075
0.554400
0.555700
0.564050
0.570825
0.583025
0.586250
0.589050
0.606625
0.613350
0.615375
0.619700
0.622250
0.622325
0.634325
0.639425
0.645950
0.650925
0.653600
0.655450
0.655875
0.662375
0.669125
0.677075
0.681475
0.684125
0.685475
0.688925
0.691575
0.694825
0.696175
0.698100
0.709225
0.719250
0.719725
0.722575
0.730400
0.730875
0.756775
0.757300
0.764350
0.766600
0.767300
0.768550
0.772500
0.775900
0.779200
0.791225
0.794000
0.795675
0.797300
0.800675
0.804650
0.807700
0.813325
0.817400
0.818950
0.821175
0.834675
0.843650
0.850425
0.851725
0.852275
0.859625
0.859875
0.865925
0.882975
0.890275
0.903975
0.915550
0.923400
0.925275
0.939200
0.955875
0.960625
0.978875
0.992625
1.002725
1.008050
1.011675
1.013800
1.014650
1.019075
1.021650
1.043050
1.047825
1.079925
1.087750
1.092425
1.092500
1.095375
1.102325
1.109725
1.111225
1.121600
1.146675
1.171475
1.189300
1.205750
1.216025
1.219550
1.225675
1.264475
1.265650
1.269300
1.272150
1.290325
1.290775
1.324225
1.327000
1.344600
1.351525
1.411600
1.439150
1.458650
1.485600
1.508825
1.518700
1.575975
1.607400
1.679725
1.747975
1.871325
1.939000
1.944650
1.980800
244
