0.009050
0.017150
0.017225
0.017525
0.022125
0.024075
0.041200
0.043075
0.043225
0.059400
0.074025
0.074500
0.075600
0.078950
0.081850
0.086125
0.086375
0.089550
0.097975
0.098550
0.101025
0.103775
0.104375
0.107175
0.108600
0.112375
0.116300
0.127975
0.147250
0.156700
0.158200
0.158825
0.159550
0.163250
0.164275
0.168650
0.173125
0.186350
0.187825
0.188825
0.193300
0.195700
0.196000
0.197700
0.205050
0.206450
0.223425
0.228225
0.232700
0.237750
0.243650
0.253450
0.263375
0.266750
0.267750
0.268475
0.269975
0.277550
0.279250
0.292375
0.294475
0.296650
0.296675
0.302800
0.303350
0.322100
0.331600
0.332050
0.332150
0.336050
0.346000
0.348450
0.357200
0.357550
0.359025
0.371875
0.374150
0.385100
0.395675
0.409175
0.412375
0.417525
0.419500
0.425550
0.427425
0.429375
0.448025
0.457850
0.460750
0.461625
0.464625
0.482700
0.484600
0.486025
0.488725
0.496050
0.502625
0.502700
0.505425
0.510225
0.510275
0.512350
0.515900
0.525450
0.529075
0.535775
0.539525
0.542375
0.544225
0.545800
0.546300
0.563925
0.566700
0.567950
0.581175
0.590725
0.592275
0.592825
0.600375
0.600800
0.605975
0.612550
0.614750
0.618325
0.621075
0.625775
0.636475
0.637125
0.638300
0.640400
0.640675
0.641975
0.646100
0.658475
0.668125
0.683225
0.684600
0.685200
0.697375
0.699550
0.703950
0.710875
0.712425
0.716775
0.742275
0.747600
0.748300
0.752075
0.753725
0.754625
0.759700
0.760250
0.763850
0.771250
0.786100
0.796950
0.799400
0.799425
0.802625
0.804075
0.807925
0.822800
0.832750
0.838375
0.844825
0.845025
0.853975
0.857575
0.857900
0.864400
0.866825
0.883200
0.883375
0.885850
0.885950
0.895925
0.897500
0.913000
0.914375
0.916400
0.917475
0.926000
0.929225
0.929325
0.935025
0.938750
0.939075
0.939550
0.961800
0.974225
0.975500
0.978100
0.989100
0.989775
0.996700
1.001275
1.001750
1.015250
1.019125
1.030900
1.035750
1.039250
1.066975
1.078350
1.086550
1.098400
1.099025
1.111950
1.129025
1.136250
1.139525
1.140750
1.145175
1.145450
1.162625
1.166750
1.167850
1.171000
1.177825
1.197725
1.198650
1.213100
1.300275
1.327900
1.349075
1.380700
1.383350
1.402925
1.477550
1.491425
1.539825
1.560225
1.568825
1.584475
1.611375
1.724400
1.727400
1.797300
1.806650
1.815400
1.855675
1.893925
2.005800
2.086900
2.118475
2.372925
246
