0.002575
0.006900
0.017025
0.020950
0.021025
0.025100
0.025325
0.030325
0.038400
0.063225
0.063975
0.066000
0.066800
0.067175
0.071800
0.073550
0.073575
0.075250
0.090025
0.090100
0.091400
0.095800
0.098700
0.121700
0.131400
0.132775
0.135750
0.136625
0.138975
0.139225
0.143750
0.146450
0.148100
0.150175
0.156825
0.167125
0.168600
0.169175
0.171275
0.174100
0.177600
0.179925
0.193225
0.198125
0.202450
0.207350
0.217425
0.217525
0.219150
0.223225
0.235825
0.247550
0.248375
0.249475
0.258500
0.271050
0.271800
0.272375
0.273925
0.280925
0.281750
0.282725
0.284525
0.288150
0.303125
0.305075
0.307700
0.307825
0.313775
0.315350
0.317000
0.317475
0.323000
0.324000
0.331725
0.334575
0.340225
0.342550
0.343575
0.347775
0.348000
0.349950
0.352300
0.357625
0.366575
0.369750
0.373450
0.373675
0.375100
0.377425
0.380600
0.382325
0.383550
0.393675
0.394725
0.394925
0.407025
0.408100
0.410350
0.415050
0.422725
0.426150
0.426525
0.429925
0.440675
0.446475
0.451225
0.460900
0.463250
0.463275
0.471575
0.473375
0.479525
0.481725
0.483375
0.483525
0.490625
0.492400
0.496325
0.497575
0.498425
0.508725
0.511000
0.513300
0.517375
0.525550
0.528300
0.529650
0.534075
0.535475
0.538375
0.542925
0.554300
0.554475
0.557075
0.561675
0.562200
0.563400
0.564975
0.570925
0.573375
0.579750
0.580550
0.590625
0.595675
0.601100
0.605525
0.605650
0.605725
0.606000
0.609450
0.614400
0.617025
0.621325
0.627125
0.632850
0.633025
0.641550
0.642500
0.655375
0.657250
0.658000
0.665675
0.665825
0.667775
0.669750
0.670300
0.677675
0.679725
0.684700
0.684800
0.688225
0.693150
0.693375
0.694975
0.699450
0.700025
0.701300
0.701300
0.701875
0.703125
0.705500
0.707525
0.708425
0.713275
0.713925
0.716225
0.716275
0.725275
0.726550
0.733750
0.736250
0.736950
0.737875
0.739925
0.741400
0.747450
0.753425
0.758200
0.762975
0.770225
0.771325
0.780050
0.785800
0.786675
0.793750
0.799225
0.807000
0.811575
0.817425
0.820125
0.823600
0.824575
0.828775
0.830625
0.833475
0.845850
0.849950
0.851625
0.853375
0.855775
0.857875
0.895250
0.901075
0.904625
0.914475
0.921075
0.928050
0.942550
0.950675
0.956075
0.982100
0.986750
0.999925
1.003475
1.049625
1.063975
1.088050
1.090150
1.090975
1.103750
1.104025
1.108275
1.122075
1.124175
1.134500
1.135800
1.164675
1.178500
1.179275
1.191475
1.207225
1.209050
1.216850
1.221850
1.222525
1.243175
1.288400
1.313725
1.323550
1.338275
1.354975
1.387400
1.460425
1.480950
1.486000
1.537850
1.613325
1.640625
1.774100
1.883875
2.020500
2.021775
2.215700
2.322450
2.455550
2.473875
277
