0.009325
0.012575
0.018800
0.019675
0.036800
0.037675
0.046725
0.049925
0.054150
0.055675
0.057800
0.058125
0.058975
0.060800
0.062175
0.062475
0.064000
0.066225
0.066600
0.072250
0.078775
0.080350
0.083400
0.085225
0.085475
0.087500
0.087675
0.091525
0.092550
0.095525
0.107200
0.108300
0.108875
0.110300
0.121825
0.126375
0.128425
0.131700
0.142325
0.148975
0.149350
0.173750
0.181550
0.181600
0.182125
0.188325
0.188925
0.190575
0.194700
0.198500
0.201825
0.203550
0.204575
0.214850
0.215675
0.219550
0.223925
0.229625
0.231675
0.235425
0.242075
0.248350
0.251225
0.254750
0.258950
0.259750
0.262875
0.263500
0.263650
0.267000
0.272400
0.282100
0.283225
0.292650
0.300700
0.306350
0.315850
0.319000
0.327275
0.336875
0.341875
0.344675
0.349300
0.350500
0.354675
0.360625
0.361650
0.367200
0.368475
0.368575
0.370025
0.375000
0.380600
0.383225
0.386175
0.405450
0.411550
0.413875
0.416700
0.418825
0.420325
0.425100
0.427100
0.427825
0.428475
0.429025
0.441475
0.446375
0.457025
0.459425
0.468825
0.477750
0.480350
0.483425
0.494625
0.497700
0.501700
0.504850
0.507825
0.510125
0.512425
0.514500
0.515025
0.527275
0.532400
0.535750
0.538750
0.544900
0.570725
0.576500
0.582600
0.584125
0.584650
0.584900
0.591775
0.593050
0.595525
0.595825
0.599325
0.601250
0.602075
0.604350
0.612025
0.613575
0.615675
0.619800
0.634925
0.637500
0.641200
0.641350
0.650700
0.652475
0.655875
0.655950
0.656650
0.659750
0.660125
0.662650
0.671950
0.672950
0.679950
0.680475
0.683025
0.693075
0.694950
0.700025
0.700300
0.700650
0.701700
0.709625
0.719650
0.721400
0.726900
0.740725
0.742975
0.743725
0.746675
0.747600
0.749825
0.753075
0.755950
0.773150
0.773300
0.776750
0.780150
0.790575
0.791100
0.793000
0.812875
0.816450
0.822775
0.834375
0.836825
0.844650
0.864400
0.873125
0.887625
0.888250
0.892900
0.893975
0.912525
0.914950
0.917150
0.920900
0.941200
0.953475
0.961775
0.964550
0.965875
0.982400
0.987000
0.992300
1.008775
1.011850
1.016875
1.033625
1.041975
1.043850
1.045025
1.046925
1.053750
1.054750
1.055700
1.057575
1.064950
1.068575
1.080025
1.080800
1.092650
1.099325
1.110500
1.153900
1.163675
1.186925
1.204125
1.211025
1.236375
1.251175
1.265175
1.279275
1.280500
1.291525
1.303050
1.303725
1.473375
1.477700
1.494800
1.504175
1.543150
1.548750
1.550800
1.630250
1.656875
1.672450
1.705825
1.706725
1.766375
1.771500
2.054925
259
