0.005450
0.009425
0.014525
0.014575
0.025225
0.030675
0.033200
0.057325
0.062575
0.071150
0.076175
0.077675
0.082175
0.114525
0.116300
0.117200
0.126725
0.128150
0.128650
0.129525
0.145775
0.148125
0.151725
0.170375
0.170500
0.173075
0.178375
0.186550
0.191850
0.195200
0.196975
0.210025
0.210675
0.213050
0.222800
0.223650
0.225775
0.226075
0.232150
0.233100
0.236950
0.237150
0.242600
0.250250
0.250975
0.251650
0.252225
0.259075
0.270275
0.276975
0.283875
0.286525
0.291925
0.298375
0.302100
0.303325
0.313475
0.325525
0.333325
0.335100
0.336175
0.339475
0.344725
0.344775
0.345075
0.346375
0.353325
0.355625
0.358650
0.361925
0.367100
0.371475
0.374825
0.375600
0.377375
0.379200
0.381625
0.383425
0.387225
0.389825
0.396100
0.405975
0.409650
0.422375
0.425350
0.425800
0.431825
0.436850
0.438200
0.446600
0.450975
0.451400
0.454025
0.458250
0.462375
0.465175
0.468075
0.470400
0.475150
0.488450
0.496650
0.497675
0.497700
0.502150
0.509250
0.512950
0.518750
0.520275
0.523300
0.535800
0.536300
0.539700
0.542600
0.543125
0.545150
0.548175
0.560100
0.563025
0.563900
0.584500
0.598175
0.610025
0.619850
0.620375
0.622175
0.631575
0.634150
0.640000
0.641250
0.648625
0.649300
0.658600
0.659325
0.659800
0.660500
0.662800
0.662800
0.664025
0.674500
0.677200
0.677375
0.678325
0.681525
0.682225
0.685325
0.691100
0.697200
0.704775
0.715175
0.717825
0.718875
0.720600
0.734850
0.736925
0.742000
0.746500
0.756875
0.756875
0.758075
0.761750
0.763625
0.770225
0.771025
0.774250
0.779350
0.783700
0.786650
0.790700
0.795500
0.801650
0.811750
0.812350
0.817450
0.819575
0.829425
0.832700
0.833625
0.834600
0.846450
0.860450
0.862850
0.863925
0.876625
0.881000
0.895100
0.895925
0.898675
0.909650
0.922350
0.922450
0.922775
0.924000
0.938700
0.943675
0.947700
0.959800
0.962325
0.973275
0.980450
0.982050
0.983775
0.984475
0.984950
0.986175
0.989775
0.999650
1.009525
1.018525
1.035725
1.037700
1.040125
1.043175
1.047400
1.050350
1.064150
1.073150
1.077550
1.080350
1.087850
1.092250
1.100475
1.100500
1.107725
1.114600
1.119375
1.134700
1.136900
1.161375
1.168050
1.193025
1.212600
1.246525
1.285900
1.312050
1.313725
1.317775
1.330675
1.341825
1.363975
1.364850
1.365425
1.384225
1.479100
1.512700
1.513075
1.515150
1.517125
1.604875
1.635525
1.700775
1.723550
1.784350
1.879700
1.926275
1.978850
2.357650
2.361450
257
