0.008425
0.013175
0.020250
0.028675
0.033550
0.037725
0.038500
0.042600
0.046575
0.048475
0.065825
0.070700
0.074625
0.076150
0.077675
0.078350
0.080125
0.080700
0.084150
0.091200
0.091650
0.101775
0.103225
0.110975
0.111675
0.124725
0.126025
0.126125
0.128350
0.134225
0.135175
0.141475
0.146575
0.161650
0.166925
0.174350
0.174375
0.175625
0.177275
0.186850
0.188875
0.192200
0.198400
0.200675
0.205000
0.206500
0.212625
0.225250
0.243725
0.245950
0.248850
0.254450
0.267225
0.272575
0.273250
0.273925
0.274875
0.291375
0.291525
0.293675
0.296775
0.303950
0.304425
0.304800
0.306875
0.307375
0.315125
0.328200
0.329550
0.337675
0.338675
0.349600
0.351350
0.353700
0.365900
0.370225
0.383925
0.386950
0.392675
0.393475
0.405150
0.405275
0.405275
0.406050
0.409950
0.413150
0.414000
0.416250
0.427775
0.436350
0.441100
0.446225
0.451600
0.456125
0.465575
0.471600
0.483350
0.483900
0.485200
0.494825
0.504650
0.508000
0.514700
0.521850
0.523225
0.529350
0.529400
0.536750
0.541125
0.549200
0.552900
0.564250
0.572600
0.578100
0.581525
0.594675
0.601025
0.603725
0.604975
0.617575
0.620250
0.620825
0.621000
0.623250
0.626325
0.631050
0.633775
0.653950
0.657550
0.666150
0.679300
0.683050
0.697800
0.700675
0.701375
0.703175
0.707675
0.708675
0.711650
0.711950
0.712400
0.714375
0.727625
0.728675
0.732025
0.741050
0.761425
0.772300
0.781400
0.789675
0.800275
0.803475
0.804900
0.810300
0.810350
0.811975
0.818900
0.835475
0.838125
0.839675
0.843800
0.845725
0.859125
0.863975
0.864925
0.882025
0.883050
0.892375
0.901525
0.902925
0.903800
0.910400
0.919700
0.927675
0.940150
0.975225
0.983225
1.003450
1.011350
1.013450
1.022275
1.042650
1.049300
1.051300
1.077975
1.079875
1.095450
1.128175
1.132725
1.143950
1.144050
1.165075
1.182050
1.257850
1.258800
1.268525
1.303500
1.325450
1.349725
1.367125
1.399925
1.411475
1.414750
1.417625
1.431600
1.508100
1.525250
1.535150
1.552975
1.576550
1.587625
1.613425
1.641500
1.668625
1.726050
1.979975
1.980025
2.044925
2.118250
2.232200
220
