0.000350
0.006400
0.011225
0.011500
0.016775
0.019650
0.021350
0.021575
0.021725
0.023975
0.029725
0.029975
0.035875
0.036775
0.037475
0.051850
0.056650
0.058575
0.061000
0.065000
0.071675
0.075000
0.076575
0.077775
0.078950
0.091125
0.092500
0.095675
0.098925
0.100950
0.109525
0.110900
0.122450
0.124775
0.137325
0.141125
0.155950
0.165000
0.165450
0.173550
0.174150
0.188425
0.191850
0.193625
0.196600
0.206900
0.207950
0.224925
0.231375
0.233300
0.233525
0.243225
0.245925
0.249100
0.250500
0.251425
0.259450
0.262500
0.262625
0.264800
0.265650
0.266125
0.269625
0.274850
0.278075
0.278100
0.282000
0.282000
0.289175
0.291600
0.302725
0.304750
0.305525
0.308850
0.310500
0.312100
0.316800
0.320525
0.331300
0.332825
0.334000
0.337500
0.337625
0.337675
0.339525
0.343525
0.345375
0.349975
0.352225
0.359450
0.363650
0.365000
0.366500
0.366600
0.368250
0.369175
0.370000
0.370550
0.374575
0.375400
0.386150
0.387725
0.388350
0.395200
0.397875
0.407350
0.410525
0.412825
0.414450
0.425075
0.435075
0.437825
0.444825
0.448475
0.449275
0.449400
0.458850
0.469000
0.488200
0.490750
0.491975
0.495175
0.495875
0.499775
0.503925
0.504075
0.504175
0.507150
0.510800
0.510875
0.512225
0.515175
0.525375
0.532825
0.535100
0.552650
0.553150
0.554025
0.554450
0.557950
0.558600
0.560050
0.562025
0.563425
0.571200
0.578075
0.579700
0.581325
0.583425
0.584550
0.587225
0.589900
0.590225
0.597075
0.598525
0.599525
0.606225
0.607175
0.608675
0.612875
0.615175
0.617875
0.619275
0.619850
0.631950
0.647750
0.650325
0.654100
0.658350
0.666975
0.683250
0.684100
0.688800
0.692575
0.693300
0.699975
0.704275
0.707875
0.713375
0.717550
0.728725
0.740475
0.742750
0.760375
0.765225
0.771650
0.775450
0.783450
0.785375
0.788125
0.799900
0.801650
0.802750
0.821075
0.821700
0.823225
0.825475
0.828850
0.831025
0.834225
0.837625
0.837750
0.861050
0.870800
0.881450
0.881475
0.882400
0.884050
0.886075
0.895150
0.896075
0.910100
0.910450
0.912450
0.920300
0.923675
0.925500
0.927950
0.943975
0.961650
0.977375
0.983900
0.987400
0.988025
1.000700
1.001175
1.007550
1.011975
1.014100
1.024050
1.025475
1.026400
1.083375
1.087475
1.096900
1.107250
1.111475
1.113800
1.115075
1.119650
1.123550
1.127150
1.127750
1.130625
1.143925
1.170225
1.174600
1.177825
1.211500
1.226150
1.241575
1.272575
1.331250
1.333600
1.336750
1.351900
1.370300
1.379975
1.390575
1.414950
1.425850
1.434575
1.455375
1.469175
1.538275
1.540525
1.594200
1.604350
1.619975
1.629075
1.676275
1.680925
1.694425
1.763800
1.777925
1.837075
1.947475
1.988350
2.131850
2.252175
280
