0.001025
0.004825
0.013925
0.018300
0.038125
0.042275
0.055275
0.058650
0.060225
0.060750
0.063625
0.063700
0.066775
0.073300
0.077375
0.080725
0.084925
0.094850
0.106350
0.114500
0.115350
0.120875
0.124000
0.127650
0.131875
0.133000
0.135775
0.150700
0.155800
0.157175
0.157650
0.163525
0.169550
0.177850
0.183650
0.192400
0.193425
0.200350
0.213750
0.219375
0.222700
0.229125
0.231375
0.231700
0.242950
0.252925
0.265375
0.269275
0.269550
0.277175
0.277850
0.280250
0.281475
0.293975
0.300200
0.300925
0.302500
0.308000
0.308825
0.316475
0.318975
0.319150
0.320200
0.320725
0.324550
0.329550
0.329650
0.330025
0.340400
0.347375
0.351450
0.355200
0.373625
0.378575
0.381350
0.386525
0.391025
0.391400
0.398225
0.398225
0.404250
0.404325
0.409350
0.414750
0.415875
0.416150
0.417875
0.421450
0.423475
0.424050
0.437625
0.439300
0.440900
0.445150
0.449750
0.461775
0.468575
0.469450
0.473225
0.473925
0.482325
0.488250
0.490325
0.501775
0.504050
0.509225
0.509400
0.512275
0.512700
0.517100
0.517925
0.518650
0.524100
0.528850
0.543075
0.547825
0.550650
0.554375
0.574325
0.592225
0.614650
0.621400
0.621775
0.623950
0.624775
0.629300
0.630025
0.630225
0.631325
0.635575
0.638200
0.644725
0.644925
0.646775
0.655225
0.657925
0.658425
0.663275
0.683250
0.687125
0.688350
0.690000
0.695025
0.695825
0.697675
0.706900
0.713800
0.713875
0.716550
0.719375
0.724325
0.729625
0.736200
0.736325
0.738750
0.740500
0.747325
0.747675
0.748950
0.762550
0.763375
0.764000
0.773175
0.773200
0.777150
0.783950
0.789600
0.790975
0.797975
0.802625
0.807975
0.808900
0.809700
0.810075
0.811625
0.812125
0.818800
0.829600
0.832150
0.868200
0.871875
0.873125
0.878500
0.887850
0.889825
0.893725
0.912775
0.916400
0.931350
0.943600
0.962975
0.966375
0.966825
0.966900
0.975075
0.988025
1.003400
1.014350
1.015675
1.019400
1.033675
1.046275
1.047375
1.057350
1.072350
1.075125
1.097075
1.107325
1.118600
1.143850
1.180125
1.186700
1.188775
1.198100
1.199525
1.211200
1.218100
1.230000
1.241825
1.255375
1.265650
1.265775
1.276150
1.291900
1.306250
1.335550
1.377725
1.385100
1.424200
1.457225
1.458150
1.463100
1.504525
1.507025
1.564000
1.606725
1.623450
1.638475
1.669800
1.720900
1.765150
1.776900
1.786675
1.871200
1.928700
2.069325
2.077125
2.204475
2.206275
249
