0.002550
0.006075
0.012150
0.013475
0.024300
0.026975
0.027375
0.031100
0.033100
0.033125
0.033375
0.033700
0.053125
0.053950
0.058500
0.066600
0.076825
0.076925
0.079550
0.083850
0.092225
0.095775
0.098075
0.098950
0.099125
0.105300
0.105650
0.107250
0.109200
0.120725
0.127500
0.129025
0.132250
0.133150
0.139875
0.143475
0.148725
0.158050
0.163175
0.167000
0.168150
0.188950
0.190225
0.191850
0.198825
0.211450
0.212650
0.231350
0.240100
0.242200
0.255050
0.267175
0.277025
0.279300
0.281050
0.286725
0.287925
0.290225
0.290450
0.291275
0.305425
0.310150
0.314550
0.321925
0.328100
0.331725
0.334500
0.336600
0.342750
0.346350
0.350875
0.354000
0.356050
0.358025
0.358850
0.363300
0.365650
0.373300
0.379700
0.381575
0.391975
0.392600
0.393450
0.394000
0.394300
0.402250
0.407200
0.409975
0.424100
0.425400
0.428500
0.430700
0.434500
0.435475
0.457600
0.464625
0.469200
0.473200
0.475600
0.484225
0.493150
0.494000
0.497775
0.502300
0.503750
0.511825
0.516775
0.517325
0.517750
0.521700
0.530950
0.534300
0.535950
0.539475
0.541850
0.559200
0.564275
0.565150
0.568875
0.569675
0.572525
0.574950
0.576925
0.582800
0.584200
0.595675
0.600050
0.605850
0.611575
0.612200
0.625500
0.627225
0.636575
0.638000
0.643025
0.650700
0.660800
0.660975
0.663250
0.666650
0.667825
0.673575
0.678325
0.678725
0.682200
0.684175
0.685850
0.698625
0.699300
0.707575
0.709475
0.715250
0.717450
0.723200
0.727400
0.729500
0.730000
0.733500
0.733700
0.741775
0.749825
0.758475
0.766925
0.783750
0.788350
0.789025
0.792575
0.802625
0.808250
0.810000
0.823175
0.825400
0.836700
0.839225
0.841625
0.844000
0.845125
0.849150
0.850925
0.875275
0.878350
0.884600
0.884700
0.885850
0.887550
0.887675
0.891700
0.894075
0.901325
0.906675
0.910475
0.910850
0.913800
0.916275
0.927575
0.937175
0.944300
0.949500
0.960325
1.006050
1.010000
1.017800
1.018550
1.025325
1.026500
1.028050
1.039450
1.046500
1.048450
1.059550
1.060050
1.070625
1.073950
1.075775
1.087125
1.089800
1.095425
1.101775
1.153800
1.157450
1.197825
1.215575
1.216725
1.223600
1.239750
1.261675
1.263150
1.267625
1.269175
1.294500
1.313725
1.406025
1.416550
1.418875
1.419150
1.443275
1.467150
1.493125
1.509650
1.554350
1.564475
1.564850
1.784150
1.815675
1.892425
2.145125
2.493950
247
