0.001650
0.005650
0.006300
0.006575
0.010075
0.016400
0.025925
0.036550
0.042250
0.042975
0.045575
0.049725
0.054625
0.066575
0.079450
0.080900
0.100575
0.108175
0.115875
0.117675
0.137775
0.138300
0.139225
0.143100
0.152500
0.153825
0.174100
0.179125
0.183925
0.192725
0.199875
0.210000
0.212000
0.212350
0.213275
0.221400
0.234825
0.234850
0.237300
0.239775
0.241125
0.244400
0.249325
0.251175
0.251325
0.252875
0.257575
0.257900
0.260875
0.261000
0.263225
0.264200
0.271750
0.273675
0.274825
0.279350
0.281225
0.287775
0.289575
0.299750
0.306825
0.307000
0.307400
0.308025
0.308275
0.308625
0.325700
0.327025
0.332500
0.346850
0.348750
0.350975
0.351925
0.355500
0.358225
0.365975
0.368200
0.369650
0.370350
0.374875
0.375675
0.378550
0.383725
0.391575
0.404725
0.413375
0.422825
0.434025
0.441600
0.446600
0.454150
0.457775
0.458175
0.458325
0.462875
0.467325
0.469450
0.473025
0.481000
0.485900
0.487575
0.491850
0.495275
0.496350
0.498225
0.498750
0.501375
0.511350
0.519425
0.520550
0.533625
0.534175
0.546600
0.548625
0.550300
0.557025
0.560725
0.565125
0.568675
0.570725
0.573975
0.575400
0.580175
0.580950
0.594500
0.605475
0.608075
0.611050
0.611475
0.614200
0.616800
0.620200
0.636700
0.648125
0.648800
0.659125
0.670800
0.674425
0.682275
0.682775
0.687650
0.693975
0.715600
0.719500
0.723375
0.730375
0.730825
0.731250
0.731475
0.737800
0.740425
0.740550
0.745775
0.748875
0.749725
0.754875
0.756525
0.763800
0.769650
0.770175
0.774300
0.776675
0.779200
0.783400
0.802800
0.803575
0.808325
0.810525
0.812325
0.812450
0.825675
0.826375
0.834350
0.835250
0.837975
0.841200
0.848225
0.850025
0.858375
0.862375
0.862650
0.863250
0.864700
0.876750
0.894300
0.896225
0.900000
0.903375
0.905325
0.909500
0.914625
0.917300
0.922575
0.923850
0.931100
0.931750
0.932050
0.940675
0.941250
0.950325
0.954050
0.961300
0.970750
0.973000
0.974575
0.999525
1.005550
1.010175
1.013025
1.014725
1.018925
1.024200
1.030375
1.037275
1.048775
1.075075
1.093950
1.106525
1.110250
1.113225
1.118525
1.121475
1.131400
1.145525
1.153225
1.166175
1.168725
1.169400
1.186525
1.188425
1.200025
1.210925
1.222275
1.223425
1.250625
1.291525
1.295775
1.297875
1.301550
1.301675
1.343400
1.376475
1.379050
1.383600
1.462425
1.507750
1.587075
1.603875
1.650175
1.795600
1.953275
2.283275
2.476625
253
