0.003175
0.023650
0.023925
0.031250
0.037525
0.040800
0.042825
0.046325
0.046500
0.047025
0.048725
0.049725
0.050200
0.051575
0.054175
0.058625
0.059475
0.059625
0.059975
0.064600
0.084825
0.090275
0.097750
0.102100
0.107850
0.109375
0.117600
0.117675
0.120975
0.122350
0.123650
0.144425
0.151525
0.180175
0.191350
0.193800
0.196300
0.197800
0.198825
0.200625
0.207375
0.209975
0.214650
0.219025
0.226375
0.228250
0.237125
0.237575
0.239325
0.240500
0.241450
0.244175
0.246550
0.255275
0.262600
0.267575
0.274625
0.278350
0.285000
0.287575
0.289075
0.293725
0.297100
0.302500
0.303050
0.304600
0.310600
0.313200
0.323275
0.334750
0.334850
0.336375
0.337675
0.344575
0.348225
0.348875
0.355875
0.364150
0.374700
0.375250
0.378550
0.380325
0.383050
0.387000
0.388650
0.398750
0.411300
0.416050
0.418475
0.419875
0.421650
0.422825
0.429625
0.431150
0.431500
0.433500
0.433850
0.436250
0.440425
0.443475
0.443750
0.445600
0.447325
0.449500
0.453250
0.456750
0.461175
0.466350
0.470950
0.477900
0.482025
0.482050
0.495600
0.505125
0.508325
0.520375
0.524200
0.526050
0.530800
0.532050
0.542925
0.548225
0.551250
0.552075
0.555950
0.556675
0.558150
0.559100
0.562175
0.562300
0.563875
0.574125
0.575550
0.577075
0.578450
0.581125
0.587750
0.589600
0.591625
0.604325
0.604450
0.612225
0.620275
0.623475
0.624025
0.635200
0.637075
0.640175
0.648500
0.651975
0.652875
0.655175
0.660700
0.662775
0.667400
0.667450
0.673950
0.675425
0.676725
0.680450
0.688575
0.689675
0.691600
0.691975
0.701775
0.701825
0.702250
0.702675
0.706875
0.714100
0.714875
0.726525
0.734525
0.740325
0.742200
0.742275
0.743625
0.750750
0.756550
0.757350
0.758050
0.758425
0.763050
0.764100
0.764375
0.770775
0.800100
0.800375
0.803425
0.806100
0.818575
0.841225
0.841850
0.848475
0.854550
0.865875
0.902825
0.915325
0.916350
0.918525
0.919725
0.919975
0.923950
0.931075
0.957350
0.981050
0.981750
0.985325
1.007650
1.016375
1.019375
1.020550
1.020550
1.021450
1.030200
1.041225
1.053400
1.064050
1.067300
1.077775
1.078650
1.083300
1.091350
1.095400
1.106875
1.116900
1.121775
1.125425
1.125675
1.139600
1.147975
1.153875
1.185925
1.207175
1.208850
1.224750
1.275300
1.295125
1.326625
1.386800
1.425350
1.482400
1.520175
1.530125
1.692575
1.815625
1.935050
1.937900
1.963800
1.997100
2.143425
2.259050
2.389325
253
