0.000250
0.001825
0.022350
0.022825
0.028000
0.030475
0.034300
0.042175
0.045250
0.052350
0.053375
0.054000
0.056125
0.065750
0.071825
0.081500
0.086375
0.088100
0.088300
0.104050
0.105375
0.109000
0.116775
0.119075
0.120975
0.124200
0.124750
0.125525
0.126800
0.128825
0.132175
0.135225
0.138625
0.140400
0.145175
0.147725
0.149400
0.164125
0.170650
0.170850
0.173325
0.175225
0.176225
0.178400
0.185625
0.188975
0.189450
0.199075
0.200800
0.201225
0.202625
0.203000
0.203550
0.212525
0.220675
0.227000
0.232575
0.232800
0.234800
0.235525
0.243375
0.246925
0.248900
0.259400
0.263800
0.266050
0.266300
0.272600
0.273550
0.282925
0.287300
0.291075
0.302700
0.308750
0.317900
0.320500
0.323250
0.324475
0.327175
0.327375
0.327825
0.331425
0.331475
0.334650
0.344300
0.350025
0.360800
0.364775
0.366800
0.368325
0.385850
0.393425
0.399475
0.402200
0.406200
0.409625
0.411300
0.416675
0.419425
0.430150
0.434725
0.447050
0.453025
0.457425
0.464950
0.465550
0.468450
0.469450
0.469500
0.476375
0.488725
0.492000
0.517000
0.527750
0.531925
0.540800
0.547925
0.551750
0.553600
0.560250
0.569325
0.570225
0.570950
0.572225
0.577500
0.577625
0.582425
0.596150
0.596975
0.599100
0.602700
0.606050
0.615000
0.625550
0.631750
0.631975
0.636350
0.645725
0.649275
0.650775
0.659075
0.661625
0.675075
0.677650
0.689825
0.692225
0.701100
0.704250
0.707275
0.709275
0.715200
0.717300
0.720050
0.720250
0.739400
0.744175
0.745150
0.745575
0.747075
0.757125
0.760425
0.762675
0.764550
0.770075
0.770375
0.771800
0.775525
0.778100
0.780400
0.790300
0.792250
0.797500
0.806050
0.814400
0.814600
0.816250
0.820725
0.821825
0.826575
0.826825
0.832475
0.848425
0.851350
0.856600
0.860250
0.882525
0.913500
0.924925
0.924950
0.938825
0.948475
0.951400
0.955450
0.957150
0.965650
1.020900
1.021025
1.024075
1.028900
1.056300
1.067250
1.078675
1.082475
1.093400
1.101125
1.117400
1.119850
1.127700
1.137500
1.141775
1.167225
1.168675
1.176450
1.177000
1.188450
1.214400
1.216300
1.220200
1.238125
1.238725
1.240425
1.261650
1.277325
1.287375
1.296850
1.343550
1.488575
1.543875
1.551175
1.577875
1.598850
1.620750
1.645150
1.655425
1.656900
1.775075
1.805800
1.922725
2.226675
2.283625
2.286800
241
