0.008475
0.010275
0.013450
0.014350
0.019425
0.019950
0.020825
0.031050
0.032400
0.033250
0.036350
0.038400
0.041600
0.042450
0.042925
0.043100
0.043125
0.045800
0.046025
0.057375
0.061825
0.075500
0.077400
0.079325
0.079725
0.095975
0.097775
0.107325
0.108850
0.124000
0.125100
0.132850
0.137225
0.138675
0.143800
0.144725
0.150950
0.153475
0.156525
0.158325
0.160400
0.166575
0.166925
0.168050
0.171975
0.175950
0.178875
0.183300
0.184000
0.185875
0.190775
0.192600
0.197225
0.202300
0.203550
0.203650
0.206225
0.208150
0.214425
0.217775
0.232200
0.237125
0.240400
0.253325
0.254500
0.255275
0.255725
0.257500
0.264600
0.267375
0.267825
0.267900
0.273875
0.283650
0.285650
0.291675
0.295075
0.296325
0.301400
0.317975
0.320525
0.321400
0.321775
0.326325
0.328000
0.332950
0.346950
0.357425
0.358300
0.364475
0.388175
0.390150
0.397050
0.399650
0.401600
0.402625
0.402775
0.404475
0.407175
0.414150
0.415300
0.417625
0.419450
0.427375
0.430675
0.436675
0.439150
0.443200
0.443900
0.456175
0.457075
0.459075
0.468700
0.469950
0.476775
0.489175
0.502025
0.508725
0.510500
0.520025
0.521850
0.525925
0.532550
0.535825
0.539350
0.545275
0.546800
0.548250
0.552025
0.554975
0.556800
0.556925
0.557050
0.562450
0.563550
0.572475
0.575500
0.578950
0.579900
0.581350
0.581550
0.590525
0.600300
0.605425
0.610575
0.614225
0.614425
0.615550
0.619800
0.626775
0.633775
0.635825
0.649675
0.651825
0.655975
0.657725
0.658600
0.659300
0.662025
0.663325
0.669600
0.673800
0.680125
0.685600
0.685650
0.687750
0.719400
0.725350
0.731400
0.731525
0.736100
0.736525
0.737375
0.740625
0.741550
0.748725
0.750850
0.759625
0.764750
0.767150
0.774200
0.778850
0.782150
0.784800
0.789325
0.793600
0.793700
0.794050
0.800400
0.808350
0.808600
0.812700
0.817975
0.844400
0.857225
0.870300
0.874800
0.876225
0.893675
0.907575
0.914350
0.925700
0.929200
0.942075
0.965175
0.966500
0.969350
0.999750
0.999750
1.001575
1.005825
1.008525
1.016425
1.018525
1.059600
1.062225
1.072300
1.076050
1.086975
1.098475
1.103875
1.110400
1.112700
1.118250
1.133375
1.155200
1.170725
1.177975
1.203525
1.215400
1.228525
1.237800
1.239150
1.244650
1.257450
1.266825
1.267275
1.284000
1.298550
1.312350
1.358750
1.369900
1.372875
1.378975
1.410025
1.444300
1.465225
1.493725
1.501975
1.509000
1.521675
1.579875
1.639475
1.708775
1.840575
1.863350
1.871000
1.936250
1.974625
2.034175
2.255875
2.314800
2.317525
2.447275
264
