0.005300
0.005650
0.008700
0.008825
0.016800
0.018825
0.034125
0.039700
0.040850
0.043675
0.046000
0.049950
0.051175
0.052075
0.056800
0.063950
0.066900
0.073575
0.074175
0.082150
0.082900
0.087075
0.090050
0.092975
0.094425
0.094475
0.106100
0.107750
0.110275
0.110600
0.113675
0.118375
0.119600
0.126750
0.127050
0.129275
0.130575
0.130625
0.147450
0.147700
0.152275
0.159975
0.164425
0.168200
0.168400
0.169200
0.181825
0.193200
0.194900
0.195250
0.195325
0.206825
0.207100
0.207300
0.208125
0.217600
0.220625
0.240850
0.242475
0.249600
0.258125
0.260625
0.263800
0.264000
0.264300
0.266600
0.267875
0.270050
0.278875
0.279700
0.281475
0.283125
0.285050
0.285650
0.291500
0.299200
0.303700
0.304550
0.315650
0.317125
0.322850
0.326325
0.333350
0.335225
0.335300
0.336350
0.337925
0.348350
0.351075
0.354600
0.355125
0.355250
0.356050
0.360975
0.370750
0.371650
0.371850
0.382425
0.382875
0.385500
0.386925
0.386975
0.389450
0.393950
0.407250
0.407550
0.415425
0.432400
0.433650
0.439800
0.440950
0.441750
0.444275
0.444350
0.450725
0.451650
0.454950
0.460050
0.486450
0.492425
0.495075
0.503825
0.519200
0.520700
0.522775
0.529500
0.530150
0.530425
0.533375
0.543250
0.561825
0.570125
0.574275
0.582125
0.587925
0.592050
0.616600
0.622325
0.623400
0.632125
0.640050
0.643950
0.651900
0.656825
0.658325
0.660850
0.663475
0.667025
0.672275
0.675725
0.677050
0.689525
0.689900
0.689925
0.694900
0.706350
0.706950
0.710425
0.720975
0.725775
0.737550
0.758850
0.764950
0.768100
0.774675
0.788125
0.794775
0.801925
0.811175
0.844250
0.844600
0.847975
0.858675
0.860325
0.862300
0.863325
0.872825
0.881500
0.883950
0.887875
0.892675
0.893950
0.904150
0.908075
0.911300
0.915950
0.918300
0.921475
0.924075
0.924375
0.929525
0.929825
0.935450
0.940200
0.963375
0.968850
0.976275
0.978525
0.984775
0.990525
1.001225
1.007325
1.007550
1.008075
1.018350
1.019050
1.023200
1.031975
1.033200
1.035225
1.043250
1.062175
1.073900
1.084700
1.088875
1.100075
1.106175
1.110075
1.111400
1.150650
1.150900
1.153150
1.158600
1.168425
1.174600
1.178675
1.182975
1.186275
1.199375
1.232250
1.245925
1.265475
1.301700
1.307600
1.337550
1.349575
1.355600
1.361975
1.416800
1.460500
1.464550
1.531800
1.532425
1.555100
1.557000
1.558900
1.600825
1.604650
1.610100
1.652600
1.663150
1.706775
1.711450
1.712900
1.740550
1.760125
1.763175
1.791250
1.835375
1.891350
2.045700
2.079725
2.233850
2.274325
2.275550
2.430725
266
