0.003400
0.004825
0.009775
0.012775
0.013550
0.014400
0.016300
0.033425
0.034700
0.037525
0.044075
0.046100
0.062525
0.065350
0.070850
0.072900
0.075500
0.081025
0.095200
0.097425
0.098950
0.100800
0.101300
0.102825
0.104600
0.105225
0.115150
0.115325
0.116175
0.116250
0.116900
0.124675
0.125575
0.127625
0.134425
0.134775
0.137975
0.138550
0.161650
0.165675
0.169750
0.175450
0.176700
0.178600
0.184375
0.184600
0.185775
0.188150
0.188850
0.194475
0.197300
0.200500
0.205050
0.208375
0.209375
0.213800
0.214100
0.218150
0.218675
0.221625
0.222550
0.225225
0.229600
0.243175
0.249325
0.251150
0.256925
0.258375
0.260150
0.271150
0.274375
0.277525
0.278925
0.280825
0.283225
0.303425
0.304525
0.305375
0.310025
0.315500
0.318150
0.323025
0.324900
0.325625
0.332525
0.340650
0.340750
0.343275
0.343450
0.347950
0.351350
0.361425
0.362450
0.373000
0.389100
0.389200
0.413875
0.414925
0.417875
0.424950
0.425800
0.426025
0.431925
0.440150
0.441875
0.455625
0.464125
0.468125
0.468550
0.476425
0.476450
0.482925
0.486925
0.497975
0.498150
0.501100
0.506325
0.510525
0.524550
0.528000
0.535200
0.537800
0.542175
0.543375
0.543725
0.544625
0.551650
0.559625
0.568025
0.595275
0.596000
0.605300
0.610425
0.610550
0.614800
0.615950
0.616650
0.617750
0.623750
0.631525
0.631725
0.634400
0.636275
0.645250
0.647250
0.648775
0.649400
0.652350
0.661975
0.664375
0.666850
0.667525
0.671900
0.675175
0.675300
0.679125
0.689850
0.709800
0.712075
0.714525
0.716800
0.718850
0.719800
0.731450
0.731550
0.739075
0.745675
0.748100
0.754225
0.757175
0.768500
0.772675
0.779150
0.780375
0.785750
0.789225
0.791675
0.794225
0.800725
0.804175
0.815875
0.818775
0.819675
0.821200
0.822725
0.824725
0.826175
0.831100
0.834175
0.834350
0.842725
0.850125
0.851650
0.853950
0.859250
0.859775
0.861150
0.861625
0.874450
0.876375
0.878725
0.881600
0.893200
0.893225
0.899825
0.910100
0.913900
0.915700
0.917750
0.921800
0.939275
0.944200
0.955600
0.958150
0.976350
0.980925
0.994150
0.994975
0.998450
0.998575
1.015700
1.020750
1.023500
1.024725
1.039675
1.050550
1.059375
1.067875
1.073625
1.083950
1.092200
1.093450
1.104025
1.115050
1.125475
1.148850
1.152350
1.176925
1.184725
1.206325
1.210125
1.266725
1.274675
1.283700
1.301200
1.310400
1.313025
1.372925
1.379550
1.380375
1.391900
1.397325
1.429075
1.562550
1.605125
1.642175
1.647175
1.797200
1.811625
1.813400
1.830175
1.858550
1.970275
2.388000
2.416500
265
