0.001200
0.006525
0.006775
0.019125
0.021500
0.022300
0.023550
0.024150
0.031175
0.033500
0.034400
0.035025
0.046075
0.051000
0.058475
0.070250
0.075125
0.076825
0.079150
0.080275
0.081975
0.084800
0.088200
0.092900
0.093325
0.101950
0.105050
0.111850
0.116225
0.116675
0.118300
0.119325
0.124325
0.130350
0.135900
0.142625
0.147925
0.153625
0.154500
0.161125
0.161150
0.165800
0.173075
0.175500
0.177075
0.190825
0.193850
0.195125
0.200975
0.207500
0.210675
0.215000
0.223600
0.231925
0.234100
0.239900
0.250300
0.255625
0.256675
0.259325
0.264200
0.270975
0.272400
0.276775
0.305725
0.307125
0.313275
0.316050
0.316275
0.319075
0.320500
0.327875
0.329625
0.333950
0.346350
0.348400
0.350750
0.355375
0.361425
0.366525
0.369500
0.373875
0.381725
0.383100
0.386625
0.391075
0.391475
0.395625
0.406450
0.415525
0.416550
0.420500
0.445575
0.446600
0.447525
0.457225
0.464475
0.468950
0.485150
0.493375
0.509975
0.512100
0.515525
0.517250
0.527675
0.532000
0.535375
0.546600
0.547650
0.557475
0.561500
0.561550
0.570700
0.576275
0.586550
0.589825
0.590450
0.590900
0.596925
0.597700
0.604550
0.606825
0.612625
0.617500
0.617750
0.625275
0.633875
0.638150
0.639400
0.643100
0.645475
0.647025
0.647825
0.653575
0.654300
0.656100
0.658775
0.659525
0.664325
0.664675
0.671275
0.672650
0.679450
0.686300
0.695525
0.698250
0.713625
0.716725
0.730375
0.732775
0.733650
0.737650
0.738325
0.742150
0.751575
0.753550
0.757275
0.758500
0.763100
0.763175
0.767575
0.774200
0.778150
0.781550
0.781700
0.793375
0.803850
0.838925
0.840325
0.842250
0.844425
0.846500
0.852375
0.853175
0.854025
0.858950
0.867100
0.879675
0.889700
0.890475
0.892150
0.898275
0.904500
0.907775
0.916175
0.920950
0.921250
0.941350
0.941350
0.947550
0.956275
0.965750
0.977725
1.007375
1.018100
1.020050
1.023550
1.041050
1.051150
1.087325
1.089175
1.089925
1.092225
1.140875
1.154725
1.167825
1.173200
1.199225
1.205825
1.206000
1.214250
1.220250
1.229450
1.229500
1.229775
1.240450
1.246875
1.279775
1.280475
1.292550
1.306475
1.324350
1.339300
1.344800
1.361625
1.386600
1.406950
1.526225
1.589225
1.593675
1.640900
1.702025
1.749175
1.799225
1.915450
2.030075
2.478825
237
