0.008900
0.020225
0.022750
0.028850
0.030250
0.030650
0.034750
0.037325
0.040425
0.041775
0.049375
0.051625
0.057200
0.057375
0.060250
0.060475
0.070500
0.072125
0.072400
0.089950
0.097200
0.100750
0.110325
0.134200
0.142125
0.143750
0.144625
0.146800
0.150175
0.150325
0.154725
0.155350
0.155700
0.157425
0.159900
0.160275
0.160800
0.179650
0.185800
0.187175
0.192050
0.195250
0.199050
0.218500
0.230125
0.231225
0.242025
0.245000
0.245625
0.246700
0.252700
0.253875
0.255325
0.256725
0.264250
0.269725
0.270325
0.272125
0.273200
0.281125
0.286700
0.288175
0.290450
0.293375
0.295075
0.306100
0.320025
0.322250
0.333800
0.341650
0.343475
0.344050
0.345550
0.347900
0.372525
0.374475
0.383525
0.401525
0.405525
0.414425
0.415225
0.422200
0.423050
0.428425
0.428625
0.439725
0.440425
0.441450
0.442625
0.444750
0.453450
0.455825
0.459475
0.464300
0.472050
0.473350
0.474800
0.475500
0.478375
0.481025
0.486625
0.490775
0.496625
0.497700
0.499275
0.510525
0.513525
0.517600
0.518525
0.529850
0.541150
0.544100
0.550675
0.556150
0.558425
0.559825
0.565225
0.567450
0.571425
0.573400
0.574325
0.575200
0.575625
0.584775
0.592850
0.601925
0.605125
0.608050
0.612150
0.617900
0.632975
0.634075
0.634875
0.634950
0.638325
0.650450
0.650775
0.653250
0.658975
0.665225
0.675500
0.693350
0.708800
0.709150
0.710750
0.719175
0.723525
0.724900
0.727500
0.742475
0.746525
0.747800
0.751200
0.755600
0.758000
0.758625
0.762725
0.767325
0.775750
0.777825
0.781900
0.784750
0.786125
0.797000
0.801175
0.820775
0.854675
0.857550
0.861250
0.862950
0.864900
0.865825
0.869250
0.879775
0.895075
0.897850
0.901400
0.907225
0.913000
0.917675
0.921575
0.928875
0.936275
0.957850
0.975500
0.987175
0.989125
0.989675
0.989825
0.990850
0.998525
1.010775
1.013250
1.015050
1.018825
1.060650
1.070525
1.092150
1.095750
1.116175
1.120100
1.129725
1.132425
1.133950
1.139825
1.151450
1.158450
1.169950
1.170050
1.182350
1.196275
1.227000
1.253675
1.254325
1.270175
1.325975
1.328750
1.342775
1.346050
1.381175
1.391650
1.404875
1.414700
1.447725
1.470175
1.471475
1.474675
1.506975
1.529800
1.552850
1.561600
1.563825
1.631975
1.734100
1.789250
1.808625
236
