0.007375
0.008425
0.011575
0.012900
0.020700
0.025450
0.027250
0.032175
0.035500
0.044150
0.052225
0.057300
0.059100
0.068550
0.074825
0.083450
0.084000
0.093975
0.095700
0.098825
0.106250
0.111350
0.118175
0.124450
0.125800
0.131150
0.133125
0.134375
0.137675
0.141975
0.146200
0.146200
0.153750
0.154475
0.156150
0.157200
0.161500
0.165700
0.169075
0.173200
0.173750
0.176225
0.177775
0.179375
0.183450
0.192375
0.200500
0.205075
0.209900
0.216625
0.218875
0.228150
0.230900
0.232275
0.237300
0.250875
0.252075
0.259650
0.260250
0.272325
0.279125
0.281525
0.284650
0.285700
0.286500
0.287900
0.288350
0.294550
0.294825
0.301750
0.313100
0.313875
0.330950
0.338425
0.341625
0.352000
0.353400
0.361250
0.363900
0.365675
0.368350
0.376075
0.382000
0.383225
0.386475
0.391725
0.404850
0.410950
0.411325
0.414200
0.438425
0.438600
0.458325
0.460700
0.467625
0.475600
0.480350
0.491525
0.497225
0.497275
0.503375
0.513175
0.516425
0.518900
0.520025
0.521425
0.527575
0.533375
0.534475
0.542025
0.553500
0.558850
0.559450
0.561475
0.563325
0.571025
0.572500
0.575625
0.578000
0.581275
0.581925
0.592550
0.593500
0.603150
0.610575
0.617375
0.620125
0.631325
0.640225
0.640750
0.641525
0.642650
0.643525
0.644450
0.646825
0.652925
0.654475
0.658175
0.661525
0.667700
0.673625
0.674200
0.690450
0.691100
0.691450
0.701000
0.701475
0.704475
0.704550
0.705225
0.706625
0.714850
0.720000
0.721525
0.725925
0.728800
0.739000
0.740650
0.742900
0.743600
0.745675
0.747325
0.749625
0.752275
0.752800
0.753050
0.759700
0.772450
0.788575
0.789725
0.796600
0.796775
0.826325
0.827425
0.831925
0.832700
0.842775
0.848675
0.850775
0.852325
0.852525
0.856400
0.856550
0.859650
0.889175
0.892800
0.897375
0.900850
0.901300
0.911725
0.912650
0.914625
0.929875
0.930525
0.936175
0.939300
0.945425
0.955500
0.960250
0.978475
0.981575
0.983625
0.988875
1.001600
1.004025
1.020200
1.025700
1.042925
1.049400
1.050275
1.063100
1.073175
1.086775
1.088550
1.094450
1.104875
1.105750
1.106075
1.123700
1.138475
1.171125
1.174950
1.179375
1.180525
1.213750
1.215000
1.217025
1.264475
1.276300
1.319425
1.323100
1.326625
1.332525
1.332825
1.353825
1.355175
1.357000
1.367275
1.383875
1.384050
1.422475
1.435950
1.514225
1.540100
1.548425
1.548450
1.553475
1.746125
1.913275
2.006150
2.224025
2.227475
2.300500
2.312500
2.377225
2.473850
256
