0.000200
0.005675
0.008775
0.012825
0.017925
0.036100
0.040275
0.050325
0.052250
0.053575
0.055625
0.056725
0.068475
0.071200
0.083800
0.084625
0.084650
0.091325
0.092125
0.105275
0.107300
0.111525
0.113425
0.116575
0.122750
0.126525
0.126600
0.134000
0.134225
0.145600
0.146050
0.150400
0.160750
0.163450
0.164875
0.165500
0.170750
0.180650
0.190725
0.199300
0.213550
0.214475
0.217475
0.227425
0.229100
0.230975
0.232800
0.233300
0.235425
0.236500
0.238125
0.239850
0.240300
0.243800
0.247650
0.250725
0.264600
0.268925
0.271800
0.282125
0.284525
0.309225
0.315625
0.318800
0.319675
0.325000
0.330875
0.331600
0.336500
0.336675
0.339250
0.341025
0.353375
0.354625
0.361225
0.370200
0.373025
0.374925
0.378625
0.379275
0.380850
0.384025
0.386475
0.386800
0.403650
0.423425
0.428750
0.436250
0.440050
0.446800
0.447375
0.452250
0.455000
0.456525
0.457925
0.461950
0.467100
0.467600
0.474525
0.478500
0.484575
0.487175
0.494300
0.495100
0.495525
0.495575
0.505875
0.514825
0.520900
0.521050
0.523850
0.528050
0.529100
0.530725
0.543325
0.546300
0.552650
0.557475
0.564100
0.574300
0.581075
0.584050
0.587250
0.593350
0.604275
0.605475
0.607025
0.612275
0.613250
0.615850
0.615925
0.617650
0.621250
0.629950
0.634275
0.639850
0.653125
0.654125
0.654300
0.662475
0.663925
0.666450
0.667650
0.668175
0.693900
0.701375
0.710225
0.710950
0.712600
0.716550
0.721475
0.723100
0.725125
0.725425
0.726775
0.727650
0.730075
0.732925
0.741175
0.762625
0.765200
0.774500
0.775500
0.776725
0.780125
0.780275
0.783075
0.788325
0.790150
0.792350
0.818775
0.819825
0.824700
0.828950
0.841650
0.842300
0.850725
0.853825
0.854100
0.854200
0.854275
0.864250
0.868800
0.870600
0.877550
0.878800
0.887375
0.931500
0.940075
0.941550
0.944350
0.949250
0.963225
0.964300
0.973075
0.981000
0.995175
1.004150
1.013600
1.036950
1.038975
1.039575
1.044175
1.046475
1.048650
1.060400
1.067300
1.077400
1.084550
1.087650
1.098825
1.166600
1.189275
1.206850
1.244000
1.271625
1.285500
1.291725
1.309850
1.310525
1.323775
1.346300
1.411275
1.445950
1.449375
1.463075
1.498900
1.540000
1.550600
1.576825
1.578225
1.581950
1.592975
1.642700
1.645025
1.680375
1.719150
1.737825
1.756100
1.845800
1.894025
1.915325
1.937150
1.960700
2.066500
2.120900
2.167675
2.289300
2.339525
2.457775
250
