0.010200
0.024650
0.025025
0.029800
0.031950
0.032550
0.032900
0.035950
0.037650
0.038050
0.042950
0.047225
0.049975
0.052675
0.053625
0.064925
0.065600
0.067300
0.069250
0.072675
0.076050
0.083000
0.083075
0.084300
0.089100
0.091000
0.096025
0.097925
0.100850
0.104150
0.110350
0.110600
0.111525
0.112775
0.113000
0.115225
0.115575
0.126625
0.132250
0.138900
0.139100
0.141650
0.142175
0.150275
0.158575
0.168375
0.169575
0.172750
0.173450
0.174075
0.177150
0.184575
0.188725
0.190325
0.194325
0.195925
0.197125
0.207050
0.207900
0.210175
0.211225
0.229575
0.232525
0.235475
0.241975
0.246925
0.249525
0.249950
0.252550
0.255875
0.262625
0.271225
0.271575
0.274075
0.293000
0.300675
0.303550
0.307775
0.312750
0.315575
0.316275
0.319525
0.323975
0.327900
0.329150
0.349375
0.350750
0.356675
0.360175
0.369475
0.377775
0.377825
0.377850
0.381575
0.396775
0.399600
0.400725
0.403525
0.407200
0.417375
0.418650
0.423775
0.432175
0.435700
0.446150
0.448625
0.459400
0.462150
0.462675
0.467075
0.472675
0.476700
0.478200
0.481950
0.488525
0.492625
0.495300
0.498325
0.501125
0.502250
0.507125
0.509400
0.511900
0.524050
0.526275
0.526325
0.531550
0.538850
0.539000
0.539075
0.541300
0.549475
0.560625
0.564325
0.568175
0.569100
0.573775
0.575850
0.579025
0.584600
0.586425
0.589925
0.599975
0.606950
0.608400
0.612350
0.613200
0.614100
0.617125
0.626900
0.631325
0.633625
0.636075
0.642550
0.644575
0.652175
0.654825
0.657775
0.664325
0.664750
0.668625
0.682125
0.686025
0.686450
0.687775
0.691800
0.695600
0.696975
0.701400
0.708275
0.709575
0.727300
0.729000
0.729900
0.732325
0.745500
0.747375
0.749825
0.760550
0.763100
0.768425
0.776925
0.781025
0.790250
0.790725
0.798850
0.801400
0.807250
0.808800
0.809250
0.811050
0.811675
0.813150
0.814825
0.815200
0.828725
0.836675
0.844125
0.864975
0.872675
0.876750
0.879075
0.884800
0.888825
0.891300
0.895075
0.899175
0.900025
0.900650
0.901800
0.905775
0.906900
0.920450
0.920900
0.924000
0.924325
0.929950
0.935100
0.936050
0.949350
0.966225
0.967625
0.979425
0.988925
0.992025
0.993250
0.999175
1.007325
1.029425
1.035300
1.035875
1.041250
1.064625
1.068600
1.081975
1.086050
1.088650
1.100675
1.128725
1.146425
1.146525
1.154350
1.174675
1.176850
1.212450
1.222150
1.229575
1.241700
1.246675
1.252325
1.281325
1.284525
1.327950
1.368300
1.392925
1.406075
1.421950
1.436050
1.449100
1.494250
1.520475
1.580400
1.773325
1.827425
1.871425
1.895675
2.313725
2.434750
2.448450
269
