0.002225
0.003825
0.006150
0.009700
0.010125
0.011900
0.017525
0.018000
0.025050
0.026325
0.030650
0.032475
0.034525
0.039875
0.042525
0.042925
0.043500
0.048375
0.048425
0.053800
0.057250
0.057550
0.062450
0.065000
0.075000
0.080650
0.081600
0.081725
0.083475
0.086375
0.088350
0.091625
0.108750
0.110025
0.127700
0.129625
0.130625
0.143175
0.144075
0.144600
0.149150
0.175500
0.176700
0.178825
0.180850
0.191525
0.193475
0.196700
0.198750
0.200000
0.205900
0.211500
0.211700
0.216800
0.223200
0.227050
0.230250
0.236450
0.239775
0.239950
0.239975
0.241200
0.262800
0.264675
0.265075
0.282525
0.284675
0.288825
0.289125
0.289950
0.295650
0.302075
0.318300
0.333300
0.340975
0.345650
0.348125
0.351300
0.352125
0.356550
0.358775
0.359975
0.365075
0.367525
0.368225
0.376450
0.379550
0.386800
0.386950
0.399225
0.400450
0.413725
0.416800
0.425725
0.445650
0.446675
0.453950
0.458425
0.461875
0.463000
0.468750
0.474550
0.477950
0.479400
0.482200
0.487900
0.497525
0.501575
0.502250
0.502900
0.510525
0.515925
0.519050
0.519500
0.525150
0.534825
0.537250
0.540200
0.551975
0.556700
0.561600
0.564600
0.568550
0.569475
0.573625
0.576650
0.579025
0.583150
0.583700
0.594550
0.604775
0.606175
0.607525
0.613200
0.616100
0.617250
0.625375
0.632000
0.634850
0.641575
0.643425
0.655025
0.655900
0.656150
0.661200
0.662825
0.665900
0.667650
0.669950
0.681325
0.681900
0.682675
0.686525
0.696100
0.713925
0.718425
0.719300
0.726025
0.729450
0.732950
0.759500
0.771800
0.777475
0.779925
0.787200
0.795250
0.797300
0.801525
0.802725
0.807900
0.810600
0.811825
0.815075
0.818100
0.819300
0.823500
0.828075
0.834550
0.842775
0.852100
0.853750
0.855550
0.857900
0.865975
0.874700
0.884100
0.890100
0.893675
0.897800
0.926225
0.932200
0.932325
0.950950
0.956375
0.964475
0.987000
0.987125
0.988275
0.997675
1.003100
1.029550
1.030700
1.052275
1.055075
1.065225
1.074950
1.077450
1.114900
1.115300
1.125500
1.144050
1.146225
1.151150
1.174450
1.194000
1.196425
1.200650
1.214750
1.216575
1.219000
1.221875
1.236275
1.246150
1.249450
1.250575
1.260325
1.274925
1.289225
1.295925
1.309025
1.313150
1.332825
1.335250
1.354850
1.389700
1.403325
1.426050
1.467000
1.472500
1.479100
1.496625
1.504575
1.506500
1.539575
1.624725
1.683325
1.689475
1.706050
1.755600
1.759000
1.814875
1.895025
1.914150
1.990850
2.014350
2.052700
2.365625
257
