0.004875
0.006200
0.020175
0.021400
0.021975
0.026850
0.047300
0.047350
0.051575
0.067125
0.070825
0.071700
0.072675
0.084025
0.084350
0.085950
0.093175
0.096425
0.099800
0.102550
0.103575
0.103950
0.107400
0.108850
0.111625
0.128250
0.133250
0.134925
0.143200
0.162625
0.166900
0.170700
0.170950
0.172425
0.177825
0.178075
0.186300
0.186450
0.200025
0.201700
0.205025
0.219900
0.221100
0.221550
0.225000
0.225025
0.225925
0.235175
0.240125
0.241250
0.245725
0.252150
0.252275
0.265625
0.267500
0.273600
0.281000
0.287050
0.293400
0.293800
0.298350
0.303850
0.314300
0.314400
0.317125
0.321825
0.330025
0.330450
0.331100
0.331600
0.332475
0.334975
0.340350
0.342475
0.342850
0.348875
0.351650
0.352925
0.354275
0.360325
0.361250
0.361675
0.370200
0.373175
0.373950
0.375375
0.378800
0.382450
0.387375
0.391400
0.395775
0.397875
0.403425
0.405900
0.418400
0.420825
0.432625
0.433125
0.434975
0.435150
0.447900
0.448550
0.452875
0.453225
0.456725
0.468450
0.474500
0.477125
0.478950
0.482800
0.483100
0.493700
0.494200
0.495275
0.498850
0.500975
0.509850
0.511075
0.513150
0.515975
0.522800
0.529600
0.535675
0.552875
0.557050
0.557950
0.558300
0.562475
0.582725
0.583850
0.583900
0.586625
0.590050
0.591675
0.594675
0.595000
0.602225
0.606800
0.607775
0.615650
0.618150
0.629950
0.631950
0.642175
0.643875
0.653000
0.654450
0.667750
0.673925
0.677100
0.682025
0.683975
0.685525
0.689325
0.694275
0.698650
0.701250
0.707225
0.708325
0.712500
0.716925
0.722025
0.730650
0.731425
0.731725
0.738475
0.739400
0.742750
0.746350
0.747275
0.748850
0.749025
0.751725
0.756800
0.757300
0.757600
0.768000
0.769300
0.774500
0.778900
0.782500
0.785625
0.790575
0.803850
0.810900
0.819650
0.823200
0.823800
0.824075
0.829375
0.836050
0.837475
0.855775
0.870350
0.871750
0.883300
0.886875
0.891625
0.907425
0.908950
0.911075
0.917700
0.931575
0.938250
0.941700
0.957700
0.965750
1.007600
1.011825
1.015875
1.059400
1.071725
1.072875
1.085675
1.087225
1.119250
1.123000
1.129750
1.153900
1.186300
1.190600
1.210725
1.215825
1.252025
1.254250
1.264075
1.276325
1.291500
1.317350
1.326725
1.352025
1.366900
1.377375
1.380600
1.383525
1.397200
1.516425
1.581800
1.642600
1.654450
1.673025
1.679475
1.717850
1.756200
1.790300
1.860225
1.887850
1.977625
2.172975
2.217475
250
