0.007725
0.012225
0.018375
0.026425
0.026850
0.037475
0.041300
0.047325
0.047875
0.052100
0.052250
0.052575
0.054750
0.059875
0.060475
0.062650
0.063100
0.066700
0.069100
0.081925
0.085275
0.086225
0.089150
0.112325
0.113500
0.113850
0.121525
0.126075
0.131400
0.134250
0.137850
0.140400
0.142650
0.145425
0.149750
0.151375
0.151700
0.155850
0.157175
0.158125
0.163500
0.169875
0.172075
0.175800
0.184375
0.185650
0.210025
0.221350
0.229750
0.230150
0.239900
0.243050
0.246300
0.250575
0.252375
0.257050
0.259825
0.269050
0.273900
0.276875
0.295650
0.296650
0.298875
0.302200
0.304850
0.324625
0.329100
0.330475
0.338475
0.341325
0.341875
0.345575
0.352350
0.359025
0.365500
0.366625
0.378025
0.378200
0.378500
0.379975
0.391000
0.395325
0.396575
0.396750
0.398900
0.406350
0.407825
0.419850
0.423125
0.423400
0.428825
0.437575
0.440625
0.448150
0.453100
0.454000
0.455475
0.457225
0.465350
0.465700
0.467275
0.469600
0.471250
0.479950
0.489000
0.498200
0.501250
0.503375
0.509050
0.516550
0.519475
0.520650
0.524050
0.527950
0.528400
0.528775
0.549700
0.554925
0.559200
0.562900
0.570600
0.571175
0.572200
0.574075
0.574325
0.575325
0.580800
0.585225
0.591425
0.604250
0.608750
0.617800
0.618850
0.620425
0.623450
0.626550
0.628200
0.638800
0.639375
0.642150
0.660650
0.662025
0.664575
0.672575
0.673200
0.673400
0.675525
0.677150
0.685600
0.685800
0.688475
0.692225
0.698875
0.713050
0.727675
0.729375
0.733250
0.745575
0.746425
0.753300
0.754200
0.757900
0.758100
0.760825
0.767225
0.768100
0.776025
0.777250
0.779100
0.779400
0.782000
0.783175
0.784350
0.792400
0.795850
0.810050
0.812375
0.814475
0.821075
0.827275
0.827950
0.835650
0.837700
0.845925
0.850800
0.855200
0.863625
0.866550
0.866825
0.869350
0.898625
0.900425
0.905450
0.907625
0.907625
0.910750
0.925400
0.932350
0.942825
0.945825
0.949150
0.952700
0.964575
0.971850
0.973425
0.983225
0.986650
0.992300
0.993725
0.999075
1.007475
1.012850
1.013400
1.021525
1.026250
1.033125
1.048500
1.064175
1.070575
1.076525
1.089175
1.104625
1.111050
1.122750
1.148950
1.159225
1.223650
1.238400
1.301650
1.303000
1.307525
1.314300
1.314725
1.317800
1.354950
1.393750
1.394575
1.409600
1.413325
1.483550
1.492825
1.511725
1.517675
1.538725
1.566700
1.720975
1.803925
1.816825
1.859050
1.870600
1.892625
2.011975
2.033475
2.493900
254
