0.002400
0.002575
0.007900
0.014950
0.015225
0.021950
0.022975
0.030450
0.035400
0.042150
0.047325
0.052250
0.052850
0.056700
0.065450
0.068725
0.075500
0.085125
0.090625
0.091825
0.096075
0.097425
0.101000
0.105650
0.110000
0.115300
0.124350
0.125725
0.132725
0.134325
0.137300
0.138200
0.138350
0.140825
0.142750
0.150325
0.152775
0.153450
0.166800
0.167225
0.179950
0.185050
0.185175
0.196450
0.205825
0.215025
0.215550
0.219775
0.221850
0.252650
0.262225
0.265900
0.266975
0.276675
0.278225
0.278875
0.285450
0.286950
0.289925
0.292250
0.299150
0.308375
0.309100
0.310000
0.310675
0.312250
0.312350
0.319250
0.320675
0.331975
0.335200
0.345675
0.349025
0.350375
0.353100
0.365700
0.367825
0.370525
0.372875
0.373275
0.389475
0.392275
0.395700
0.402700
0.409825
0.417800
0.419550
0.424600
0.431425
0.432125
0.445475
0.446425
0.447825
0.449875
0.451400
0.452900
0.455875
0.468850
0.469225
0.475650
0.482125
0.487200
0.495000
0.501200
0.501275
0.509625
0.513250
0.514975
0.519950
0.523750
0.525425
0.526175
0.545575
0.550025
0.559350
0.560250
0.565525
0.566600
0.569875
0.570525
0.576150
0.576225
0.584850
0.585250
0.587750
0.593350
0.597575
0.608875
0.610625
0.610775
0.612100
0.622900
0.638775
0.646975
0.649700
0.651150
0.653550
0.657025
0.657575
0.660500
0.663225
0.673925
0.675850
0.679050
0.684850
0.691725
0.691900
0.698525
0.702275
0.712675
0.716650
0.722450
0.733325
0.735425
0.736925
0.743625
0.758725
0.766300
0.769900
0.775300
0.778650
0.782700
0.783650
0.792525
0.800100
0.802925
0.804375
0.805550
0.807950
0.810550
0.819350
0.826200
0.828425
0.828725
0.831050
0.835775
0.837050
0.838300
0.839575
0.840950
0.841350
0.847650
0.848625
0.852350
0.859625
0.869750
0.872350
0.876475
0.881175
0.889375
0.896375
0.899675
0.904400
0.915850
0.922575
0.923800
0.929450
0.933050
0.933300
0.934250
0.936250
0.945250
0.945375
0.945775
0.949300
0.952200
0.953575
0.965150
0.978750
0.989575
0.995325
1.001000
1.017375
1.019250
1.024975
1.031050
1.040325
1.045450
1.057700
1.068700
1.075225
1.092975
1.102425
1.106325
1.121750
1.127950
1.148900
1.153175
1.170650
1.179225
1.182500
1.188225
1.204350
1.217800
1.223150
1.233225
1.241375
1.258750
1.284300
1.285825
1.289750
1.340475
1.344400
1.350675
1.406900
1.431725
1.487125
1.558000
1.558425
1.563250
1.565500
1.799675
1.930125
1.959250
1.987500
2.041000
2.495875
257
