0.006850
0.009025
0.016000
0.032100
0.036925
0.044275
0.045325
0.046025
0.047550
0.054250
0.057375
0.072050
0.074425
0.075650
0.079175
0.080875
0.080925
0.097725
0.103750
0.113400
0.118800
0.125975
0.129000
0.131925
0.133150
0.133750
0.138675
0.140225
0.155525
0.158875
0.166325
0.166600
0.168325
0.175650
0.177125
0.178150
0.180425
0.182450
0.183000
0.186900
0.188075
0.190600
0.194100
0.199600
0.207575
0.208900
0.211700
0.213425
0.216450
0.228325
0.244150
0.251975
0.255525
0.257550
0.260125
0.275625
0.281475
0.286825
0.286950
0.289050
0.290075
0.291325
0.291475
0.305000
0.310275
0.319150
0.336375
0.340775
0.355050
0.357525
0.362950
0.365625
0.366475
0.379775
0.382575
0.386550
0.387175
0.387725
0.397325
0.397600
0.399775
0.403500
0.406950
0.408275
0.421450
0.423625
0.426200
0.429450
0.444325
0.449675
0.460775
0.470400
0.477700
0.489725
0.515975
0.517650
0.523225
0.525275
0.527300
0.527675
0.546175
0.554975
0.555950
0.556625
0.558425
0.558925
0.562125
0.575000
0.575500
0.577400
0.578775
0.590000
0.607725
0.613450
0.614325
0.618100
0.627600
0.630800
0.631775
0.637375
0.639675
0.644600
0.649900
0.657975
0.668800
0.675550
0.687750
0.707600
0.712750
0.726025
0.736200
0.736250
0.737225
0.746625
0.750075
0.758500
0.763925
0.768925
0.774325
0.783175
0.789850
0.801975
0.806275
0.813075
0.813300
0.814625
0.816675
0.820925
0.823375
0.829750
0.831500
0.837350
0.839525
0.840125
0.842800
0.852025
0.852600
0.859625
0.864000
0.864825
0.866775
0.875325
0.885250
0.895050
0.910275
0.923925
0.931875
0.934875
0.935925
0.940925
0.948850
0.968375
0.979600
0.988300
0.989450
0.995100
1.016275
1.018950
1.029875
1.036075
1.048950
1.060975
1.061950
1.064500
1.090550
1.092775
1.101350
1.102675
1.102825
1.118125
1.118275
1.124075
1.130850
1.130875
1.136600
1.155325
1.162275
1.163525
1.166625
1.173100
1.216725
1.240025
1.248550
1.277025
1.277450
1.286475
1.318675
1.341500
1.373675
1.374900
1.403275
1.417325
1.427050
1.429725
1.460025
1.472800
1.492050
1.508175
1.513775
1.554775
1.662950
1.732275
1.743750
1.787225
1.826900
1.833675
1.938025
1.986800
2.045425
2.084625
2.280025
231
