0.001175
0.008125
0.008150
0.010850
0.014550
0.015050
0.018725
0.021700
0.042675
0.042975
0.051375
0.052300
0.058525
0.063675
0.073475
0.073525
0.077200
0.081250
0.093750
0.095300
0.096100
0.100775
0.102775
0.104875
0.105075
0.112650
0.120600
0.128350
0.129200
0.129600
0.134025
0.134925
0.136675
0.141525
0.142075
0.144750
0.150375
0.151025
0.153225
0.161075
0.164600
0.178850
0.178850
0.183400
0.183675
0.186900
0.193925
0.194475
0.202875
0.208750
0.210375
0.214450
0.214825
0.218425
0.221100
0.222050
0.223050
0.223125
0.225675
0.226250
0.231275
0.232675
0.234775
0.239250
0.250750
0.253725
0.268200
0.270500
0.293300
0.295075
0.295675
0.298450
0.300200
0.303150
0.309800
0.311800
0.312025
0.313100
0.314075
0.316500
0.317725
0.323600
0.329825
0.339500
0.341225
0.343050
0.344325
0.351100
0.352575
0.353150
0.355250
0.355300
0.363875
0.365075
0.374600
0.374725
0.376800
0.381950
0.382000
0.382475
0.383800
0.384350
0.386325
0.389725
0.400725
0.401525
0.406450
0.407500
0.409775
0.411900
0.412250
0.414325
0.414700
0.417725
0.427775
0.428825
0.432625
0.434400
0.437900
0.442750
0.444825
0.452075
0.469525
0.472600
0.473850
0.473925
0.481475
0.483475
0.486900
0.494175
0.498100
0.502525
0.511725
0.527275
0.528375
0.531775
0.532425
0.532750
0.533600
0.550575
0.551675
0.555150
0.565700
0.578400
0.580550
0.581250
0.587900
0.597300
0.601325
0.606200
0.612500
0.614900
0.618950
0.630025
0.633225
0.637225
0.639425
0.641650
0.644250
0.646675
0.659400
0.659675
0.672300
0.673225
0.678625
0.679675
0.683300
0.687525
0.689575
0.689975
0.707275
0.708275
0.715650
0.724400
0.731125
0.732475
0.732950
0.745625
0.753800
0.769275
0.781825
0.787050
0.788225
0.790300
0.791075
0.792000
0.794950
0.795975
0.799175
0.799175
0.807475
0.810200
0.810250
0.812975
0.815375
0.820475
0.825275
0.832725
0.839850
0.841050
0.844500
0.845875
0.846350
0.848800
0.872450
0.874175
0.887775
0.887825
0.889375
0.894125
0.895325
0.897600
0.899375
0.903700
0.904325
0.908350
0.921125
0.922775
0.926625
0.935675
0.940475
0.954675
0.960250
0.965250
0.971075
0.971375
0.983100
1.004475
1.005550
1.017425
1.022675
1.022925
1.027825
1.042650
1.042700
1.043300
1.052000
1.052900
1.064300
1.068900
1.073125
1.087800
1.105625
1.136350
1.142350
1.146650
1.146725
1.147825
1.148475
1.167025
1.174050
1.174250
1.197950
1.205025
1.247450
1.247950
1.268650
1.274125
1.283075
1.328500
1.332700
1.358025
1.387125
1.435000
1.444950
1.459500
1.461725
1.497025
1.517825
1.551125
1.616600
1.617125
1.638225
1.675325
1.679300
1.796925
2.056700
2.190050
2.299575
279
