0.000575
0.010150
0.021825
0.022925
0.032975
0.044050
0.053025
0.053775
0.063575
0.068675
0.068900
0.073175
0.084800
0.090100
0.093375
0.099100
0.100250
0.100250
0.100400
0.104600
0.105425
0.107375
0.114825
0.126250
0.128800
0.129150
0.132000
0.132650
0.133375
0.141175
0.145000
0.145500
0.146000
0.147250
0.149000
0.149625
0.150425
0.151175
0.172450
0.176675
0.196750
0.199525
0.207650
0.208875
0.210500
0.213750
0.218275
0.225700
0.228050
0.251425
0.251975
0.252350
0.253950
0.255475
0.257950
0.259875
0.265650
0.266275
0.269775
0.275900
0.276025
0.278400
0.281975
0.292575
0.293150
0.301225
0.302825
0.307500
0.309225
0.312175
0.325400
0.325500
0.329775
0.331025
0.332375
0.338275
0.343700
0.349000
0.352000
0.356650
0.359700
0.364375
0.369300
0.375625
0.377175
0.399225
0.405450
0.408800
0.421050
0.422750
0.436675
0.437300
0.439375
0.444500
0.447950
0.448975
0.453525
0.455300
0.455875
0.456875
0.462750
0.463850
0.465725
0.469400
0.476150
0.477800
0.501725
0.502475
0.502650
0.503100
0.511600
0.513725
0.515100
0.515775
0.518600
0.522375
0.524875
0.526600
0.534300
0.541000
0.549025
0.550975
0.561400
0.562025
0.567650
0.576425
0.578550
0.588050
0.594100
0.598400
0.601250
0.602625
0.605675
0.614325
0.615900
0.618000
0.619825
0.620025
0.626250
0.629725
0.630425
0.633750
0.634175
0.645550
0.652975
0.653050
0.654000
0.655400
0.687600
0.690675
0.698550
0.699850
0.722050
0.723550
0.724700
0.731725
0.735250
0.741825
0.745450
0.746850
0.747150
0.747600
0.752225
0.755100
0.770000
0.776850
0.778925
0.782100
0.783825
0.792175
0.795825
0.797075
0.799875
0.801325
0.804200
0.812450
0.815675
0.825200
0.837250
0.847725
0.851350
0.860550
0.868450
0.873850
0.875650
0.878425
0.880050
0.881125
0.883800
0.892550
0.936900
0.940275
0.941675
0.943900
0.947175
0.960475
0.968150
0.984550
0.989200
0.992325
0.995300
1.005025
1.009450
1.019475
1.095425
1.100900
1.110750
1.111975
1.115800
1.128350
1.130125
1.158350
1.167625
1.170300
1.175100
1.183375
1.206925
1.217100
1.224825
1.255600
1.294625
1.307250
1.355750
1.397625
1.410800
1.442000
1.454600
1.455150
1.455325
1.484300
1.488925
1.500625
1.520425
1.529975
1.576850
1.577025
1.605350
1.636200
1.693725
1.731075
1.748500
1.902750
1.911350
2.132325
2.356875
245
