0.003400
0.004750
0.004875
0.019125
0.023375
0.029100
0.034600
0.043125
0.056150
0.065525
0.068200
0.069100
0.078150
0.088100
0.088575
0.090750
0.092525
0.094750
0.095200
0.114850
0.124925
0.127175
0.127925
0.132400
0.141400
0.142100
0.145500
0.148125
0.149225
0.149300
0.157750
0.161975
0.162025
0.165025
0.165300
0.173975
0.181575
0.186125
0.188125
0.189200
0.189325
0.192875
0.197075
0.199000
0.202900
0.204325
0.207775
0.228175
0.228425
0.231850
0.235325
0.240175
0.241900
0.243075
0.251900
0.252875
0.258900
0.263500
0.270175
0.272975
0.273900
0.275025
0.283800
0.290200
0.291400
0.294625
0.297350
0.303750
0.304500
0.307500
0.311750
0.312025
0.314750
0.320250
0.323075
0.323075
0.333525
0.339000
0.342100
0.344675
0.345200
0.349325
0.357125
0.358800
0.359125
0.361250
0.364825
0.365850
0.367125
0.373225
0.380600
0.380875
0.394250
0.409400
0.411225
0.412050
0.415825
0.417175
0.420425
0.427625
0.429025
0.429175
0.431425
0.435300
0.438525
0.439975
0.441300
0.447500
0.462575
0.463300
0.464125
0.472925
0.482325
0.483000
0.484950
0.487675
0.492600
0.505550
0.510025
0.512000
0.514400
0.519100
0.525000
0.525525
0.527350
0.528475
0.540100
0.546075
0.546125
0.560775
0.575600
0.578200
0.580900
0.591225
0.600275
0.611300
0.612750
0.621925
0.622500
0.623225
0.632225
0.635950
0.646450
0.647075
0.649175
0.649825
0.651150
0.655550
0.658125
0.658250
0.658850
0.660575
0.661125
0.671750
0.674975
0.675250
0.676225
0.688150
0.691100
0.698725
0.705225
0.717375
0.718325
0.718675
0.720150
0.721950
0.723950
0.725600
0.744550
0.747500
0.748550
0.748750
0.761400
0.764250
0.765900
0.768725
0.772075
0.772675
0.776900
0.778550
0.782625
0.789000
0.794525
0.797750
0.798725
0.800750
0.808400
0.809800
0.812125
0.814350
0.814850
0.815350
0.815775
0.818150
0.818175
0.820400
0.821675
0.821850
0.829050
0.834400
0.848300
0.849125
0.850325
0.851175
0.851175
0.856675
0.870975
0.875525
0.882350
0.885625
0.900075
0.903025
0.924875
0.929075
0.936600
0.939125
0.948675
0.949175
0.950575
0.967650
0.969175
0.973950
0.976725
0.980725
1.005325
1.014100
1.016550
1.016700
1.019175
1.024000
1.027150
1.032800
1.035550
1.036100
1.036350
1.038150
1.042800
1.052600
1.057000
1.057025
1.062275
1.067600
1.084350
1.087625
1.108700
1.111575
1.113475
1.138650
1.150525
1.155275
1.200175
1.219550
1.229575
1.237675
1.240975
1.269675
1.276700
1.277100
1.290375
1.306000
1.355325
1.412675
1.432675
1.459250
1.461950
1.520025
1.622550
1.722225
1.756500
1.879675
1.938375
2.022325
2.041000
2.148075
2.239225
2.278975
276
