0.011375
0.016500
0.038000
0.047525
0.048150
0.050925
0.051900
0.053725
0.064800
0.072500
0.081850
0.087150
0.090425
0.095500
0.096950
0.099150
0.106225
0.110475
0.118625
0.125075
0.131200
0.137775
0.140250
0.147625
0.147800
0.148675
0.154550
0.158200
0.163750
0.180575
0.181150
0.196450
0.198050
0.199650
0.209750
0.228350
0.229350
0.230575
0.242100
0.243675
0.249375
0.257350
0.260250
0.260900
0.263425
0.265075
0.268200
0.272900
0.285375
0.286625
0.289000
0.294275
0.302025
0.307925
0.309400
0.312150
0.319375
0.319900
0.321000
0.329600
0.330000
0.335950
0.346725
0.347225
0.349475
0.363975
0.370150
0.372675
0.380625
0.381500
0.386375
0.386525
0.389875
0.408050
0.412250
0.413625
0.413875
0.414575
0.419850
0.424475
0.426500
0.433700
0.434875
0.438250
0.439350
0.462850
0.463825
0.464550
0.471300
0.473750
0.482050
0.493150
0.505475
0.509425
0.511175
0.512625
0.521100
0.529525
0.533875
0.536175
0.536625
0.545025
0.548575
0.551550
0.551650
0.551850
0.560700
0.563225
0.567550
0.578350
0.579650
0.581850
0.582400
0.597275
0.599500
0.601550
0.605275
0.611650
0.624475
0.624725
0.626150
0.636675
0.638850
0.639125
0.641075
0.647700
0.648800
0.654100
0.654325
0.661050
0.663300
0.668850
0.668900
0.679600
0.689850
0.697275
0.698975
0.701875
0.706125
0.707950
0.709225
0.711000
0.713500
0.718975
0.728725
0.734850
0.737850
0.740600
0.741025
0.746975
0.749175
0.761825
0.762750
0.763425
0.776050
0.780000
0.781700
0.784075
0.788250
0.788675
0.792500
0.797175
0.797925
0.799300
0.800950
0.807075
0.813700
0.817975
0.819100
0.824400
0.827500
0.830875
0.835525
0.842775
0.846875
0.847725
0.848000
0.850925
0.875750
0.891625
0.901775
0.911225
0.932450
0.935800
0.942475
0.947425
0.953350
0.957425
0.987400
1.002550
1.006775
1.056750
1.065025
1.084400
1.093275
1.099425
1.112425
1.112600
1.141725
1.144650
1.145025
1.186175
1.197700
1.212300
1.269700
1.284450
1.321950
1.337775
1.342725
1.345750
1.409875
1.420525
1.452500
1.473825
1.480975
1.540950
1.686600
1.696175
1.765725
1.786125
2.121200
2.135125
2.381150
223
