0.002975
0.006925
0.016650
0.020950
0.021825
0.025000
0.025375
0.031450
0.038200
0.042775
0.051725
0.058300
0.060000
0.063350
0.066775
0.069750
0.077425
0.085975
0.089925
0.090825
0.091150
0.099000
0.099350
0.099425
0.099675
0.111200
0.114525
0.117925
0.118675
0.119800
0.122600
0.126050
0.128725
0.129950
0.132750
0.144400
0.148600
0.155700
0.169500
0.180975
0.193400
0.194000
0.199400
0.200000
0.202775
0.212475
0.223375
0.228475
0.229600
0.232125
0.233950
0.238875
0.244925
0.249275
0.271325
0.275125
0.276400
0.276450
0.276450
0.278450
0.281700
0.282725
0.282825
0.287750
0.288725
0.293850
0.302400
0.303400
0.303500
0.303525
0.305025
0.306275
0.306325
0.307175
0.309900
0.314525
0.315850
0.317500
0.330825
0.335775
0.343525
0.347200
0.356525
0.357975
0.364800
0.379800
0.379950
0.382350
0.387825
0.395000
0.396625
0.397300
0.401000
0.404425
0.404850
0.406450
0.415500
0.418175
0.418675
0.426600
0.427600
0.431575
0.432075
0.435725
0.437650
0.446000
0.452475
0.457350
0.459550
0.463950
0.467975
0.470875
0.471625
0.475275
0.476175
0.479075
0.484050
0.490175
0.503300
0.504750
0.527350
0.534975
0.536750
0.544375
0.554175
0.554725
0.558025
0.564550
0.571525
0.578625
0.580850
0.585150
0.589850
0.591875
0.592650
0.595575
0.598375
0.601550
0.607050
0.614250
0.617525
0.618925
0.620475
0.627600
0.627950
0.630950
0.633250
0.634850
0.635075
0.638150
0.640125
0.652225
0.654900
0.657450
0.658350
0.659275
0.661975
0.669225
0.678450
0.682075
0.683900
0.693825
0.704500
0.709650
0.715175
0.718750
0.721925
0.722800
0.729025
0.735150
0.738825
0.742725
0.743525
0.744325
0.746025
0.754400
0.762275
0.765175
0.765575
0.768175
0.793750
0.799300
0.812500
0.816375
0.819950
0.825575
0.826450
0.827375
0.828325
0.829700
0.840275
0.853200
0.864025
0.864425
0.867700
0.872575
0.882500
0.892500
0.894125
0.900075
0.901075
0.930975
0.939300
0.947975
0.961275
0.964550
0.972375
0.981425
1.030850
1.040500
1.043700
1.047500
1.048425
1.050975
1.067700
1.073300
1.082875
1.091725
1.094150
1.129025
1.144450
1.149400
1.159600
1.199925
1.211350
1.225925
1.239650
1.248250
1.254100
1.258800
1.261175
1.278050
1.351550
1.431625
1.453975
1.507275
1.549275
1.555350
1.691725
1.691900
1.763000
1.769550
1.774000
1.927125
1.929825
2.008750
2.024900
2.355325
248
