0.005750
0.005925
0.009675
0.014050
0.015925
0.020425
0.020925
0.021475
0.025725
0.030575
0.034250
0.037350
0.043450
0.052450
0.054750
0.059175
0.060050
0.060175
0.065275
0.065925
0.066450
0.068925
0.075850
0.080800
0.082750
0.085300
0.086150
0.099675
0.101125
0.110400
0.116800
0.121425
0.122325
0.131925
0.131925
0.137000
0.137275
0.141950
0.143725
0.146775
0.158525
0.161975
0.163725
0.172500
0.175375
0.175975
0.179925
0.186575
0.190075
0.193625
0.196250
0.197125
0.199400
0.209700
0.211475
0.228050
0.231025
0.233625
0.234425
0.248475
0.249475
0.254175
0.257550
0.261475
0.263100
0.264125
0.267150
0.267325
0.283875
0.287750
0.297750
0.305450
0.307850
0.308200
0.320975
0.328650
0.335550
0.336100
0.343900
0.347375
0.354075
0.362650
0.366875
0.378000
0.378125
0.380625
0.382550
0.383650
0.387475
0.388450
0.403300
0.404850
0.408950
0.409650
0.410025
0.423550
0.427675
0.428250
0.436925
0.438550
0.438750
0.439825
0.447775
0.449175
0.451175
0.456775
0.460900
0.477225
0.478025
0.481500
0.488200
0.505150
0.508400
0.519225
0.527350
0.528875
0.536225
0.538000
0.540650
0.540975
0.545350
0.550600
0.556850
0.557200
0.559725
0.562775
0.580975
0.591275
0.597150
0.605550
0.605900
0.612900
0.616725
0.618575
0.621800
0.630675
0.648475
0.649950
0.657025
0.658500
0.667200
0.676325
0.684750
0.689125
0.694700
0.698100
0.715950
0.742525
0.746450
0.754800
0.758650
0.759550
0.760275
0.764000
0.776400
0.792225
0.794350
0.807750
0.814275
0.820550
0.821600
0.823650
0.829000
0.829725
0.831225
0.831575
0.834900
0.847375
0.850150
0.870200
0.871225
0.896950
0.907150
0.928900
0.932575
0.941925
0.946950
0.962175
0.965250
0.965600
0.977300
0.980000
0.990725
0.996700
1.000600
1.003375
1.005775
1.012025
1.018000
1.022175
1.055200
1.073325
1.098975
1.106425
1.112375
1.114225
1.123300
1.128375
1.150725
1.158950
1.192475
1.193650
1.195575
1.200150
1.203525
1.208375
1.213625
1.220950
1.224975
1.234075
1.240200
1.272975
1.290875
1.325050
1.326200
1.364575
1.372025
1.376975
1.402900
1.492525
1.521775
1.567500
1.643775
1.650750
1.685650
1.744250
1.809475
1.845150
1.859200
1.948975
1.992800
2.075000
2.128000
2.174600
2.299900
2.384650
236
