0.004575
0.016800
0.017125
0.018175
0.030000
0.039700
0.042300
0.045025
0.046950
0.052450
0.052775
0.055000
0.068750
0.073950
0.088475
0.114300
0.118850
0.126750
0.140175
0.148275
0.149200
0.166675
0.179000
0.186550
0.194550
0.201250
0.203600
0.205075
0.212925
0.220350
0.220925
0.229725
0.235675
0.240750
0.240900
0.268600
0.287625
0.289550
0.293475
0.303375
0.307925
0.309225
0.314175
0.316150
0.320550
0.325775
0.326000
0.333750
0.333900
0.336200
0.337475
0.342775
0.348050
0.349450
0.350000
0.370200
0.375150
0.375575
0.384750
0.399125
0.413275
0.413425
0.414700
0.414925
0.430900
0.437275
0.453500
0.462600
0.463800
0.466900
0.473325
0.478850
0.484450
0.501300
0.506275
0.507325
0.508725
0.510700
0.513000
0.521225
0.521700
0.523325
0.523400
0.538650
0.539700
0.540800
0.540900
0.548175
0.549375
0.550350
0.552850
0.553825
0.554825
0.562425
0.567800
0.573725
0.574800
0.587600
0.588700
0.592675
0.598925
0.599750
0.607700
0.607700
0.610125
0.614175
0.615850
0.626075
0.626225
0.627575
0.627650
0.630850
0.634975
0.637325
0.639675
0.640200
0.640950
0.643650
0.643900
0.648150
0.655650
0.655775
0.662125
0.666000
0.673175
0.679150
0.689500
0.695925
0.701425
0.711575
0.716025
0.718125
0.740800
0.743125
0.743300
0.748850
0.749950
0.750525
0.754400
0.754575
0.766000
0.768475
0.772675
0.778450
0.786675
0.790200
0.791275
0.799550
0.800200
0.813325
0.841700
0.847200
0.852475
0.859625
0.865000
0.865425
0.885375
0.888750
0.893575
0.900325
0.909100
0.911675
0.911825
0.926450
0.932750
0.938075
0.940650
0.962350
0.976450
0.984400
0.999275
1.023625
1.035950
1.042425
1.045125
1.045950
1.047900
1.051050
1.079575
1.093950
1.117450
1.117600
1.120425
1.130825
1.156050
1.158375
1.159450
1.159650
1.162800
1.168375
1.172675
1.178600
1.179950
1.196375
1.203375
1.208325
1.239650
1.249225
1.253050
1.261825
1.292950
1.310750
1.310850
1.330225
1.343675
1.360850
1.465750
1.557800
1.563225
1.565675
1.592075
1.603575
1.835775
2.428325
214
