0.002375
0.006700
0.007900
0.015900
0.016875
0.018275
0.023100
0.028075
0.036750
0.047600
0.048900
0.050075
0.054400
0.057450
0.057725
0.058400
0.067975
0.071100
0.074450
0.076475
0.078925
0.079125
0.103300
0.106800
0.111325
0.117675
0.121050
0.122200
0.133075
0.138175
0.140100
0.140625
0.142425
0.156975
0.163875
0.165125
0.171625
0.173150
0.174950
0.176000
0.176650
0.178400
0.179725
0.181625
0.183500
0.187625
0.202025
0.205575
0.206000
0.209375
0.222800
0.228850
0.235425
0.243400
0.244250
0.244975
0.256775
0.256825
0.257625
0.259100
0.265150
0.266350
0.269450
0.270700
0.270875
0.271775
0.294350
0.300200
0.318550
0.320175
0.325300
0.330550
0.330700
0.330900
0.334600
0.336125
0.336225
0.341250
0.345175
0.349300
0.354225
0.356550
0.362875
0.366700
0.371325
0.375925
0.376550
0.377900
0.384975
0.386975
0.388850
0.395025
0.395775
0.395800
0.406675
0.412625
0.413475
0.428150
0.429600
0.434750
0.436425
0.443250
0.446300
0.449350
0.451975
0.455475
0.463950
0.468125
0.470525
0.472475
0.474925
0.484425
0.489250
0.490500
0.494225
0.494575
0.495050
0.495750
0.500500
0.510575
0.520600
0.526400
0.528300
0.530525
0.532825
0.538450
0.541700
0.547850
0.548525
0.557225
0.559925
0.562475
0.575300
0.586675
0.587600
0.589900
0.598925
0.600925
0.605350
0.608800
0.622400
0.626125
0.627875
0.639700
0.642100
0.642750
0.649575
0.655975
0.656600
0.660650
0.661575
0.662550
0.663850
0.668250
0.670975
0.672575
0.672800
0.681250
0.682425
0.682825
0.683850
0.707750
0.708625
0.712850
0.714775
0.716000
0.716125
0.724275
0.730500
0.733425
0.737500
0.739500
0.744300
0.745525
0.758725
0.760450
0.773500
0.785150
0.785400
0.785650
0.786300
0.807750
0.817825
0.830725
0.830875
0.832550
0.839925
0.845175
0.864325
0.867375
0.872150
0.878375
0.899775
0.910350
0.911950
0.912150
0.917475
0.918600
0.941050
0.979825
0.985800
0.986825
0.994575
1.014150
1.025325
1.039825
1.045525
1.063400
1.063650
1.066775
1.068500
1.071075
1.079825
1.087500
1.089375
1.137150
1.149150
1.156600
1.176975
1.183600
1.212175
1.240775
1.259175
1.259825
1.291075
1.307875
1.341725
1.359100
1.419325
1.424900
1.432275
1.459950
1.497175
1.526700
1.536550
1.538450
1.550975
1.561350
1.619500
1.653900
1.687900
1.707200
1.809700
1.822225
1.903325
1.917825
2.023950
2.039950
2.111400
2.460450
250
