0.006100
0.006625
0.006750
0.007200
0.009300
0.010025
0.013000
0.013800
0.024625
0.027975
0.031125
0.035000
0.038975
0.039875
0.040300
0.046025
0.046700
0.055100
0.055200
0.064925
0.068075
0.075250
0.082175
0.082975
0.083600
0.085050
0.094900
0.102725
0.103900
0.105475
0.105875
0.110575
0.117600
0.120475
0.122450
0.129475
0.130700
0.145325
0.150125
0.155875
0.163125
0.164175
0.174200
0.175325
0.175550
0.190025
0.198425
0.198950
0.216650
0.223525
0.225475
0.235950
0.240075
0.249275
0.249725
0.250550
0.257050
0.257650
0.258625
0.265675
0.270850
0.277350
0.277575
0.295525
0.296475
0.301450
0.312100
0.313650
0.315850
0.321400
0.329325
0.330500
0.331225
0.334400
0.336800
0.337700
0.340025
0.341575
0.344050
0.344900
0.345125
0.347775
0.357050
0.359275
0.362650
0.373500
0.381750
0.385100
0.387550
0.388900
0.403725
0.404975
0.412225
0.414525
0.417175
0.417750
0.429000
0.430800
0.435275
0.440700
0.443025
0.445825
0.452475
0.454300
0.457775
0.463075
0.467100
0.472700
0.479150
0.483600
0.486450
0.486850
0.506525
0.508175
0.509200
0.509225
0.516025
0.516500
0.518025
0.521350
0.524700
0.535775
0.542850
0.548725
0.563500
0.564300
0.564575
0.571450
0.574675
0.574700
0.585475
0.591250
0.593900
0.598000
0.602925
0.605700
0.609400
0.618550
0.621825
0.621925
0.632500
0.633425
0.636650
0.640950
0.651250
0.654700
0.657450
0.660900
0.667200
0.676825
0.679500
0.685600
0.685775
0.689050
0.691375
0.694025
0.702225
0.704350
0.710975
0.718625
0.720300
0.721475
0.728575
0.735625
0.737125
0.737350
0.739475
0.747825
0.747950
0.751225
0.756350
0.765875
0.777400
0.777750
0.782025
0.784325
0.794875
0.801750
0.820000
0.825875
0.827300
0.828475
0.833600
0.838825
0.847850
0.851200
0.856200
0.862675
0.879750
0.880400
0.926475
0.926700
0.928375
0.933125
0.971800
0.974975
0.997150
1.000725
1.025300
1.030100
1.030525
1.041525
1.047900
1.057925
1.063775
1.093900
1.110850
1.132625
1.156150
1.163050
1.179775
1.200900
1.219450
1.222200
1.223475
1.225675
1.226175
1.231750
1.240300
1.254600
1.260700
1.261975
1.265950
1.276950
1.289350
1.300300
1.334300
1.402650
1.429900
1.432000
1.573925
1.679925
1.705125
1.767450
1.784525
1.786200
1.823650
1.846875
1.951150
1.962450
2.125100
2.221375
2.324275
2.382275
244
