0.000350
0.003050
0.005025
0.008450
0.018850
0.022625
0.027250
0.028950
0.035600
0.039500
0.045625
0.047375
0.056475
0.060850
0.068600
0.070125
0.070275
0.070475
0.070925
0.077600
0.081325
0.081650
0.084075
0.084200
0.087850
0.098850
0.112475
0.117125
0.118500
0.122725
0.132400
0.135200
0.139325
0.151500
0.152175
0.175625
0.177000
0.181225
0.196400
0.199725
0.206375
0.207375
0.215150
0.216575
0.216825
0.217925
0.231375
0.237000
0.251750
0.273925
0.279400
0.279550
0.307150
0.307750
0.322450
0.324725
0.327825
0.336375
0.342400
0.343525
0.345850
0.353725
0.356275
0.360475
0.362350
0.368775
0.384550
0.388050
0.397375
0.404975
0.413800
0.416675
0.429050
0.455125
0.457000
0.463400
0.470025
0.480375
0.495475
0.497325
0.504675
0.505625
0.513475
0.526875
0.528450
0.531600
0.546000
0.549125
0.553550
0.553675
0.554625
0.555925
0.573650
0.579925
0.592450
0.597300
0.597600
0.599150
0.600325
0.601225
0.602400
0.603100
0.606625
0.607425
0.610600
0.610625
0.612175
0.613275
0.621200
0.625125
0.627925
0.630325
0.633225
0.633875
0.636650
0.637450
0.649675
0.658150
0.661325
0.661550
0.661575
0.671175
0.677375
0.685925
0.688025
0.698450
0.703275
0.707100
0.718850
0.719875
0.722175
0.723425
0.734625
0.735850
0.739625
0.741400
0.750150
0.750875
0.756850
0.760675
0.765250
0.768800
0.780250
0.805600
0.808400
0.822800
0.823775
0.824050
0.844725
0.850775
0.853300
0.857900
0.860750
0.871475
0.878750
0.883900
0.896350
0.897275
0.950000
0.961250
0.961325
0.966550
0.981325
0.982625
0.990100
0.990400
0.995250
1.003575
1.019075
1.043200
1.050575
1.054450
1.059450
1.078900
1.087650
1.091550
1.104375
1.154075
1.160450
1.184900
1.213500
1.258000
1.284475
1.314350
1.321750
1.347925
1.360100
1.374225
1.403900
1.435225
1.474375
1.475275
1.483750
1.484250
1.513475
1.529400
1.553875
1.576175
1.660775
1.730450
1.777575
1.870500
2.060600
2.253675
204
