0.002950
0.007575
0.009475
0.010625
0.014325
0.014725
0.035175
0.038375
0.038925
0.043125
0.046125
0.047375
0.050475
0.053975
0.056525
0.057475
0.057950
0.061100
0.068775
0.073600
0.076000
0.077000
0.080950
0.087650
0.087775
0.094100
0.102525
0.104125
0.104625
0.108600
0.109750
0.124225
0.133975
0.142725
0.147800
0.156900
0.165525
0.166875
0.168500
0.170750
0.171325
0.171975
0.175525
0.176450
0.177725
0.178850
0.185100
0.191075
0.191950
0.192175
0.192700
0.196050
0.210700
0.216850
0.218350
0.219600
0.222900
0.224750
0.227725
0.231425
0.245800
0.248150
0.248600
0.249350
0.258400
0.262125
0.263750
0.265000
0.268850
0.271600
0.274950
0.277550
0.278825
0.286300
0.290775
0.291250
0.293300
0.295100
0.300700
0.308275
0.323325
0.324750
0.331150
0.335900
0.336975
0.338925
0.351250
0.360250
0.365625
0.367050
0.371425
0.373400
0.374375
0.381050
0.393625
0.397125
0.397450
0.401975
0.402675
0.408775
0.410200
0.410850
0.411325
0.411600
0.413525
0.421900
0.427175
0.430425
0.440275
0.442975
0.446650
0.448275
0.449050
0.453600
0.456800
0.459250
0.466900
0.470600
0.473300
0.474125
0.475000
0.475950
0.484775
0.495150
0.496450
0.509425
0.515725
0.520975
0.522700
0.523900
0.532350
0.533225
0.540350
0.540925
0.543800
0.552975
0.567025
0.569450
0.569650
0.572125
0.574075
0.595000
0.595850
0.598825
0.599825
0.600275
0.606625
0.607825
0.611250
0.623000
0.623825
0.625350
0.628000
0.631300
0.631425
0.632025
0.632075
0.633600
0.636700
0.638050
0.640900
0.648275
0.656225
0.658675
0.664175
0.680450
0.685975
0.686225
0.694125
0.696800
0.700000
0.709550
0.711850
0.716300
0.718575
0.724175
0.724925
0.725450
0.741275
0.741925
0.742100
0.743650
0.743750
0.756550
0.757975
0.758325
0.760325
0.763550
0.764475
0.766850
0.776750
0.777700
0.777875
0.779550
0.780375
0.786550
0.793800
0.804750
0.815675
0.824775
0.831200
0.848350
0.853250
0.857750
0.862300
0.873850
0.880975
0.885025
0.888475
0.890475
0.891000
0.895325
0.911025
0.911750
0.915525
0.920925
0.922000
0.930000
0.933650
0.946875
0.975300
0.977700
1.015250
1.030550
1.033625
1.038625
1.073650
1.093000
1.095300
1.105375
1.160925
1.177675
1.185650
1.193175
1.270650
1.331375
1.331575
1.337925
1.341125
1.357725
1.375625
1.389300
1.410775
1.426950
1.429475
1.451075
1.460650
1.533375
1.761750
1.779475
1.799725
1.831650
1.966575
2.131975
2.152050
2.258050
2.293250
2.299425
258
