0.009625
0.011275
0.012325
0.018075
0.022275
0.023475
0.036775
0.047100
0.048650
0.052575
0.053000
0.058225
0.060900
0.069500
0.082125
0.095400
0.102550
0.105050
0.105675
0.111250
0.112550
0.115750
0.120200
0.121800
0.130025
0.132125
0.141525
0.143900
0.152050
0.153300
0.162075
0.163725
0.168875
0.177750
0.183925
0.184400
0.189700
0.201375
0.212450
0.213350
0.219225
0.229900
0.241975
0.244325
0.244400
0.260575
0.266500
0.267550
0.268425
0.281725
0.295250
0.300025
0.303225
0.306075
0.308400
0.310000
0.327275
0.327525
0.332475
0.336975
0.338425
0.342525
0.352600
0.353650
0.367400
0.371125
0.383625
0.397350
0.399700
0.400575
0.403375
0.415450
0.416325
0.430400
0.434900
0.438775
0.444400
0.455500
0.460975
0.471100
0.479325
0.483950
0.485925
0.487700
0.494700
0.497200
0.497775
0.504975
0.506425
0.508750
0.508825
0.511750
0.525975
0.528400
0.528625
0.530350
0.537275
0.549200
0.552075
0.552700
0.552750
0.553750
0.555850
0.564950
0.565725
0.568350
0.571000
0.571775
0.573050
0.575150
0.575200
0.583350
0.583675
0.591775
0.591975
0.597150
0.613950
0.618000
0.618800
0.621625
0.624400
0.628550
0.651650
0.665600
0.667200
0.674125
0.676800
0.679975
0.681750
0.687650
0.692550
0.692925
0.706250
0.718700
0.722250
0.726025
0.747925
0.748850
0.753100
0.754125
0.763350
0.763500
0.767850
0.768075
0.777800
0.792250
0.795625
0.796150
0.798475
0.812900
0.847225
0.849550
0.850575
0.855200
0.860100
0.867425
0.871150
0.879525
0.879675
0.880350
0.887350
0.898925
0.900625
0.908775
0.914500
0.921900
0.941025
0.941150
0.941650
0.949500
0.949675
0.960550
0.971350
0.978300
0.981650
0.984575
0.985225
0.990300
1.016275
1.019750
1.023325
1.039475
1.051075
1.057375
1.070900
1.077400
1.087425
1.094975
1.103450
1.120225
1.149650
1.178100
1.187150
1.230600
1.233800
1.277875
1.284175
1.300550
1.310375
1.318200
1.327550
1.333525
1.338000
1.365600
1.369400
1.372200
1.379800
1.388350
1.405425
1.425325
1.440475
1.464100
1.497550
1.562500
1.596325
1.664100
1.797600
1.899075
1.911375
1.915525
2.308475
2.425125
222
