0.006525
0.013875
0.016900
0.019175
0.029650
0.032625
0.035375
0.040600
0.044900
0.046575
0.053425
0.073575
0.078350
0.079725
0.082375
0.084275
0.087550
0.088800
0.104375
0.107550
0.111025
0.117700
0.124425
0.131725
0.136675
0.136975
0.144050
0.147700
0.149700
0.150000
0.154175
0.158625
0.159475
0.168500
0.179875
0.183300
0.185525
0.187825
0.194425
0.204775
0.210850
0.212100
0.214075
0.221925
0.228250
0.233000
0.245150
0.247525
0.247900
0.255150
0.261775
0.276150
0.289450
0.290025
0.293275
0.297750
0.302075
0.316450
0.324275
0.325625
0.327175
0.330650
0.330850
0.333800
0.338225
0.346400
0.347900
0.352625
0.354600
0.355575
0.358950
0.359525
0.359575
0.363000
0.363750
0.367150
0.371350
0.375125
0.387600
0.392525
0.393500
0.398675
0.398850
0.402300
0.405525
0.411750
0.415200
0.417950
0.419525
0.423775
0.424925
0.425125
0.427375
0.431450
0.432875
0.434025
0.438175
0.443550
0.450850
0.456675
0.461725
0.464325
0.469700
0.471375
0.485000
0.489575
0.490200
0.490675
0.491700
0.497575
0.503775
0.506975
0.513275
0.520750
0.521025
0.522375
0.528050
0.530025
0.531275
0.535750
0.543450
0.544000
0.544875
0.546050
0.551600
0.553575
0.558300
0.568125
0.571675
0.572150
0.573775
0.587425
0.592375
0.594850
0.602225
0.603525
0.603975
0.608250
0.609475
0.611925
0.615275
0.615375
0.654025
0.656800
0.660025
0.662625
0.664750
0.681650
0.682300
0.682450
0.693575
0.694525
0.695625
0.696500
0.698975
0.714050
0.717575
0.718250
0.720050
0.726425
0.730175
0.738875
0.741525
0.757725
0.759475
0.759825
0.760425
0.764225
0.776025
0.778800
0.781075
0.788675
0.790150
0.797350
0.797925
0.809500
0.812925
0.816450
0.821000
0.823100
0.827900
0.852350
0.856600
0.860500
0.864900
0.876950
0.878625
0.882150
0.898675
0.902325
0.905850
0.910950
0.922025
0.965600
0.967375
0.968225
0.977000
0.977675
0.981575
0.988950
0.989225
1.006200
1.009275
1.033250
1.037150
1.038325
1.044550
1.046225
1.060500
1.066300
1.073300
1.099650
1.116150
1.117075
1.117175
1.125175
1.132475
1.144950
1.146900
1.151975
1.158675
1.175350
1.193925
1.238575
1.257375
1.268775
1.291175
1.302875
1.308275
1.314200
1.321825
1.339025
1.353025
1.373450
1.395675
1.445500
1.458375
1.488500
1.530650
1.533725
1.562475
1.605425
1.683725
1.957650
2.021350
2.051050
2.112725
2.295525
2.427350
249
