0.000625
0.002100
0.004175
0.004500
0.007300
0.012700
0.014950
0.021425
0.022950
0.023425
0.024675
0.032650
0.046200
0.053800
0.054250
0.064600
0.064950
0.068250
0.069675
0.073725
0.082450
0.086525
0.096375
0.098925
0.104025
0.104300
0.109725
0.110075
0.111150
0.112950
0.119825
0.127825
0.131900
0.138025
0.138525
0.138725
0.139150
0.139525
0.142625
0.143475
0.152850
0.155600
0.161825
0.162325
0.165575
0.168375
0.172475
0.173500
0.178425
0.181050
0.184125
0.185175
0.192725
0.194950
0.201050
0.220025
0.224425
0.224800
0.226925
0.243975
0.244325
0.250875
0.253850
0.254100
0.257550
0.267550
0.267875
0.269200
0.269275
0.269500
0.272550
0.278475
0.287725
0.292950
0.308575
0.311025
0.311150
0.313325
0.319575
0.319775
0.326050
0.330900
0.332550
0.335275
0.344875
0.362050
0.363675
0.371450
0.374800
0.382675
0.384850
0.385575
0.386175
0.386450
0.388225
0.390750
0.390875
0.402350
0.429175
0.431025
0.433725
0.449800
0.455650
0.461600
0.468075
0.470850
0.475000
0.477100
0.479875
0.484850
0.492575
0.494400
0.496525
0.503900
0.510800
0.523775
0.529675
0.534150
0.537725
0.538575
0.542350
0.547150
0.547400
0.551475
0.551600
0.554025
0.560475
0.565050
0.576075
0.580350
0.581075
0.582125
0.590925
0.602950
0.616750
0.620225
0.625050
0.630075
0.630850
0.648025
0.662600
0.663000
0.668875
0.672175
0.672900
0.674175
0.675275
0.680325
0.681175
0.686350
0.691350
0.694600
0.703950
0.708250
0.708675
0.710650
0.713325
0.719825
0.727125
0.728425
0.741950
0.749425
0.751675
0.756050
0.760425
0.764000
0.776950
0.782975
0.785400
0.793925
0.808075
0.808950
0.811975
0.813375
0.825175
0.829150
0.830650
0.831750
0.832700
0.834025
0.842100
0.842900
0.851100
0.854700
0.856700
0.858200
0.865575
0.865825
0.866125
0.870400
0.877675
0.880600
0.896000
0.896300
0.898375
0.918300
0.925800
0.931350
0.932975
0.933675
0.933825
0.935100
0.941100
0.946150
0.947775
0.947975
0.950675
0.952200
0.952775
0.966875
0.969075
0.970700
0.974475
0.990250
1.024200
1.025575
1.038525
1.040000
1.043950
1.051725
1.054500
1.065925
1.079225
1.085150
1.088425
1.097175
1.118375
1.129825
1.133875
1.154375
1.158200
1.160500
1.169375
1.171775
1.174175
1.178100
1.181100
1.194150
1.212575
1.216800
1.227650
1.246875
1.253350
1.290450
1.307075
1.328625
1.341550
1.377850
1.389675
1.406225
1.406750
1.415250
1.431675
1.474600
1.507550
1.529550
1.549475
1.639475
1.643025
1.668925
1.682925
1.747550
1.791125
1.822800
1.824400
1.873075
1.884625
1.887925
2.001725
2.061700
2.065125
2.274350
2.298700
273
