0.005050
0.006750
0.006775
0.009175
0.009525
0.010925
0.011250
0.011550
0.016275
0.019725
0.024700
0.041675
0.045275
0.051275
0.053150
0.054000
0.054950
0.061775
0.063450
0.068375
0.069750
0.078700
0.098025
0.113925
0.115400
0.118900
0.124600
0.124625
0.126225
0.128300
0.145925
0.156100
0.165200
0.166225
0.171750
0.173050
0.174325
0.178350
0.182250
0.197000
0.199350
0.199950
0.202475
0.203225
0.204050
0.224000
0.227250
0.228750
0.234375
0.235075
0.241325
0.242950
0.244450
0.251575
0.254100
0.258475
0.261050
0.266075
0.267825
0.272575
0.279000
0.281500
0.285625
0.293600
0.308225
0.315050
0.323975
0.324100
0.325275
0.330325
0.333450
0.338925
0.347300
0.362575
0.364775
0.368750
0.372350
0.373275
0.374700
0.392475
0.394325
0.396425
0.398600
0.399325
0.401775
0.405025
0.417800
0.421275
0.421400
0.432575
0.450575
0.452600
0.458775
0.462275
0.463900
0.465100
0.468150
0.471500
0.479525
0.485000
0.502025
0.505550
0.507400
0.513900
0.514825
0.516450
0.517225
0.517675
0.518225
0.518750
0.542350
0.550600
0.554500
0.575575
0.580100
0.581500
0.584025
0.587375
0.593475
0.598950
0.603000
0.608700
0.614550
0.620825
0.627625
0.628675
0.630150
0.654525
0.656400
0.656775
0.656900
0.659400
0.661425
0.663000
0.671650
0.673400
0.686475
0.689400
0.689900
0.692775
0.703650
0.705500
0.705975
0.712625
0.717150
0.721700
0.726075
0.732725
0.735450
0.739575
0.742725
0.755075
0.755450
0.773975
0.776975
0.802325
0.805425
0.816500
0.820400
0.824125
0.827475
0.827825
0.841600
0.846925
0.856275
0.857425
0.859025
0.868500
0.872075
0.876300
0.890200
0.914300
0.915200
0.919225
0.923075
0.925300
0.933150
0.933500
0.950775
0.952850
0.958275
0.960300
0.971950
0.974550
0.984950
0.999650
1.007950
1.010775
1.019725
1.020925
1.022750
1.027950
1.031850
1.032825
1.035400
1.035825
1.047975
1.048600
1.050025
1.053500
1.056900
1.075675
1.076550
1.092725
1.094000
1.098950
1.132200
1.145925
1.146125
1.161050
1.201650
1.202650
1.212800
1.220425
1.225875
1.232975
1.236600
1.255900
1.275175
1.282700
1.292175
1.318525
1.363075
1.363525
1.386975
1.412675
1.418375
1.445800
1.487725
1.513775
1.530875
1.554675
1.594225
1.600250
1.630750
1.699950
1.706425
1.745350
1.750600
1.812150
1.832050
1.835725
1.837050
1.856575
1.890975
1.919575
246
