0.000900
0.009775
0.011900
0.016600
0.026525
0.026975
0.039600
0.044575
0.045875
0.054950
0.055600
0.058925
0.064025
0.071750
0.075725
0.076625
0.080850
0.099550
0.103700
0.104025
0.106625
0.112000
0.112150
0.113025
0.123250
0.129875
0.134500
0.135375
0.148575
0.151750
0.158400
0.159375
0.164075
0.170125
0.172275
0.172300
0.190850
0.192500
0.195225
0.206150
0.224275
0.227850
0.228350
0.232975
0.236225
0.245475
0.248925
0.249550
0.251975
0.257950
0.267700
0.267900
0.267900
0.274400
0.274475
0.276500
0.277225
0.284750
0.287675
0.294800
0.297825
0.298250
0.300800
0.312975
0.319225
0.322225
0.327825
0.352175
0.358325
0.364450
0.367875
0.374150
0.375775
0.379975
0.387100
0.387700
0.388525
0.390975
0.398725
0.402300
0.403250
0.407125
0.415925
0.421250
0.444250
0.444375
0.449225
0.450800
0.457350
0.458800
0.468500
0.478650
0.480500
0.481550
0.488750
0.492975
0.493025
0.493175
0.502700
0.505825
0.512300
0.516425
0.518225
0.519350
0.526050
0.528275
0.532400
0.534750
0.538325
0.540750
0.542175
0.548150
0.548700
0.558775
0.564550
0.565250
0.566650
0.579800
0.581475
0.586475
0.589200
0.589775
0.594575
0.594600
0.596000
0.613825
0.615350
0.632750
0.637350
0.639150
0.643225
0.647950
0.648600
0.651150
0.663300
0.663625
0.671300
0.672675
0.677525
0.681225
0.682150
0.684050
0.688500
0.696650
0.701325
0.706125
0.714650
0.728650
0.728800
0.736350
0.736425
0.744625
0.748025
0.755825
0.756100
0.758725
0.759475
0.764225
0.769675
0.774450
0.775975
0.776150
0.780675
0.781525
0.787000
0.799175
0.806375
0.810300
0.817125
0.818150
0.819575
0.827975
0.832475
0.834575
0.840775
0.843500
0.849825
0.851075
0.853075
0.863575
0.877800
0.892850
0.894875
0.909350
0.924025
0.930125
0.935025
0.953275
0.955700
0.968525
0.975700
0.992550
1.010650
1.012025
1.012700
1.016525
1.027825
1.028275
1.031825
1.037375
1.042400
1.050550
1.068000
1.079525
1.089325
1.093725
1.131425
1.144150
1.153625
1.171850
1.179550
1.179675
1.186150
1.193500
1.209325
1.218150
1.230275
1.246475
1.264475
1.272400
1.324500
1.328425
1.358625
1.370825
1.387400
1.438125
1.454700
1.495850
1.522700
1.654725
1.672175
1.831725
1.936050
1.988975
2.000575
2.115600
2.185225
2.210250
2.253950
2.298525
2.408350
241
