0.004150
0.010475
0.011325
0.015300
0.015650
0.019425
0.022725
0.027350
0.035125
0.037350
0.040625
0.042075
0.044675
0.046675
0.051150
0.055625
0.056925
0.057075
0.065700
0.070100
0.070975
0.076800
0.082200
0.082650
0.084700
0.085875
0.091075
0.107825
0.113475
0.115925
0.120500
0.121550
0.123050
0.127575
0.129650
0.158800
0.167500
0.169550
0.170125
0.171375
0.176000
0.176850
0.183225
0.186925
0.189450
0.193600
0.197025
0.198975
0.199975
0.201050
0.209650
0.216125
0.220075
0.225050
0.225100
0.238850
0.241900
0.243850
0.246850
0.251000
0.251300
0.261350
0.261875
0.281800
0.292425
0.301050
0.314625
0.317050
0.321925
0.322200
0.349525
0.392200
0.394450
0.399650
0.402025
0.402300
0.406375
0.407925
0.409000
0.409675
0.413425
0.421450
0.425650
0.427725
0.438225
0.448650
0.460100
0.461425
0.463200
0.464075
0.475725
0.475875
0.479475
0.481050
0.484375
0.486225
0.488025
0.504800
0.505250
0.510200
0.514275
0.515000
0.517775
0.532525
0.534650
0.535775
0.537450
0.541525
0.542550
0.543375
0.544275
0.551975
0.552700
0.558725
0.561900
0.563475
0.563575
0.563775
0.567975
0.572075
0.578975
0.589075
0.589975
0.598000
0.599400
0.602325
0.603425
0.616500
0.622875
0.628875
0.639550
0.642600
0.668675
0.670225
0.676625
0.681800
0.683025
0.683650
0.697200
0.711825
0.716225
0.720375
0.722025
0.727050
0.741750
0.755450
0.756975
0.760400
0.765825
0.767500
0.781800
0.783050
0.785275
0.788975
0.793975
0.800875
0.804300
0.835925
0.841825
0.863675
0.869075
0.885500
0.889150
0.890325
0.892950
0.896775
0.898025
0.935875
0.957700
0.965625
0.971625
0.988625
0.988800
0.989900
1.000675
1.006300
1.029600
1.033425
1.047825
1.061700
1.063975
1.076075
1.078325
1.090625
1.091525
1.092300
1.104425
1.106825
1.174750
1.179175
1.183200
1.200000
1.209025
1.215225
1.217400
1.226125
1.226225
1.236900
1.240450
1.259450
1.266575
1.275050
1.279425
1.298125
1.402025
1.408250
1.408650
1.428575
1.434100
1.496425
1.535425
1.546700
1.672375
1.723975
1.785300
1.847250
2.031875
2.044300
2.055875
2.249150
2.359250
2.389525
222
