0.013050
0.015100
0.018325
0.025750
0.027000
0.027650
0.027725
0.027900
0.029575
0.031175
0.032750
0.050150
0.050975
0.051525
0.054450
0.063375
0.071350
0.077425
0.083750
0.087725
0.092400
0.097400
0.101150
0.107025
0.110275
0.120100
0.121000
0.123325
0.127350
0.130525
0.134550
0.146200
0.146850
0.154175
0.155900
0.157225
0.159725
0.166675
0.169775
0.173050
0.174125
0.179700
0.182100
0.183100
0.200975
0.212625
0.215050
0.219550
0.228550
0.232275
0.235325
0.246025
0.246400
0.249750
0.250875
0.258625
0.261750
0.270650
0.272775
0.278375
0.285050
0.289100
0.291450
0.291725
0.292750
0.294800
0.296550
0.297950
0.311625
0.313750
0.328200
0.328700
0.330750
0.332300
0.336775
0.344850
0.345750
0.354500
0.355150
0.356125
0.366400
0.366975
0.369775
0.372900
0.374875
0.380375
0.389525
0.390725
0.392875
0.399100
0.401925
0.407075
0.407350
0.410150
0.416925
0.420300
0.421250
0.422650
0.432300
0.432450
0.436450
0.438550
0.441250
0.443975
0.449325
0.451025
0.458400
0.464775
0.466725
0.469800
0.475200
0.479150
0.479175
0.483750
0.484450
0.485125
0.493175
0.493850
0.495575
0.517550
0.524175
0.526550
0.526700
0.529700
0.536300
0.539850
0.545175
0.552225
0.552375
0.556725
0.569600
0.574300
0.593450
0.607100
0.608850
0.618225
0.620825
0.627525
0.628525
0.638750
0.638925
0.642925
0.664125
0.665650
0.666150
0.667775
0.670900
0.672300
0.681500
0.683200
0.685300
0.687675
0.689875
0.694800
0.695125
0.697325
0.702600
0.705875
0.724200
0.726475
0.736625
0.741175
0.750150
0.764050
0.766800
0.777750
0.781225
0.785725
0.787000
0.799650
0.804375
0.811675
0.813025
0.819850
0.820300
0.831750
0.842275
0.845875
0.856975
0.859825
0.860950
0.873000
0.885625
0.889800
0.890550
0.893225
0.896700
0.908625
0.909575
0.915125
0.916025
0.920150
0.943650
0.953500
0.960150
0.960425
0.966725
1.000500
1.003350
1.010225
1.015375
1.023550
1.038050
1.039450
1.039775
1.043625
1.052175
1.055775
1.065475
1.072125
1.082175
1.093700
1.094100
1.096100
1.097175
1.121800
1.126800
1.136625
1.138875
1.142625
1.149400
1.162700
1.162950
1.165350
1.177725
1.182025
1.212825
1.225525
1.225600
1.231100
1.290725
1.297525
1.323175
1.334550
1.342400
1.344675
1.368025
1.375875
1.400625
1.403475
1.425400
1.460775
1.477775
1.546000
1.553400
1.557700
1.562350
1.567675
1.699525
1.795625
1.849825
1.857375
1.863800
1.909700
1.943400
1.988800
2.078600
2.478625
2.485825
259
