0.000250
0.005550
0.011575
0.015475
0.018750
0.019775
0.029225
0.040575
0.046050
0.046175
0.047175
0.053950
0.058725
0.060175
0.061825
0.069950
0.070025
0.087875
0.094875
0.095700
0.097975
0.098975
0.100525
0.101125
0.102450
0.103425
0.108725
0.113050
0.114000
0.114625
0.116450
0.132025
0.140500
0.143125
0.152750
0.156575
0.157625
0.170175
0.179650
0.181525
0.185125
0.191075
0.195450
0.196650
0.198675
0.199275
0.200075
0.200875
0.208350
0.209375
0.212025
0.212375
0.224825
0.227525
0.229900
0.256875
0.261150
0.285500
0.288675
0.290425
0.301825
0.306950
0.309950
0.312875
0.320875
0.328125
0.332325
0.334775
0.335925
0.337650
0.340050
0.343200
0.354800
0.356150
0.358250
0.364125
0.372125
0.372950
0.373150
0.375225
0.380950
0.382575
0.383500
0.389850
0.392700
0.398025
0.413600
0.414450
0.415025
0.421200
0.423700
0.425150
0.425175
0.429700
0.431400
0.431675
0.442675
0.444250
0.448650
0.450025
0.454425
0.455650
0.456350
0.456550
0.457225
0.461650
0.466550
0.467475
0.470450
0.476775
0.481925
0.483500
0.491900
0.498650
0.499150
0.503275
0.509175
0.510850
0.510975
0.513625
0.517850
0.527975
0.529325
0.532300
0.534275
0.536400
0.561850
0.563925
0.569450
0.569525
0.574825
0.576900
0.577000
0.578475
0.582325
0.583950
0.587450
0.592550
0.596850
0.599400
0.607025
0.607550
0.610300
0.617525
0.619000
0.626450
0.628300
0.635525
0.636675
0.648400
0.654300
0.654900
0.668025
0.683200
0.683650
0.687500
0.689600
0.692575
0.696900
0.700050
0.708675
0.709175
0.709375
0.713100
0.713325
0.719125
0.744150
0.744975
0.752800
0.756525
0.799625
0.801450
0.805250
0.822525
0.823525
0.826825
0.828800
0.832275
0.833075
0.835200
0.846050
0.848225
0.848525
0.849250
0.850050
0.850900
0.860350
0.861100
0.865600
0.870050
0.871950
0.874475
0.888350
0.892825
0.896475
0.897525
0.900700
0.909275
0.912250
0.918300
0.963450
0.969825
0.983775
0.988800
0.990900
0.993900
1.002350
1.005900
1.010825
1.014575
1.016600
1.029700
1.039025
1.047350
1.056375
1.057150
1.061500
1.064150
1.072325
1.083575
1.091575
1.095075
1.096275
1.131025
1.132225
1.165300
1.172450
1.239450
1.247350
1.247600
1.268975
1.284825
1.319750
1.336100
1.378175
1.383825
1.387500
1.394275
1.396750
1.407675
1.420225
1.424725
1.456050
1.492075
1.531000
1.605925
1.713325
1.761000
1.761300
1.793300
1.980300
2.045400
2.157150
2.168775
2.255175
255
