0.000400
0.000700
0.001900
0.005150
0.009950
0.010700
0.013925
0.015900
0.025400
0.045500
0.048675
0.050475
0.067175
0.069150
0.069600
0.079200
0.079725
0.081475
0.086300
0.088975
0.089700
0.089950
0.095000
0.096175
0.097350
0.097525
0.097725
0.102125
0.103950
0.107600
0.111650
0.128600
0.129325
0.132325
0.134175
0.140825
0.146050
0.159075
0.167700
0.170950
0.173450
0.177575
0.185800
0.186625
0.200100
0.213075
0.215875
0.217750
0.223100
0.227075
0.229600
0.232750
0.233475
0.235100
0.235325
0.240325
0.248075
0.252300
0.258150
0.262825
0.268775
0.269425
0.274900
0.278475
0.285900
0.287725
0.305575
0.309950
0.312475
0.314850
0.314925
0.318575
0.321200
0.324625
0.327925
0.328125
0.331300
0.345025
0.348450
0.354375
0.354850
0.356600
0.360200
0.360625
0.361225
0.364875
0.370200
0.383025
0.385225
0.400375
0.401350
0.401750
0.404950
0.406850
0.409700
0.416375
0.416750
0.418300
0.419200
0.423175
0.433000
0.439850
0.445925
0.450525
0.452400
0.463475
0.463975
0.472100
0.477850
0.484150
0.484800
0.485125
0.495325
0.500075
0.511700
0.511975
0.514175
0.517275
0.521575
0.538475
0.538800
0.541125
0.544525
0.553425
0.556700
0.569225
0.586225
0.597600
0.597825
0.603650
0.603900
0.608175
0.608850
0.615750
0.618850
0.622450
0.646925
0.652075
0.653000
0.653075
0.662750
0.667125
0.669625
0.672950
0.673025
0.676950
0.688875
0.689925
0.697650
0.698300
0.712325
0.717350
0.717800
0.722625
0.725150
0.733375
0.737225
0.742925
0.746750
0.750525
0.755275
0.761600
0.765950
0.773825
0.775975
0.779125
0.781500
0.782625
0.784325
0.789050
0.789525
0.792575
0.794775
0.806975
0.810200
0.821250
0.828025
0.837725
0.838800
0.842925
0.842975
0.845425
0.846875
0.849075
0.868300
0.874100
0.877600
0.885200
0.889525
0.897075
0.897175
0.900825
0.904125
0.905825
0.906700
0.907575
0.918525
0.932075
0.933425
0.934900
0.935200
0.946850
0.949700
0.960100
0.963800
0.965200
0.965525
0.971350
0.986675
0.986925
1.001625
1.002725
1.008775
1.035850
1.046900
1.059050
1.063175
1.111025
1.112925
1.114675
1.117775
1.137875
1.154225
1.167150
1.170700
1.183025
1.198575
1.205675
1.225050
1.243575
1.244625
1.274875
1.367925
1.392075
1.409375
1.428800
1.453225
1.453950
1.504675
1.562125
1.580975
1.584225
1.587950
1.607850
1.878575
1.976875
1.978575
2.132750
2.167050
2.270025
2.285900
2.405400
252
