0.003525
0.007200
0.012025
0.014050
0.028100
0.039425
0.049000
0.050700
0.052550
0.058825
0.070850
0.080350
0.080675
0.082900
0.084400
0.090200
0.090475
0.115625
0.120650
0.120875
0.126325
0.139125
0.149200
0.151800
0.157025
0.162900
0.163775
0.165350
0.171625
0.173925
0.179075
0.184625
0.192325
0.197525
0.225225
0.226850
0.228200
0.235350
0.235675
0.237125
0.238900
0.239175
0.240075
0.244375
0.251075
0.260700
0.261100
0.263925
0.268225
0.272400
0.272975
0.285850
0.298025
0.298500
0.299725
0.300825
0.308200
0.310100
0.317800
0.323675
0.325125
0.325800
0.326300
0.327400
0.331175
0.332275
0.338625
0.340950
0.346525
0.352700
0.360400
0.370225
0.373575
0.376475
0.376500
0.378975
0.381350
0.384175
0.389525
0.409550
0.414625
0.419300
0.421000
0.423650
0.430975
0.434275
0.437850
0.439425
0.446925
0.452625
0.454675
0.456550
0.457275
0.463975
0.467200
0.471725
0.474025
0.486550
0.492225
0.500475
0.505250
0.516400
0.519775
0.526075
0.534300
0.541200
0.544800
0.548075
0.553550
0.553675
0.555225
0.557050
0.561475
0.564025
0.564050
0.565200
0.571000
0.573400
0.574950
0.577975
0.585275
0.597425
0.598400
0.603825
0.604075
0.610050
0.613975
0.615375
0.619025
0.626675
0.626875
0.638250
0.646300
0.649100
0.656000
0.657275
0.657625
0.658725
0.660425
0.661750
0.662175
0.662725
0.665775
0.666325
0.666500
0.668975
0.669500
0.669625
0.671525
0.674600
0.684025
0.689725
0.695550
0.701000
0.704625
0.708000
0.728650
0.735075
0.737200
0.739675
0.747925
0.749675
0.750750
0.757350
0.762375
0.763200
0.763400
0.767175
0.776575
0.782675
0.783650
0.790050
0.800225
0.802200
0.836900
0.838300
0.839600
0.841250
0.850275
0.859200
0.866150
0.875075
0.880475
0.883200
0.884075
0.890275
0.899300
0.899725
0.903250
0.914075
0.914300
0.916800
0.931500
0.936775
0.938050
0.940700
0.962375
0.974475
0.977925
0.981725
0.994325
1.003625
1.006000
1.011650
1.036700
1.080050
1.109725
1.113875
1.124300
1.126150
1.128600
1.131400
1.139725
1.178675
1.202525
1.256275
1.304475
1.321375
1.324000
1.331975
1.337025
1.355375
1.368500
1.420175
1.433650
1.440325
1.522150
1.562425
1.571475
1.605975
1.665750
1.738550
1.789975
1.806275
1.829725
1.839400
1.885075
2.129800
2.260025
2.377950
240
