0.004925
0.011200
0.015075
0.017175
0.020075
0.025475
0.026425
0.028550
0.029775
0.041500
0.043350
0.043750
0.047775
0.050525
0.054050
0.059075
0.064500
0.064850
0.072450
0.077775
0.079300
0.079600
0.081250
0.084350
0.087225
0.091550
0.109700
0.110775
0.112500
0.115925
0.118600
0.119025
0.120350
0.127025
0.129925
0.130900
0.131700
0.133500
0.139075
0.139375
0.145675
0.147475
0.148125
0.148750
0.154075
0.159900
0.162275
0.164325
0.172600
0.177325
0.181550
0.183875
0.196450
0.201075
0.206000
0.208525
0.211875
0.217975
0.219500
0.227525
0.229850
0.233500
0.235375
0.237875
0.238000
0.240650
0.246325
0.246800
0.247100
0.250700
0.255000
0.265725
0.266200
0.270775
0.271175
0.285825
0.291800
0.293550
0.298125
0.305350
0.311350
0.316150
0.320050
0.320150
0.328050
0.330350
0.330750
0.331875
0.333825
0.336350
0.342425
0.350550
0.355100
0.355900
0.356700
0.363900
0.364825
0.366000
0.366550
0.367575
0.368050
0.375050
0.378600
0.381025
0.384950
0.385675
0.387925
0.392125
0.392150
0.397700
0.403600
0.405675
0.410075
0.410100
0.411950
0.425600
0.428525
0.431150
0.431675
0.432175
0.435150
0.444650
0.446975
0.448750
0.450925
0.455600
0.456175
0.456750
0.459325
0.461250
0.462725
0.475200
0.477250
0.493925
0.497150
0.504250
0.507225
0.514775
0.518525
0.523600
0.527100
0.534125
0.543300
0.551375
0.553350
0.555575
0.561450
0.569800
0.574700
0.577100
0.602125
0.604075
0.606950
0.609525
0.611700
0.613975
0.615650
0.617950
0.631450
0.633450
0.635025
0.652450
0.658600
0.666175
0.681950
0.689050
0.691850
0.697000
0.704400
0.712425
0.713150
0.716150
0.717800
0.723625
0.742075
0.742675
0.751225
0.751525
0.756050
0.759725
0.766475
0.779350
0.786000
0.788475
0.796625
0.797425
0.799675
0.801275
0.801300
0.816775
0.823300
0.824575
0.824600
0.827550
0.835450
0.849550
0.858575
0.867400
0.869625
0.871700
0.873625
0.875750
0.901975
0.905450
0.919975
0.920050
0.939275
0.939950
0.955825
0.992675
0.994575
1.005575
1.008100
1.014325
1.014450
1.028225
1.034525
1.035050
1.037175
1.065100
1.071875
1.078150
1.080950
1.097300
1.097425
1.111375
1.121675
1.192275
1.200275
1.215975
1.223050
1.230075
1.235100
1.243125
1.244650
1.253125
1.299300
1.313200
1.347825
1.359925
1.410325
1.449950
1.465900
1.517150
1.555325
1.561325
1.578600
1.604900
1.691475
1.727325
1.846825
1.930575
2.056975
2.237025
2.256775
255
