0.000275
0.000550
0.007050
0.008550
0.015325
0.016600
0.021375
0.026400
0.035100
0.039900
0.041200
0.043675
0.044050
0.047550
0.048525
0.050050
0.065775
0.066800
0.069875
0.073400
0.075300
0.081825
0.082025
0.082050
0.082850
0.089950
0.093100
0.095775
0.096600
0.099025
0.101225
0.116975
0.119650
0.121325
0.121450
0.124950
0.135350
0.152125
0.157150
0.163325
0.165650
0.168300
0.168375
0.177575
0.181650
0.187600
0.192050
0.195100
0.197475
0.199300
0.201675
0.204450
0.207000
0.207575
0.216525
0.218175
0.222000
0.231525
0.235850
0.236375
0.241250
0.243850
0.262400
0.265675
0.278375
0.285900
0.289600
0.297425
0.297600
0.299950
0.300700
0.302025
0.303925
0.304350
0.305650
0.308125
0.318775
0.322400
0.331700
0.333200
0.335025
0.347175
0.348700
0.354250
0.365025
0.365725
0.367025
0.375675
0.375775
0.385200
0.407700
0.411525
0.412775
0.414625
0.418275
0.420200
0.420500
0.423050
0.423775
0.428625
0.430925
0.431325
0.434550
0.448325
0.451300
0.455525
0.457800
0.458225
0.466625
0.472200
0.472725
0.478950
0.479025
0.479700
0.506650
0.514250
0.523875
0.527900
0.531750
0.543475
0.546450
0.548150
0.553900
0.556800
0.561125
0.565275
0.567675
0.609250
0.625925
0.629675
0.635050
0.646950
0.647025
0.648575
0.655050
0.662525
0.662650
0.665850
0.666975
0.676275
0.684350
0.686925
0.687075
0.687450
0.691650
0.691725
0.700375
0.702550
0.705250
0.713125
0.723500
0.735700
0.738600
0.739125
0.746650
0.751600
0.767250
0.770150
0.772450
0.782250
0.792325
0.800650
0.806450
0.806850
0.809200
0.812425
0.818750
0.822900
0.831150
0.837925
0.851650
0.854700
0.857125
0.857875
0.859225
0.866825
0.870000
0.871075
0.872125
0.875425
0.878900
0.884000
0.887475
0.916400
0.918900
0.923875
0.925150
0.932050
0.949175
0.973950
0.991575
0.993550
0.997300
1.009025
1.013000
1.031200
1.032275
1.064750
1.153425
1.174150
1.191500
1.213950
1.216825
1.219750
1.226675
1.236700
1.246625
1.247350
1.254625
1.264600
1.275550
1.288025
1.296600
1.304175
1.335275
1.356750
1.357800
1.381025
1.503200
1.503425
1.517325
1.570800
1.579325
1.628850
1.636425
1.695100
1.717350
1.722150
1.727425
1.826975
1.838425
231
