0.004375
0.004900
0.005375
0.017925
0.023775
0.031150
0.042575
0.056875
0.065250
0.068275
0.071075
0.079525
0.080725
0.083850
0.089625
0.096575
0.098825
0.101900
0.102375
0.103700
0.106350
0.107325
0.109950
0.110725
0.119650
0.125525
0.129600
0.132050
0.137400
0.137475
0.139150
0.140625
0.143400
0.147375
0.150050
0.150775
0.171000
0.178725
0.182725
0.191300
0.203900
0.204775
0.210300
0.212600
0.214300
0.218275
0.224225
0.237150
0.240275
0.251000
0.254125
0.263375
0.263700
0.274275
0.278350
0.287175
0.291625
0.294700
0.298150
0.300225
0.300750
0.302850
0.314500
0.318025
0.319050
0.320450
0.321525
0.322250
0.327200
0.330675
0.333025
0.339000
0.339175
0.348800
0.356000
0.356275
0.359275
0.362525
0.365300
0.367525
0.368725
0.369600
0.372700
0.378250
0.382025
0.386000
0.386700
0.389475
0.392175
0.393450
0.399575
0.400675
0.425825
0.426000
0.437475
0.438450
0.446275
0.456675
0.457425
0.470750
0.472575
0.486150
0.488975
0.490575
0.495825
0.497175
0.497475
0.499350
0.500250
0.507450
0.517750
0.518025
0.518550
0.520625
0.523325
0.526800
0.526925
0.536750
0.540825
0.545975
0.548925
0.555350
0.563750
0.565025
0.567200
0.579525
0.596875
0.599200
0.600075
0.605350
0.609300
0.614250
0.622075
0.627100
0.628875
0.635075
0.636700
0.638700
0.641300
0.642250
0.643950
0.644100
0.660775
0.665900
0.666550
0.672325
0.675875
0.682325
0.690275
0.693450
0.694000
0.694700
0.704200
0.706975
0.710250
0.715525
0.715550
0.727725
0.734225
0.736275
0.743125
0.750575
0.752850
0.765150
0.770625
0.772275
0.777775
0.788175
0.799125
0.800100
0.800625
0.810950
0.817375
0.817800
0.819450
0.821700
0.834475
0.845375
0.845825
0.846250
0.856300
0.862725
0.863975
0.865425
0.886975
0.899700
0.909875
0.917675
0.935075
0.936100
0.939800
0.944450
0.947525
0.960725
0.962900
1.005175
1.016125
1.018325
1.020250
1.030675
1.037650
1.039625
1.041075
1.042750
1.051225
1.095075
1.097250
1.108750
1.115075
1.131475
1.144625
1.152725
1.158150
1.162150
1.199300
1.211875
1.212600
1.258950
1.262775
1.274700
1.279375
1.295725
1.316625
1.318175
1.326825
1.328900
1.353300
1.364050
1.420900
1.443225
1.472675
1.484950
1.550575
1.594375
1.650100
1.686200
1.756050
1.807900
1.881900
1.885175
1.906200
1.910975
1.919600
1.919750
2.010650
2.100250
2.192100
2.199450
2.208000
2.387450
250
