0.007100
0.011125
0.012675
0.013525
0.015875
0.018325
0.018350
0.018825
0.024750
0.025425
0.026175
0.031075
0.033275
0.048275
0.055650
0.062200
0.083625
0.084750
0.090675
0.095275
0.098200
0.102075
0.112300
0.120200
0.126650
0.127450
0.139800
0.140525
0.143825
0.146775
0.149950
0.161200
0.161850
0.178325
0.182525
0.191800
0.192225
0.197775
0.202475
0.207225
0.208250
0.210475
0.216775
0.221100
0.224925
0.230700
0.231525
0.240900
0.244300
0.257800
0.258625
0.260700
0.267725
0.271150
0.273625
0.280900
0.289225
0.295200
0.297375
0.298775
0.298950
0.305200
0.319975
0.333500
0.336900
0.339825
0.345325
0.347900
0.356525
0.361450
0.364475
0.368475
0.369325
0.373625
0.379700
0.381650
0.384825
0.387200
0.392075
0.392150
0.400950
0.407325
0.409825
0.418575
0.418900
0.435200
0.437200
0.449550
0.453750
0.463425
0.465425
0.467425
0.471325
0.472250
0.479550
0.487950
0.489900
0.503025
0.507650
0.514875
0.530275
0.539550
0.540375
0.542925
0.550775
0.555450
0.557075
0.569125
0.570275
0.571375
0.571900
0.575050
0.576225
0.582875
0.583875
0.591250
0.591900
0.595350
0.597675
0.598000
0.598175
0.602825
0.610000
0.612950
0.615800
0.626575
0.634325
0.637550
0.642650
0.652875
0.658775
0.677750
0.678000
0.681875
0.688475
0.691350
0.699025
0.699950
0.703725
0.706650
0.707225
0.708250
0.719525
0.722050
0.726750
0.731350
0.738550
0.740125
0.752275
0.757475
0.762850
0.770975
0.772275
0.773750
0.774125
0.777875
0.777900
0.785450
0.807400
0.808850
0.817850
0.823400
0.829150
0.844200
0.851750
0.871675
0.877375
0.888675
0.898850
0.901000
0.926125
0.940525
0.945925
0.947950
0.949825
0.959375
0.964300
0.971025
0.973275
0.984125
0.986425
0.993575
1.006125
1.024525
1.026450
1.027150
1.044300
1.051400
1.058475
1.066375
1.068775
1.081300
1.083175
1.084150
1.088025
1.092650
1.112975
1.114275
1.158700
1.170125
1.201475
1.227200
1.236750
1.256125
1.260800
1.275050
1.285250
1.300725
1.321200
1.335700
1.366900
1.416600
1.425725
1.477200
1.484525
1.508725
1.523300
1.526000
1.558275
1.571275
1.577575
1.580800
1.618800
1.624625
1.675300
1.697575
1.846575
1.904525
2.140200
2.311800
2.341900
231
