0.000350
0.009825
0.010725
0.014325
0.018775
0.020375
0.023900
0.025275
0.029625
0.032775
0.033100
0.038125
0.045075
0.045125
0.048675
0.052925
0.054075
0.057000
0.061025
0.062075
0.065700
0.070500
0.072675
0.083075
0.086375
0.088550
0.089775
0.099250
0.101900
0.108325
0.126025
0.141575
0.146975
0.150900
0.154275
0.172700
0.175400
0.178225
0.180125
0.188675
0.189100
0.191075
0.194025
0.195775
0.196050
0.197975
0.198675
0.204850
0.215125
0.219950
0.220175
0.221725
0.223950
0.231175
0.241950
0.252050
0.266325
0.267200
0.270875
0.280225
0.285425
0.286200
0.290225
0.291500
0.297150
0.299550
0.303050
0.311300
0.318125
0.323350
0.329175
0.331175
0.331700
0.334725
0.335375
0.350525
0.359300
0.364625
0.366650
0.367400
0.368900
0.369400
0.369800
0.370275
0.380375
0.389825
0.394600
0.398250
0.405200
0.407250
0.412300
0.413050
0.434450
0.435275
0.439200
0.442075
0.444875
0.448775
0.452075
0.454675
0.467250
0.469325
0.471900
0.474350
0.476950
0.479600
0.479700
0.482550
0.483200
0.488600
0.490400
0.497000
0.499725
0.502550
0.504000
0.510325
0.512600
0.513175
0.515475
0.524550
0.529625
0.537775
0.538950
0.550525
0.554400
0.554450
0.564550
0.568200
0.569800
0.575725
0.584525
0.586925
0.587475
0.588275
0.594325
0.594475
0.600500
0.601850
0.604075
0.606575
0.608200
0.612500
0.628675
0.634300
0.664825
0.676275
0.682975
0.685675
0.688800
0.692075
0.719100
0.720550
0.721025
0.725850
0.727725
0.731275
0.735050
0.738000
0.738800
0.744350
0.756975
0.759025
0.760150
0.767275
0.768425
0.781850
0.782350
0.788000
0.790725
0.791500
0.798275
0.800225
0.800475
0.820050
0.820700
0.823700
0.828575
0.831225
0.832650
0.842800
0.884425
0.893675
0.908550
0.911150
0.914425
0.914825
0.925925
0.967075
0.975050
0.981225
0.981375
1.002825
1.004850
1.012325
1.030550
1.034625
1.034850
1.042825
1.044600
1.062175
1.070850
1.077575
1.095300
1.148425
1.172575
1.180150
1.185950
1.260775
1.297175
1.304850
1.333025
1.353900
1.354700
1.359975
1.377800
1.409200
1.410575
1.411500
1.435425
1.454275
1.459325
1.488225
1.514450
1.560925
1.573000
1.673500
1.688275
1.758900
1.787475
2.069525
2.157050
231
