0.005475
0.006775
0.011650
0.020050
0.020600
0.025200
0.025625
0.036525
0.038300
0.045525
0.052325
0.054325
0.054675
0.057575
0.061025
0.063850
0.064925
0.072225
0.077250
0.082125
0.088850
0.090750
0.091725
0.092875
0.100300
0.105300
0.108275
0.112050
0.120525
0.123425
0.130875
0.142000
0.142250
0.147775
0.148800
0.150575
0.151100
0.151525
0.152250
0.158850
0.161775
0.173850
0.176200
0.178975
0.179275
0.181375
0.188450
0.200075
0.208275
0.216800
0.222975
0.237075
0.244100
0.251425
0.251675
0.262925
0.264225
0.274200
0.275975
0.278175
0.287075
0.289025
0.296750
0.298750
0.311175
0.316625
0.318350
0.320875
0.330450
0.331125
0.331125
0.340875
0.344350
0.344725
0.346475
0.350675
0.354650
0.355500
0.357225
0.368150
0.368475
0.371400
0.374475
0.378500
0.380225
0.384625
0.386100
0.387325
0.408775
0.410525
0.410775
0.412950
0.416275
0.425350
0.426925
0.436200
0.449075
0.454225
0.456675
0.458425
0.460725
0.466925
0.471200
0.477650
0.479250
0.484050
0.485875
0.486550
0.490575
0.501575
0.504075
0.509850
0.512100
0.512800
0.519550
0.525225
0.526525
0.526850
0.528875
0.532175
0.538800
0.544100
0.547175
0.550150
0.556450
0.557650
0.557675
0.566925
0.574150
0.576975
0.602125
0.609950
0.610800
0.611500
0.615375
0.618050
0.618425
0.619575
0.624775
0.632800
0.635475
0.639450
0.640675
0.640825
0.641400
0.643725
0.650025
0.654225
0.656650
0.681825
0.689625
0.692750
0.694850
0.696225
0.702700
0.702725
0.714550
0.718450
0.719250
0.721425
0.724450
0.725550
0.728350
0.731900
0.732875
0.737025
0.739400
0.740800
0.742300
0.743375
0.746300
0.747375
0.747550
0.756650
0.757850
0.758200
0.758900
0.758975
0.759725
0.769575
0.770575
0.770600
0.770725
0.773675
0.774975
0.787025
0.796100
0.801100
0.805200
0.812100
0.818975
0.822075
0.825575
0.826075
0.828475
0.851075
0.859650
0.868525
0.880200
0.881175
0.885725
0.887725
0.891975
0.918875
0.919700
0.926650
0.950225
0.951300
0.955725
0.962575
0.966475
0.968450
0.974275
0.974850
0.978625
0.983100
0.994325
0.995375
1.010325
1.010425
1.022625
1.035225
1.040300
1.040975
1.057575
1.060350
1.063225
1.079775
1.104925
1.106675
1.112975
1.117350
1.117875
1.144425
1.158350
1.184100
1.211900
1.230050
1.236825
1.245400
1.281850
1.287725
1.290775
1.291625
1.311750
1.333700
1.363575
1.389775
1.399050
1.415525
1.432450
1.558400
1.592075
1.599825
1.618325
1.635550
1.644325
1.653575
1.740525
1.775750
1.794375
1.923975
2.037600
2.164750
2.206000
265
