0.007525
0.007925
0.010900
0.017425
0.017775
0.020775
0.023850
0.025700
0.025850
0.026175
0.032425
0.033250
0.041500
0.042475
0.047150
0.049200
0.053725
0.064425
0.064850
0.070550
0.078825
0.099900
0.100625
0.109000
0.110050
0.113025
0.113175
0.119800
0.121700
0.122675
0.123800
0.124150
0.124900
0.127475
0.128125
0.134575
0.136000
0.137750
0.138450
0.142975
0.143875
0.144525
0.148500
0.154075
0.159575
0.162775
0.165450
0.175750
0.178300
0.178475
0.187825
0.190150
0.191425
0.198975
0.208600
0.215025
0.216175
0.216550
0.218775
0.221650
0.221675
0.227925
0.228000
0.230350
0.230500
0.232175
0.243650
0.246250
0.255500
0.256000
0.258675
0.259175
0.260200
0.267350
0.268475
0.276600
0.277700
0.285250
0.285875
0.288450
0.291850
0.293250
0.305925
0.307925
0.309450
0.312100
0.321500
0.328300
0.332525
0.335075
0.338750
0.346625
0.353700
0.355925
0.357575
0.358850
0.362250
0.367950
0.378000
0.381800
0.386125
0.392200
0.394950
0.396800
0.397525
0.399125
0.399825
0.400625
0.401000
0.409000
0.410050
0.417675
0.420350
0.423850
0.428425
0.435575
0.437250
0.445975
0.447775
0.455400
0.455950
0.457500
0.462300
0.463050
0.464300
0.466475
0.469525
0.471150
0.472125
0.472975
0.479525
0.523450
0.524175
0.525625
0.533075
0.533175
0.537075
0.537450
0.541050
0.553100
0.560575
0.567725
0.573075
0.575575
0.575650
0.580000
0.580950
0.582425
0.590875
0.596000
0.598750
0.600925
0.603400
0.606650
0.611275
0.613175
0.615425
0.616150
0.624100
0.635550
0.635675
0.640400
0.646000
0.652700
0.655425
0.660000
0.667775
0.672700
0.674575
0.689175
0.694750
0.695450
0.697750
0.697775
0.701800
0.703075
0.703975
0.705375
0.719250
0.721300
0.721400
0.727250
0.728025
0.730625
0.734850
0.736425
0.736525
0.742700
0.742800
0.743600
0.744775
0.744775
0.757375
0.763850
0.766025
0.770125
0.770575
0.781000
0.784350
0.788850
0.793275
0.794650
0.797150
0.799400
0.800625
0.800950
0.808850
0.830525
0.832100
0.834600
0.834825
0.840725
0.845350
0.845375
0.854525
0.856850
0.884900
0.885300
0.885800
0.899150
0.900425
0.902200
0.909925
0.914275
0.926975
0.932100
0.939975
0.949950
0.955425
0.968950
0.977000
0.978100
0.992700
1.002950
1.007875
1.018725
1.019375
1.021750
1.026775
1.033300
1.039250
1.058425
1.071550
1.089125
1.093875
1.094075
1.098025
1.111275
1.129000
1.136525
1.144075
1.189525
1.195250
1.204425
1.213800
1.223625
1.248075
1.291425
1.298375
1.317850
1.353975
1.370650
1.404175
1.414725
1.420900
1.430700
1.446150
1.473325
1.478900
1.511325
1.561650
1.568400
1.623100
1.639000
1.648500
1.679350
1.716450
1.736950
1.770025
1.773175
1.795625
1.966850
2.017450
2.240750
284
