0.001125
0.009100
0.009500
0.010775
0.014675
0.022575
0.023975
0.025000
0.025050
0.025150
0.044700
0.046450
0.049400
0.050150
0.051775
0.062175
0.067925
0.075100
0.076150
0.077050
0.078625
0.084575
0.085850
0.092325
0.095075
0.095800
0.096100
0.102475
0.103625
0.112200
0.115050
0.121100
0.124075
0.126075
0.134000
0.136850
0.140725
0.142750
0.142750
0.147200
0.160800
0.162075
0.164200
0.171225
0.173125
0.181525
0.182200
0.184825
0.186125
0.188300
0.192700
0.198775
0.215725
0.216925
0.231875
0.232000
0.232950
0.235450
0.237050
0.241750
0.241975
0.245800
0.246375
0.247000
0.249850
0.253200
0.255375
0.257875
0.278950
0.280725
0.289300
0.313350
0.319425
0.320525
0.326725
0.342525
0.347300
0.348850
0.354500
0.361475
0.361750
0.362775
0.366150
0.368100
0.369825
0.371850
0.376275
0.379900
0.387600
0.390375
0.396425
0.397600
0.402375
0.404400
0.410775
0.411225
0.415125
0.420525
0.432825
0.440650
0.443000
0.443950
0.444450
0.452125
0.452450
0.454500
0.462500
0.472625
0.476175
0.485775
0.497425
0.513050
0.517825
0.518275
0.518975
0.525175
0.525475
0.535675
0.536525
0.542550
0.543100
0.544475
0.553075
0.565025
0.567500
0.572750
0.574550
0.580025
0.582225
0.582525
0.583375
0.590500
0.591700
0.593675
0.602375
0.602850
0.603375
0.608200
0.608475
0.615525
0.617975
0.618500
0.627000
0.635950
0.641400
0.646875
0.648400
0.653800
0.655350
0.655825
0.655825
0.668950
0.669900
0.674475
0.676050
0.678500
0.681700
0.682375
0.696175
0.700475
0.704600
0.706775
0.707900
0.710775
0.713175
0.720250
0.722250
0.723500
0.729525
0.734875
0.735125
0.735650
0.736275
0.743450
0.747750
0.753150
0.753650
0.754250
0.760475
0.762775
0.764700
0.765050
0.765500
0.768900
0.780125
0.780700
0.794000
0.797675
0.804550
0.809575
0.816775
0.825775
0.831225
0.834450
0.835100
0.839950
0.840875
0.841850
0.845375
0.845525
0.845675
0.845700
0.847775
0.851975
0.878150
0.879075
0.879475
0.881300
0.881350
0.888650
0.913950
0.927125
0.940525
0.944275
0.947750
0.959750
0.959750
0.961000
0.962525
0.965550
0.986550
0.987125
0.991925
0.993825
1.000425
1.007000
1.015600
1.044100
1.046925
1.056850
1.064675
1.068675
1.083175
1.096025
1.105875
1.107600
1.137800
1.139850
1.142100
1.142175
1.150925
1.173475
1.175875
1.186975
1.195050
1.197725
1.214650
1.252250
1.283225
1.301675
1.318950
1.325675
1.339600
1.368725
1.381525
1.417400
1.452800
1.470800
1.490950
1.681875
1.743325
1.759175
1.801875
1.912800
1.920975
1.933550
1.996150
2.000400
2.033725
2.287750
2.335475
2.492250
272
