0.000875
0.003575
0.006850
0.007300
0.009700
0.016050
0.017000
0.019825
0.039875
0.042200
0.042400
0.042525
0.053725
0.054850
0.057125
0.064975
0.066200
0.070775
0.088350
0.096550
0.102050
0.104775
0.105625
0.110125
0.119300
0.127025
0.133300
0.134625
0.140425
0.150425
0.154075
0.161450
0.165175
0.168100
0.174175
0.174425
0.177525
0.177800
0.180650
0.181450
0.185575
0.186750
0.192100
0.193275
0.216450
0.220675
0.225175
0.229575
0.229825
0.241925
0.244025
0.247675
0.254100
0.265425
0.266525
0.269900
0.270375
0.278075
0.287125
0.288550
0.293225
0.293800
0.300250
0.300350
0.300900
0.306225
0.314150
0.321625
0.334250
0.338475
0.342725
0.345525
0.347075
0.347225
0.355200
0.356650
0.359850
0.383550
0.395875
0.399875
0.403950
0.409850
0.410325
0.411425
0.413600
0.415075
0.415550
0.416450
0.422925
0.427225
0.428750
0.438075
0.444100
0.454050
0.459150
0.462100
0.470100
0.474175
0.482425
0.513875
0.517125
0.522200
0.524675
0.537050
0.551025
0.560025
0.563100
0.576450
0.576850
0.584525
0.590125
0.605575
0.607775
0.607975
0.614425
0.617050
0.618025
0.628825
0.628900
0.637675
0.640825
0.648200
0.660650
0.661300
0.671750
0.680400
0.680400
0.685575
0.704700
0.706250
0.711525
0.715375
0.717525
0.729200
0.729325
0.739350
0.740325
0.752575
0.754825
0.757850
0.760300
0.761650
0.762775
0.763325
0.765850
0.772675
0.783475
0.786225
0.789675
0.796400
0.800100
0.802800
0.815125
0.817725
0.818775
0.826875
0.828325
0.835650
0.842225
0.844650
0.849225
0.857250
0.862875
0.864325
0.869750
0.871800
0.872300
0.877875
0.880950
0.881375
0.898475
0.901525
0.915625
0.918600
0.920025
0.920500
0.924025
0.924250
0.947175
0.950650
0.953300
0.961950
0.985225
0.997475
1.015600
1.016375
1.040125
1.043225
1.046925
1.049725
1.052675
1.057075
1.063350
1.072050
1.077525
1.082175
1.089750
1.093150
1.112650
1.125600
1.144100
1.170575
1.178775
1.190250
1.193325
1.228300
1.256625
1.265900
1.290525
1.365900
1.376050
1.417500
1.500275
1.535550
1.558000
1.569175
1.594925
1.597000
1.620125
1.721250
1.735925
1.768175
2.001850
2.163400
2.214175
225
