0.000525
0.002925
0.003900
0.011150
0.013625
0.017875
0.021300
0.028975
0.037550
0.038325
0.044825
0.053175
0.054250
0.056350
0.063650
0.063700
0.067225
0.068125
0.074925
0.079350
0.085425
0.088025
0.091075
0.093150
0.100700
0.115775
0.116250
0.116700
0.116750
0.118800
0.132200
0.132575
0.135150
0.135250
0.136225
0.137300
0.137925
0.141150
0.142575
0.146100
0.147675
0.161925
0.187400
0.196850
0.205800
0.224250
0.227650
0.239250
0.240000
0.241650
0.243225
0.244350
0.246200
0.247550
0.249875
0.250700
0.252750
0.253525
0.255125
0.259075
0.274475
0.293725
0.297450
0.300075
0.300350
0.304300
0.311650
0.330775
0.335575
0.337200
0.347850
0.351875
0.370400
0.378625
0.379350
0.379775
0.380925
0.383575
0.384200
0.384375
0.389900
0.391850
0.399250
0.404600
0.407750
0.408950
0.411450
0.411700
0.412575
0.416375
0.433075
0.441225
0.444325
0.453750
0.457700
0.463000
0.477100
0.485975
0.487925
0.490300
0.490550
0.497825
0.499750
0.504375
0.505625
0.509150
0.518650
0.522925
0.526925
0.530100
0.531325
0.536050
0.536825
0.538825
0.543325
0.543500
0.546750
0.547200
0.547275
0.550550
0.551300
0.553075
0.572200
0.577550
0.593600
0.600650
0.610675
0.611700
0.612375
0.615525
0.615875
0.618900
0.622500
0.626750
0.627125
0.631450
0.633625
0.634175
0.635500
0.636375
0.642300
0.643275
0.647725
0.651575
0.660975
0.667100
0.680575
0.683550
0.693050
0.696450
0.705725
0.708875
0.714250
0.725875
0.731000
0.739850
0.739900
0.742725
0.746825
0.753725
0.757650
0.758100
0.759225
0.771200
0.779575
0.783750
0.785800
0.786925
0.804000
0.805075
0.806175
0.809625
0.810200
0.813125
0.814275
0.816850
0.819850
0.837025
0.837350
0.842300
0.843975
0.853475
0.865800
0.865900
0.873200
0.875675
0.886275
0.891475
0.894950
0.908600
0.920150
0.937700
0.943975
0.949400
0.949575
0.954625
0.959450
0.962425
0.970050
0.972550
0.985125
0.997275
1.001600
1.002700
1.041200
1.063275
1.078500
1.080550
1.082400
1.091250
1.093625
1.093850
1.094600
1.099225
1.107075
1.126100
1.137150
1.145925
1.147025
1.153475
1.168600
1.208275
1.217525
1.249000
1.250375
1.290025
1.290625
1.319325
1.329050
1.343425
1.391925
1.432700
1.495850
1.519575
1.547875
1.627125
1.630350
1.645650
1.686075
1.705150
1.706275
1.710575
1.825000
1.879950
1.882850
2.111600
2.301350
2.366825
2.430625
249
