0.011525
0.011700
0.013175
0.013950
0.015925
0.018425
0.025750
0.028925
0.034550
0.036550
0.040575
0.051900
0.057425
0.057475
0.057800
0.062500
0.067075
0.076025
0.079750
0.092950
0.094125
0.100925
0.112425
0.112725
0.121250
0.122225
0.127575
0.128600
0.130675
0.147925
0.152075
0.155250
0.159150
0.162875
0.174125
0.174250
0.177225
0.177550
0.177900
0.179850
0.181525
0.194975
0.196950
0.200900
0.201650
0.212075
0.212800
0.213750
0.214475
0.216025
0.217675
0.232475
0.238225
0.252925
0.253700
0.253725
0.258800
0.263000
0.267500
0.279300
0.282850
0.286150
0.288950
0.302200
0.308350
0.309275
0.310175
0.314250
0.318075
0.320275
0.327375
0.333375
0.351100
0.363125
0.363825
0.371400
0.372850
0.381050
0.381200
0.382975
0.387650
0.389525
0.390025
0.393875
0.395100
0.395825
0.400900
0.403875
0.404450
0.409550
0.410950
0.420900
0.421675
0.428425
0.429375
0.441175
0.443850
0.445725
0.454075
0.455850
0.456050
0.458975
0.467975
0.475850
0.480250
0.487050
0.487375
0.487400
0.488500
0.489975
0.491575
0.499400
0.505475
0.509650
0.509700
0.514975
0.521525
0.521900
0.522700
0.531650
0.532850
0.535025
0.535700
0.539900
0.550225
0.552500
0.552825
0.555350
0.557750
0.558125
0.565525
0.568050
0.570975
0.574975
0.575375
0.578100
0.583600
0.589725
0.596125
0.605050
0.608275
0.608925
0.609225
0.617175
0.625650
0.626300
0.627225
0.633175
0.636350
0.637575
0.645400
0.655600
0.656550
0.667075
0.667550
0.669725
0.679600
0.700800
0.703225
0.718400
0.720625
0.721625
0.729275
0.742425
0.743900
0.746625
0.759250
0.762250
0.771100
0.776800
0.780250
0.783525
0.790200
0.790725
0.813000
0.813925
0.814375
0.820975
0.834300
0.836150
0.841925
0.845550
0.848150
0.849525
0.852000
0.859525
0.872025
0.877050
0.877225
0.883775
0.902600
0.909125
0.933800
0.951900
0.954000
0.957050
0.976150
0.987025
0.989725
0.991825
0.996025
0.996100
1.009375
1.012425
1.013750
1.022375
1.036325
1.046950
1.051725
1.053600
1.061275
1.064600
1.068375
1.081875
1.095350
1.116700
1.124025
1.139725
1.176550
1.194400
1.203300
1.211125
1.219425
1.242150
1.245975
1.271150
1.271875
1.272525
1.289475
1.296625
1.332575
1.368000
1.371675
1.383575
1.384100
1.425650
1.451750
1.471025
1.506725
1.524625
1.536100
1.579350
1.598125
1.609275
1.668650
1.676125
1.698150
1.720550
1.729725
1.858525
1.932875
2.366025
252
