0.001825
0.003825
0.023950
0.037250
0.039450
0.041475
0.042650
0.044350
0.051950
0.058150
0.060125
0.067000
0.071300
0.073150
0.077525
0.081150
0.083400
0.094700
0.105200
0.109025
0.113175
0.113500
0.118750
0.128750
0.133975
0.141225
0.142550
0.144725
0.148050
0.148075
0.150350
0.174925
0.175225
0.183450
0.188300
0.188375
0.194425
0.194675
0.200050
0.201075
0.202550
0.203125
0.212700
0.212900
0.216100
0.223475
0.227525
0.237825
0.238700
0.244875
0.247600
0.251375
0.262725
0.264900
0.268175
0.270225
0.273650
0.281125
0.285475
0.291375
0.292400
0.296375
0.296450
0.304825
0.306125
0.307500
0.316975
0.317550
0.321425
0.325000
0.331650
0.333825
0.339800
0.363800
0.368200
0.385000
0.385375
0.396775
0.396800
0.398325
0.401825
0.407550
0.415225
0.430125
0.453950
0.457700
0.463250
0.467200
0.469025
0.474475
0.476300
0.476475
0.477200
0.477225
0.477600
0.480050
0.485375
0.486025
0.488850
0.490325
0.491650
0.493950
0.505700
0.513650
0.518200
0.519800
0.521275
0.526350
0.529075
0.534525
0.537200
0.537525
0.538375
0.543375
0.548625
0.551250
0.558350
0.560600
0.561025
0.561250
0.564700
0.570250
0.572800
0.575375
0.579350
0.586050
0.590250
0.593425
0.603500
0.607900
0.611125
0.618250
0.621125
0.627425
0.630375
0.648425
0.648575
0.650350
0.655950
0.658225
0.661500
0.664425
0.669200
0.680600
0.681675
0.683025
0.692400
0.693775
0.700250
0.705075
0.705425
0.706475
0.706675
0.709575
0.714050
0.716925
0.727050
0.733400
0.743200
0.753000
0.756250
0.765250
0.765375
0.767500
0.770200
0.772925
0.779400
0.779800
0.792050
0.792700
0.798725
0.817150
0.823850
0.831175
0.833900
0.854075
0.854325
0.855475
0.890600
0.890725
0.896700
0.907925
0.924675
0.925225
0.936900
0.956475
0.960625
0.970000
0.977625
0.984850
0.988750
0.989250
1.005950
1.006400
1.009575
1.011400
1.014800
1.016500
1.016575
1.016850
1.045175
1.061575
1.075150
1.085850
1.089500
1.089525
1.093850
1.104975
1.138500
1.147525
1.160325
1.173325
1.195700
1.197950
1.207275
1.209825
1.214700
1.224425
1.266375
1.274125
1.280050
1.298075
1.302550
1.324450
1.330225
1.331025
1.356625
1.359950
1.384225
1.400400
1.425675
1.434150
1.448575
1.467125
1.538675
1.545825
1.586400
1.606950
1.621775
1.635475
1.657625
1.941925
1.959475
2.099725
2.357075
2.413275
2.461850
2.473200
248
