0.003100
0.004050
0.007000
0.012600
0.017625
0.018200
0.030850
0.038175
0.045925
0.049925
0.051450
0.053350
0.058600
0.074500
0.077650
0.077825
0.082325
0.085425
0.089425
0.089650
0.090925
0.096000
0.105425
0.106850
0.107750
0.114875
0.116350
0.119375
0.121050
0.123775
0.126875
0.132325
0.132650
0.133825
0.142650
0.143600
0.146200
0.148850
0.152075
0.153675
0.158950
0.161925
0.165675
0.166700
0.169625
0.175925
0.184125
0.187375
0.190525
0.197100
0.198250
0.200625
0.203350
0.217125
0.219175
0.233900
0.239150
0.243175
0.251725
0.252900
0.256400
0.259550
0.264000
0.269450
0.271525
0.277600
0.279450
0.284575
0.286100
0.289900
0.292750
0.293650
0.294975
0.299725
0.308900
0.320525
0.330025
0.333550
0.341175
0.341525
0.342850
0.352000
0.352375
0.353300
0.356075
0.356900
0.360275
0.362550
0.367900
0.369875
0.371075
0.371100
0.373250
0.379600
0.382900
0.393750
0.396775
0.418650
0.425775
0.431150
0.432875
0.437375
0.437450
0.437575
0.443300
0.443375
0.443725
0.444900
0.450475
0.456800
0.459875
0.460350
0.462125
0.480650
0.480750
0.480800
0.481325
0.486325
0.487100
0.490550
0.499025
0.515925
0.521325
0.523450
0.526075
0.537550
0.541750
0.546025
0.547400
0.550525
0.551750
0.554575
0.554825
0.560600
0.568475
0.570800
0.572200
0.576225
0.589350
0.590425
0.596750
0.599125
0.600300
0.604975
0.606125
0.607775
0.608825
0.617250
0.619525
0.626000
0.629225
0.639000
0.642200
0.654250
0.654825
0.659250
0.664125
0.680025
0.686275
0.687950
0.689950
0.695000
0.701475
0.702475
0.703225
0.706200
0.710450
0.712100
0.719875
0.728475
0.730975
0.732925
0.750425
0.768275
0.772750
0.778075
0.779675
0.782500
0.802625
0.803125
0.808025
0.813150
0.813825
0.815650
0.818525
0.819675
0.820750
0.822675
0.843300
0.846225
0.857775
0.858000
0.859725
0.863725
0.865275
0.870450
0.874150
0.883100
0.883875
0.884450
0.906875
0.913200
0.913875
0.914575
0.915500
0.943725
0.956250
0.958600
0.966550
0.988825
0.996450
0.997700
1.011150
1.029650
1.036850
1.052975
1.091325
1.097225
1.121000
1.145975
1.150450
1.163575
1.174550
1.183225
1.190475
1.197875
1.207400
1.246950
1.251400
1.265550
1.280200
1.292450
1.293150
1.309325
1.318900
1.347975
1.366275
1.369425
1.386075
1.439650
1.442800
1.450600
1.455025
1.487050
1.492875
1.495425
1.553000
1.582650
1.690725
1.718150
1.738525
1.797750
1.805775
1.851525
1.885025
1.927750
1.991075
2.003875
2.239125
2.478550
2.492500
261
