0.003950
0.015225
0.018850
0.023675
0.026875
0.034975
0.046625
0.047300
0.052025
0.073625
0.074900
0.077350
0.077850
0.087200
0.092925
0.093500
0.097700
0.103375
0.119675
0.123850
0.127275
0.132200
0.145550
0.146150
0.149825
0.174900
0.175525
0.195300
0.210075
0.220050
0.237600
0.263200
0.265100
0.265175
0.267875
0.279875
0.281925
0.291050
0.291225
0.291375
0.296500
0.315425
0.321100
0.324000
0.327350
0.339375
0.340825
0.343975
0.345375
0.352925
0.354650
0.363325
0.369075
0.377575
0.389600
0.391500
0.392200
0.397450
0.400825
0.408900
0.411950
0.413250
0.414950
0.428050
0.439400
0.442525
0.444175
0.452125
0.453000
0.454900
0.472275
0.472900
0.473800
0.477050
0.477300
0.479725
0.480425
0.482200
0.488800
0.493925
0.496600
0.497050
0.499625
0.499975
0.509100
0.522325
0.524050
0.524975
0.526950
0.533675
0.535725
0.536875
0.547375
0.549675
0.557125
0.563275
0.565350
0.569375
0.573575
0.578750
0.582075
0.584375
0.587725
0.591150
0.600725
0.602175
0.602625
0.609225
0.614200
0.618800
0.623800
0.633275
0.638375
0.649625
0.650300
0.659675
0.664500
0.672925
0.673600
0.685250
0.694800
0.695200
0.698325
0.698975
0.699225
0.701100
0.704000
0.707800
0.716275
0.716700
0.725200
0.728725
0.751800
0.754800
0.761700
0.765350
0.769175
0.770375
0.777100
0.781400
0.787525
0.787825
0.788225
0.791425
0.791875
0.792075
0.794750
0.800275
0.803475
0.805475
0.813650
0.821425
0.824000
0.824450
0.838200
0.842025
0.851300
0.852600
0.860725
0.869000
0.872325
0.876700
0.877550
0.882825
0.889675
0.890475
0.893275
0.909050
0.927750
0.937100
0.941025
0.941400
0.948775
0.950150
0.955575
0.956900
0.961450
0.975100
0.977100
0.978750
0.991000
0.997650
1.013275
1.015825
1.034325
1.035700
1.051700
1.052325
1.081325
1.103675
1.118100
1.135725
1.170225
1.260675
1.270750
1.284925
1.291800
1.310975
1.313800
1.328425
1.343800
1.361350
1.438075
1.493200
1.526975
1.575475
1.600250
1.635850
1.704475
1.799425
1.826025
1.848600
1.866025
1.939900
2.431375
215
