0.008275
0.008925
0.016200
0.020325
0.030975
0.035175
0.043250
0.048300
0.050825
0.059325
0.063550
0.065475
0.071400
0.072275
0.080050
0.080650
0.081525
0.084450
0.090525
0.105000
0.110350
0.113525
0.120250
0.142925
0.146675
0.152225
0.156100
0.164525
0.167475
0.173725
0.177350
0.184750
0.187300
0.190025
0.194675
0.215500
0.216850
0.217100
0.217750
0.220050
0.224175
0.226100
0.228925
0.233075
0.245750
0.246300
0.253025
0.258375
0.264425
0.267025
0.278475
0.279750
0.282050
0.283125
0.284500
0.294750
0.298975
0.303175
0.310525
0.318675
0.357750
0.363725
0.368550
0.371600
0.383525
0.386225
0.392650
0.395725
0.415175
0.416175
0.419775
0.420200
0.420525
0.421075
0.423925
0.425250
0.429275
0.440125
0.440900
0.466650
0.475050
0.475550
0.476125
0.478725
0.479950
0.482150
0.482875
0.500325
0.509550
0.511350
0.522075
0.526950
0.527975
0.530625
0.538525
0.539625
0.546450
0.552150
0.552800
0.566100
0.570250
0.571450
0.581475
0.587875
0.588600
0.601400
0.612975
0.627375
0.628250
0.629275
0.630550
0.636150
0.639050
0.641150
0.642300
0.647325
0.648125
0.648725
0.650075
0.658550
0.658875
0.664500
0.667000
0.673350
0.677475
0.678700
0.682900
0.685125
0.687525
0.688550
0.692150
0.702850
0.709475
0.711675
0.724800
0.731250
0.734975
0.740225
0.747525
0.749200
0.749350
0.750650
0.753575
0.755950
0.763200
0.766550
0.771875
0.784650
0.787025
0.792775
0.798000
0.798350
0.800875
0.812800
0.814400
0.831700
0.841625
0.841675
0.843200
0.844475
0.853550
0.855575
0.855850
0.859975
0.863375
0.868800
0.868900
0.871325
0.875050
0.875175
0.886050
0.887900
0.893975
0.894850
0.900625
0.903325
0.903975
0.920875
0.929175
0.931375
0.947425
0.961200
0.965650
0.966625
0.972850
0.981675
0.983775
0.994050
0.998125
1.007775
1.008175
1.014175
1.027075
1.031725
1.049950
1.051075
1.062575
1.064750
1.076425
1.111225
1.114725
1.119125
1.124900
1.133500
1.140750
1.145225
1.156900
1.162900
1.180425
1.192625
1.197050
1.218150
1.235625
1.258575
1.267950
1.273950
1.316375
1.364950
1.374625
1.385650
1.397450
1.402475
1.431575
1.444125
1.581275
1.758150
1.763925
1.788275
1.811100
1.921500
2.133575
2.157600
2.296900
233
