0.001775
0.008450
0.008750
0.014550
0.026425
0.033900
0.037625
0.040300
0.040425
0.048550
0.056675
0.063700
0.071800
0.074325
0.081150
0.084625
0.092475
0.095250
0.097225
0.112475
0.116600
0.121200
0.121575
0.127575
0.136325
0.141075
0.153000
0.161550
0.163700
0.173225
0.173625
0.176725
0.183700
0.184350
0.187800
0.190475
0.197200
0.197975
0.200425
0.203175
0.208550
0.214375
0.225400
0.225750
0.231575
0.235250
0.240950
0.246550
0.254975
0.255425
0.260125
0.261825
0.277025
0.278600
0.286225
0.288725
0.294625
0.298700
0.300350
0.304425
0.305925
0.317975
0.324875
0.331025
0.332350
0.339425
0.341475
0.342175
0.346400
0.350825
0.364900
0.367025
0.373500
0.375650
0.389100
0.390000
0.390175
0.397200
0.401825
0.403375
0.411325
0.415675
0.421500
0.422375
0.431500
0.435925
0.446600
0.456275
0.456800
0.464375
0.465075
0.466550
0.470125
0.471575
0.473075
0.479950
0.480200
0.485100
0.503600
0.505275
0.505800
0.512900
0.515125
0.522600
0.523175
0.524300
0.525850
0.533275
0.535375
0.538250
0.545325
0.546600
0.547950
0.564325
0.567550
0.573900
0.584300
0.587325
0.589700
0.591825
0.597725
0.598700
0.611775
0.614150
0.615275
0.619200
0.623600
0.634775
0.635425
0.637575
0.639100
0.640225
0.651500
0.654875
0.659400
0.660450
0.661125
0.664875
0.671925
0.679450
0.679450
0.679575
0.679675
0.682100
0.687750
0.691550
0.699850
0.717700
0.724625
0.724700
0.729775
0.730425
0.734200
0.745075
0.750475
0.753600
0.755700
0.765700
0.777050
0.778200
0.780100
0.782000
0.785825
0.787475
0.792075
0.792325
0.794075
0.796500
0.808200
0.812875
0.813325
0.819425
0.822825
0.822875
0.828125
0.835650
0.836150
0.850450
0.854775
0.861800
0.880775
0.883750
0.889000
0.889300
0.893750
0.897700
0.902100
0.907600
0.918900
0.922175
0.926750
0.935725
0.953550
0.961850
0.967000
0.978775
0.979350
0.985825
0.986200
0.989775
0.995475
1.001800
1.042475
1.046675
1.091200
1.094525
1.113375
1.155750
1.163025
1.168725
1.202500
1.214125
1.217525
1.260750
1.276650
1.295250
1.295900
1.314625
1.314900
1.317925
1.318625
1.333250
1.343650
1.350475
1.366400
1.369150
1.374900
1.385875
1.406300
1.462975
1.467675
1.478400
1.484875
1.585650
1.677325
1.681600
1.705825
1.861775
1.884400
1.931175
1.933025
2.036775
2.037850
2.074175
2.143775
2.212475
246
