0.002800
0.011025
0.012575
0.019400
0.021450
0.026825
0.027375
0.040725
0.041525
0.042400
0.052350
0.066600
0.067050
0.068375
0.073325
0.074275
0.075025
0.079000
0.081200
0.088000
0.093650
0.094775
0.094950
0.102800
0.105150
0.105550
0.108975
0.122900
0.125175
0.126525
0.126850
0.130950
0.133100
0.149175
0.150125
0.156175
0.156975
0.158000
0.164375
0.167600
0.180725
0.188200
0.188625
0.195100
0.195575
0.205825
0.217550
0.217900
0.223925
0.225600
0.229475
0.232325
0.241125
0.241875
0.242275
0.246225
0.249875
0.252625
0.256725
0.259625
0.284975
0.289675
0.299350
0.300500
0.307575
0.314350
0.317700
0.322400
0.327275
0.327800
0.329975
0.337200
0.340575
0.340800
0.340875
0.342325
0.342700
0.343925
0.347275
0.355800
0.362550
0.363525
0.368275
0.377250
0.392650
0.405500
0.406425
0.407975
0.409450
0.412700
0.419950
0.426375
0.440425
0.441200
0.450425
0.455800
0.456800
0.456825
0.459250
0.462200
0.476725
0.478650
0.478725
0.491225
0.499000
0.499975
0.502725
0.509500
0.513600
0.514000
0.526625
0.527250
0.527800
0.530425
0.534550
0.535300
0.536800
0.546475
0.554350
0.554500
0.556575
0.565525
0.569600
0.573500
0.575725
0.594000
0.597050
0.600800
0.602600
0.602650
0.605125
0.610450
0.618750
0.620800
0.624500
0.627625
0.631425
0.634575
0.634700
0.636250
0.636650
0.637200
0.643225
0.643375
0.646800
0.649350
0.654175
0.666725
0.667375
0.668325
0.675950
0.682675
0.706625
0.710250
0.715650
0.724725
0.726825
0.727150
0.728850
0.738550
0.740175
0.747075
0.749575
0.753100
0.753175
0.760500
0.764500
0.770900
0.774225
0.777600
0.790300
0.799125
0.800525
0.810375
0.815350
0.823400
0.831925
0.837750
0.839900
0.845475
0.852600
0.855500
0.857500
0.863650
0.872325
0.884875
0.885000
0.911675
0.918650
0.924900
0.925375
0.925725
0.932950
0.947750
0.951050
0.955750
0.966525
0.986775
0.997125
1.004575
1.015000
1.016975
1.020800
1.028325
1.032025
1.061550
1.062975
1.072150
1.075750
1.098725
1.106350
1.116325
1.172275
1.184725
1.185650
1.254625
1.281200
1.288550
1.362800
1.442825
1.471550
1.472225
1.500025
1.520550
1.545225
1.556450
1.594425
1.614600
1.714000
1.773500
1.806025
2.059950
2.151475
2.236875
2.333850
2.429725
236
