0.004625
0.016750
0.022200
0.029575
0.036675
0.045675
0.045700
0.047575
0.048325
0.052325
0.062150
0.065650
0.076650
0.077375
0.079575
0.081125
0.083625
0.083675
0.109400
0.110250
0.113275
0.116300
0.122950
0.124450
0.124975
0.140925
0.143150
0.155550
0.155700
0.157650
0.167025
0.170150
0.170525
0.171425
0.173900
0.179550
0.181875
0.197450
0.204425
0.211100
0.217075
0.224450
0.232175
0.239750
0.240725
0.246625
0.247050
0.248075
0.252400
0.255275
0.262300
0.266875
0.267725
0.268575
0.269175
0.274000
0.274150
0.281375
0.301550
0.302700
0.303575
0.307375
0.310250
0.318575
0.320975
0.322125
0.331975
0.335250
0.336775
0.360050
0.364025
0.364175
0.367200
0.367725
0.371450
0.381950
0.384375
0.386600
0.391625
0.392275
0.397025
0.398725
0.410025
0.410575
0.413450
0.414750
0.416250
0.420175
0.426600
0.434975
0.437825
0.446200
0.451950
0.453400
0.466150
0.477975
0.485625
0.497150
0.506350
0.531050
0.537400
0.540750
0.548700
0.549025
0.550425
0.552700
0.577425
0.581275
0.583200
0.587975
0.589500
0.590975
0.594400
0.596375
0.603575
0.606900
0.607450
0.623775
0.623875
0.639650
0.644975
0.656325
0.661225
0.661500
0.665025
0.666700
0.676200
0.687425
0.688425
0.692550
0.699175
0.703675
0.710425
0.711150
0.714400
0.716700
0.720800
0.722900
0.723400
0.734650
0.739900
0.749300
0.749500
0.757350
0.758550
0.759625
0.762275
0.767000
0.776700
0.776950
0.786375
0.795000
0.798875
0.800475
0.801775
0.806500
0.807275
0.814950
0.817825
0.819950
0.826650
0.832925
0.833900
0.839650
0.857375
0.860575
0.861925
0.873650
0.877775
0.879400
0.881900
0.911000
0.916300
0.919100
0.928125
0.931375
0.942125
0.956300
0.961975
0.966525
0.976975
0.978025
0.986325
0.986600
0.989025
0.989025
0.989450
0.991625
0.995375
1.002825
1.024575
1.024600
1.027675
1.051325
1.063300
1.095000
1.102100
1.105625
1.111000
1.112175
1.115325
1.137925
1.141475
1.142100
1.151950
1.155250
1.176325
1.179800
1.213700
1.214325
1.239525
1.287375
1.305250
1.313525
1.316925
1.325825
1.342425
1.353750
1.367075
1.368400
1.378825
1.403500
1.416725
1.418725
1.466275
1.467450
1.561475
1.583200
1.619950
1.639900
1.642750
1.690700
1.709175
1.805800
1.910850
1.945525
2.085000
2.306100
238
