0.000000
0.013950
0.021850
0.024575
0.028225
0.028950
0.032350
0.044675
0.045500
0.047275
0.048925
0.058975
0.059100
0.059800
0.068000
0.070225
0.071350
0.073825
0.074375
0.082325
0.084425
0.115500
0.117875
0.131375
0.136750
0.139050
0.141200
0.143250
0.143300
0.148900
0.152675
0.157350
0.158600
0.161775
0.167375
0.168775
0.171900
0.181350
0.186775
0.188550
0.190175
0.193375
0.195050
0.204500
0.205450
0.211275
0.215875
0.217450
0.217475
0.220575
0.220900
0.227500
0.237475
0.238025
0.254150
0.255175
0.259750
0.262550
0.265525
0.270625
0.272450
0.272925
0.279575
0.285550
0.291425
0.303600
0.311125
0.313075
0.324550
0.327125
0.329925
0.332750
0.333425
0.341900
0.343575
0.354200
0.358400
0.359250
0.382625
0.385725
0.386575
0.387975
0.401825
0.403075
0.409275
0.414825
0.416725
0.421200
0.421950
0.424150
0.425875
0.427925
0.432575
0.438800
0.447300
0.448950
0.455350
0.455525
0.463575
0.468900
0.469225
0.469700
0.475650
0.475950
0.480425
0.480500
0.485725
0.487300
0.488225
0.492100
0.492625
0.494250
0.499625
0.500025
0.506450
0.512275
0.518225
0.523375
0.528450
0.531100
0.536700
0.538575
0.542075
0.549450
0.550775
0.557175
0.565575
0.570300
0.576950
0.577875
0.583350
0.593550
0.595825
0.600975
0.606675
0.613450
0.617175
0.622925
0.631150
0.632025
0.648875
0.652125
0.653000
0.657000
0.657400
0.657700
0.658275
0.660250
0.665975
0.683625
0.695375
0.698750
0.699000
0.699875
0.707900
0.709225
0.711625
0.719850
0.723875
0.728650
0.729350
0.730800
0.733350
0.733375
0.737450
0.739750
0.749725
0.771250
0.772350
0.775300
0.775325
0.778475
0.790875
0.794025
0.811250
0.821025
0.824200
0.834900
0.838250
0.840200
0.841225
0.847275
0.850325
0.851050
0.853025
0.855600
0.866625
0.871925
0.873750
0.887500
0.907500
0.919350
0.921650
0.930225
0.930725
0.942550
0.950600
0.969450
0.973475
0.979675
0.980400
0.994850
1.002375
1.012050
1.023850
1.030000
1.056100
1.088950
1.090775
1.110075
1.183125
1.186200
1.201150
1.204350
1.212950
1.229700
1.258475
1.271525
1.272750
1.299375
1.299875
1.308025
1.346375
1.348825
1.361050
1.390650
1.403100
1.407525
1.415800
1.466225
1.529450
1.531550
1.538975
1.539175
1.568725
1.590175
1.641150
1.658225
1.733450
1.909075
1.943925
1.991575
2.004150
2.026575
2.231875
2.360575
2.394125
247
