0.013725
0.017975
0.020200
0.022175
0.022475
0.025950
0.026750
0.038575
0.046925
0.056675
0.062625
0.063050
0.063675
0.067900
0.068025
0.069450
0.072750
0.073550
0.077500
0.091375
0.094475
0.094750
0.096675
0.097600
0.107075
0.107800
0.114500
0.114650
0.114975
0.116375
0.121750
0.130275
0.146675
0.147175
0.149975
0.152700
0.153875
0.158750
0.169575
0.172375
0.173700
0.177500
0.178275
0.180350
0.182850
0.188400
0.193375
0.195425
0.195525
0.206975
0.211525
0.213725
0.215150
0.218875
0.219025
0.219300
0.225450
0.226400
0.231500
0.236975
0.243825
0.244550
0.246725
0.250000
0.251100
0.251375
0.259425
0.266600
0.272125
0.276350
0.286825
0.287450
0.291800
0.295175
0.295325
0.302250
0.310425
0.321400
0.335500
0.341925
0.345125
0.353550
0.354175
0.355700
0.356550
0.359975
0.364975
0.367575
0.372475
0.375950
0.391050
0.402850
0.403950
0.409775
0.412475
0.426225
0.434975
0.454400
0.459300
0.462400
0.462400
0.467150
0.469025
0.497975
0.510100
0.512175
0.514975
0.524500
0.525075
0.526150
0.526950
0.533125
0.536975
0.538725
0.542100
0.546300
0.548675
0.550300
0.563200
0.564825
0.568400
0.574525
0.575550
0.583150
0.585550
0.587575
0.588950
0.594200
0.596000
0.596200
0.596225
0.596575
0.600700
0.601175
0.602375
0.625700
0.631875
0.632150
0.635275
0.635775
0.636275
0.643550
0.647100
0.648000
0.651550
0.652525
0.655100
0.658675
0.659650
0.664350
0.674500
0.693725
0.694400
0.695850
0.700350
0.700400
0.707175
0.709525
0.718300
0.725750
0.726000
0.728050
0.732675
0.736125
0.740975
0.742800
0.743850
0.748100
0.749325
0.757575
0.764275
0.787775
0.791475
0.793200
0.798625
0.804325
0.809275
0.809425
0.811625
0.830575
0.851225
0.852825
0.852900
0.854800
0.855800
0.863700
0.863800
0.871325
0.874000
0.875775
0.882325
0.892300
0.893950
0.894475
0.899350
0.902475
0.929650
0.936950
0.953175
0.961700
0.963775
0.967725
0.968525
0.970500
0.974575
0.979050
0.986625
1.000675
1.011525
1.014425
1.024125
1.030850
1.040900
1.042175
1.042450
1.051525
1.076450
1.090400
1.092000
1.107375
1.120250
1.130850
1.166000
1.170200
1.173100
1.219900
1.223575
1.228600
1.237775
1.277525
1.279250
1.287950
1.294125
1.298225
1.304375
1.307375
1.322600
1.358325
1.358575
1.445300
1.448550
1.457575
1.464425
1.610575
1.749725
1.767950
1.853625
2.048575
2.053975
2.056425
2.099925
2.127750
2.169100
2.278650
254
