0.008225
0.019625
0.020600
0.024050
0.041050
0.045275
0.046400
0.053975
0.055800
0.059600
0.064100
0.074075
0.075300
0.075650
0.076975
0.081450
0.082300
0.084800
0.085075
0.085475
0.088450
0.090500
0.094050
0.099900
0.105875
0.106075
0.108775
0.110875
0.111950
0.115250
0.116275
0.123000
0.125950
0.127825
0.128100
0.128125
0.129550
0.135975
0.137150
0.153575
0.156600
0.158025
0.163975
0.168375
0.169925
0.170350
0.176700
0.182875
0.183275
0.195050
0.195325
0.195925
0.201825
0.204125
0.204700
0.208925
0.210775
0.215725
0.219050
0.224050
0.228975
0.231250
0.233000
0.252350
0.255100
0.255900
0.259575
0.266950
0.268825
0.269500
0.273325
0.273650
0.274350
0.289075
0.290150
0.293875
0.297150
0.298750
0.299500
0.301600
0.313800
0.314925
0.316850
0.322100
0.322650
0.331725
0.333150
0.333200
0.338350
0.341725
0.348375
0.349225
0.351775
0.356425
0.358750
0.361750
0.367725
0.370400
0.374575
0.376375
0.377325
0.380175
0.380925
0.389600
0.393650
0.396650
0.397100
0.403300
0.405125
0.414925
0.426800
0.435150
0.445350
0.447725
0.448725
0.451425
0.454300
0.454625
0.457525
0.464925
0.466700
0.467675
0.469550
0.470100
0.470725
0.473400
0.476525
0.480075
0.481000
0.482725
0.482800
0.484650
0.486275
0.487200
0.490375
0.492050
0.507250
0.509500
0.511150
0.525325
0.527875
0.528425
0.534175
0.542275
0.543425
0.553725
0.560900
0.575050
0.583550
0.586950
0.587625
0.590900
0.626600
0.629675
0.634650
0.643550
0.644975
0.648225
0.649675
0.661075
0.662975
0.678525
0.681850
0.682300
0.684350
0.688050
0.690175
0.692650
0.692750
0.694550
0.699300
0.699950
0.703375
0.704700
0.713275
0.713675
0.722575
0.728100
0.736925
0.744250
0.747575
0.753475
0.761300
0.764950
0.778975
0.780100
0.781200
0.795450
0.800300
0.802475
0.815650
0.816625
0.819650
0.826075
0.828625
0.845925
0.851700
0.852800
0.855475
0.875025
0.879150
0.885725
0.903550
0.904225
0.912050
0.923725
0.944225
0.947500
0.961375
0.970600
0.973475
0.974775
0.976550
0.983150
0.986275
0.990625
0.990725
1.000425
1.032000
1.038625
1.041875
1.064275
1.083775
1.083900
1.099250
1.129625
1.137775
1.139900
1.141450
1.156450
1.190850
1.212775
1.264550
1.291400
1.293225
1.313475
1.364850
1.467075
1.468875
1.564475
1.648100
1.716325
1.802800
1.861175
1.909800
1.927300
1.995725
2.034675
2.115650
2.141450
2.419825
251
