0.005525
0.009800
0.014925
0.026625
0.027675
0.031800
0.032100
0.033550
0.033925
0.037625
0.059625
0.065875
0.069550
0.078775
0.089450
0.089850
0.092325
0.100450
0.120325
0.120950
0.124050
0.130050
0.132025
0.132075
0.133400
0.137050
0.137100
0.138550
0.138575
0.144400
0.145200
0.145450
0.146375
0.156525
0.162825
0.164700
0.166925
0.166950
0.171050
0.177675
0.185950
0.190125
0.191025
0.194675
0.198800
0.199900
0.211550
0.212850
0.215300
0.227450
0.229750
0.238975
0.240575
0.248150
0.252450
0.260850
0.268750
0.286125
0.288000
0.291500
0.296375
0.297025
0.300975
0.301425
0.301725
0.316125
0.316825
0.323400
0.329475
0.333875
0.337075
0.350425
0.351125
0.356700
0.367950
0.368625
0.374125
0.376850
0.381550
0.385275
0.385950
0.398775
0.405225
0.405625
0.418975
0.430500
0.437250
0.441550
0.445825
0.456175
0.457425
0.461450
0.465950
0.474675
0.477150
0.477450
0.478700
0.479925
0.484575
0.494800
0.498450
0.500075
0.507125
0.508625
0.524675
0.531050
0.544800
0.547650
0.553575
0.556100
0.556475
0.557775
0.563500
0.565950
0.569775
0.570250
0.572050
0.572600
0.575900
0.576575
0.578925
0.582400
0.588075
0.591675
0.600800
0.605600
0.608525
0.617500
0.622975
0.623750
0.625025
0.628125
0.628425
0.629800
0.630500
0.631825
0.637950
0.658125
0.660725
0.663500
0.670250
0.681125
0.681150
0.693350
0.694025
0.699800
0.703725
0.711725
0.712325
0.712500
0.712550
0.720325
0.721500
0.723675
0.728500
0.730275
0.740900
0.746500
0.768200
0.770025
0.784175
0.803875
0.805725
0.813925
0.834650
0.858275
0.867400
0.883225
0.887300
0.891275
0.891550
0.907750
0.908750
0.910150
0.922300
0.936250
0.937275
0.948725
0.949725
0.951075
0.963725
0.965250
0.969050
0.972175
0.972700
0.985575
1.003550
1.021175
1.023925
1.065950
1.081325
1.083150
1.085400
1.101050
1.102625
1.112425
1.116775
1.118325
1.119600
1.131225
1.133625
1.149425
1.156375
1.182875
1.194450
1.200800
1.218100
1.222075
1.232050
1.238125
1.240700
1.256325
1.257075
1.257675
1.291100
1.297350
1.300950
1.336825
1.343700
1.364500
1.386125
1.407025
1.408650
1.417625
1.436550
1.450100
1.477850
1.490275
1.498075
1.522500
1.540200
1.547025
1.550125
1.588650
1.846100
2.066475
2.160950
2.266525
2.314225
2.348150
2.406225
241
