0.007175
0.009150
0.009675
0.014625
0.018275
0.018275
0.019250
0.019575
0.021150
0.028700
0.028950
0.033250
0.039050
0.041525
0.045550
0.045900
0.051375
0.056550
0.069750
0.075650
0.076725
0.081150
0.082325
0.093625
0.105350
0.111425
0.111850
0.112875
0.128900
0.130975
0.139575
0.139975
0.143275
0.153900
0.154850
0.164625
0.172550
0.173150
0.177450
0.178750
0.195425
0.202800
0.204775
0.205925
0.211700
0.214975
0.218975
0.223200
0.223800
0.229775
0.230500
0.230775
0.234300
0.247525
0.250450
0.254075
0.264875
0.274350
0.284725
0.297925
0.306825
0.314400
0.315850
0.316675
0.317100
0.319425
0.323200
0.333400
0.348250
0.349450
0.360200
0.362575
0.368225
0.377925
0.380125
0.382225
0.382975
0.389475
0.399675
0.401925
0.408600
0.408950
0.413300
0.422450
0.424875
0.425400
0.427200
0.433975
0.434175
0.434675
0.435075
0.436450
0.441700
0.444775
0.450850
0.455175
0.455625
0.456125
0.458250
0.459725
0.465375
0.465975
0.469375
0.469500
0.474925
0.480000
0.481875
0.483225
0.489200
0.491500
0.492300
0.496750
0.501800
0.504050
0.508725
0.510575
0.512900
0.515425
0.524650
0.532000
0.535225
0.541175
0.541300
0.549200
0.554200
0.554900
0.556475
0.561175
0.561825
0.568425
0.570175
0.571900
0.576175
0.577475
0.580025
0.581000
0.591275
0.597625
0.607350
0.612850
0.622025
0.622325
0.624150
0.625325
0.627700
0.631100
0.635475
0.646175
0.647900
0.652750
0.652825
0.653475
0.654275
0.658125
0.663100
0.663450
0.682600
0.684175
0.688900
0.689100
0.690400
0.695475
0.696175
0.700650
0.702775
0.706175
0.710325
0.712400
0.712800
0.713150
0.716125
0.716375
0.719350
0.720100
0.727725
0.728750
0.729475
0.733275
0.733675
0.734875
0.735900
0.736500
0.738400
0.738675
0.750500
0.754150
0.760825
0.764775
0.771425
0.776675
0.778150
0.796350
0.801450
0.805300
0.809200
0.817650
0.817900
0.824900
0.832275
0.835350
0.836750
0.838175
0.854725
0.855700
0.862600
0.873650
0.874200
0.884050
0.889775
0.891075
0.911875
0.912350
0.916175
0.917250
0.922525
0.930375
0.931025
0.935025
0.939600
0.943825
0.950000
0.950700
0.955875
0.962025
0.966975
0.974450
0.979700
0.997675
1.001275
1.003775
1.005325
1.020200
1.022200
1.023375
1.035000
1.039150
1.060325
1.098100
1.098200
1.107400
1.111550
1.114400
1.120725
1.126700
1.131600
1.142250
1.152425
1.196350
1.197250
1.211650
1.218375
1.223625
1.245600
1.261925
1.274150
1.315725
1.373225
1.384500
1.386425
1.393475
1.416350
1.429650
1.445150
1.450700
1.469575
1.507725
1.526400
1.602725
1.690950
1.724800
1.898300
2.015575
2.044725
2.062075
2.186775
2.446875
2.450675
277
