0.010000
0.013725
0.016275
0.018475
0.019600
0.019725
0.020775
0.021375
0.022200
0.024575
0.026150
0.029075
0.029975
0.036100
0.043075
0.048850
0.054025
0.060275
0.065750
0.078425
0.078575
0.083075
0.088975
0.094550
0.098800
0.099850
0.103900
0.105350
0.107825
0.108225
0.111825
0.113150
0.114025
0.121625
0.123825
0.126425
0.134900
0.147900
0.154675
0.167525
0.169225
0.170300
0.173725
0.188100
0.191250
0.194925
0.200200
0.203275
0.208275
0.214275
0.216550
0.217825
0.223800
0.224700
0.225475
0.228225
0.236450
0.239350
0.242100
0.245750
0.247425
0.247525
0.250750
0.266050
0.274600
0.288025
0.291575
0.292350
0.304725
0.310200
0.318400
0.320300
0.321125
0.323075
0.323575
0.324225
0.339800
0.346900
0.361725
0.362725
0.387000
0.388850
0.393400
0.394375
0.397200
0.413300
0.413650
0.416500
0.424350
0.425225
0.426825
0.435125
0.438375
0.439225
0.450250
0.474375
0.475450
0.477475
0.483800
0.489525
0.494675
0.499025
0.499750
0.502800
0.503175
0.505550
0.509525
0.510000
0.510300
0.511050
0.511525
0.516375
0.517075
0.524150
0.525075
0.534025
0.534925
0.535350
0.535550
0.544050
0.544225
0.546675
0.546950
0.550325
0.552075
0.552300
0.554775
0.566175
0.567350
0.569275
0.570625
0.571250
0.571300
0.573375
0.589575
0.592000
0.592200
0.599400
0.610375
0.611200
0.613825
0.615475
0.616075
0.617200
0.618925
0.620275
0.622050
0.626300
0.626650
0.626775
0.628800
0.630825
0.647375
0.651700
0.652075
0.653325
0.654775
0.672250
0.685650
0.689675
0.693275
0.694200
0.698900
0.699200
0.703150
0.710800
0.715900
0.739850
0.742025
0.742025
0.744575
0.760575
0.763525
0.765600
0.766100
0.769350
0.776825
0.782225
0.782375
0.782425
0.788450
0.794975
0.796750
0.811375
0.819550
0.819675
0.822250
0.826750
0.835925
0.841800
0.846325
0.847575
0.852825
0.855950
0.862175
0.868825
0.869200
0.875250
0.883550
0.884100
0.886325
0.888175
0.892800
0.900900
0.906025
0.914025
0.915150
0.919500
0.920625
0.924925
0.934100
0.937750
0.949400
0.956550
0.957400
0.958775
0.970000
0.971475
1.003400
1.052325
1.053125
1.064525
1.065850
1.084925
1.087000
1.100425
1.112825
1.135325
1.175200
1.192625
1.205275
1.232350
1.236375
1.237900
1.284275
1.360225
1.396350
1.398200
1.411450
1.435675
1.466125
1.467800
1.499725
1.520075
1.537950
1.545200
1.632425
1.633100
1.667125
1.675975
1.680050
1.697725
1.917550
1.961975
2.102350
2.148800
2.361300
257
