0.001625
0.002375
0.006150
0.011525
0.013025
0.014350
0.017875
0.020225
0.020450
0.021625
0.022725
0.026050
0.029625
0.031600
0.034550
0.049875
0.050475
0.054700
0.056400
0.059075
0.071675
0.077350
0.080725
0.080850
0.080975
0.082650
0.084125
0.087300
0.094800
0.103975
0.106000
0.106650
0.110800
0.115550
0.125275
0.127100
0.133300
0.139500
0.141525
0.141600
0.152325
0.159025
0.159150
0.159250
0.160725
0.171950
0.179525
0.181175
0.186475
0.186875
0.196025
0.205950
0.212275
0.215550
0.215850
0.222675
0.225450
0.228325
0.229050
0.234350
0.241200
0.243025
0.249375
0.251125
0.253000
0.254425
0.256850
0.268825
0.274825
0.293675
0.300225
0.300850
0.304325
0.305050
0.308000
0.315225
0.316725
0.318975
0.321725
0.323350
0.323600
0.326375
0.331025
0.336500
0.340025
0.342850
0.344800
0.352950
0.355800
0.359050
0.364050
0.375950
0.379550
0.384050
0.394225
0.399850
0.418825
0.421275
0.423025
0.428875
0.435825
0.436450
0.438600
0.442700
0.445625
0.453450
0.458250
0.460150
0.466700
0.478775
0.483625
0.485475
0.485650
0.487100
0.487350
0.488350
0.489450
0.499050
0.499100
0.499725
0.518275
0.520900
0.522575
0.523525
0.523825
0.529650
0.536500
0.537350
0.539700
0.542050
0.542925
0.543575
0.543800
0.556600
0.567300
0.570600
0.570750
0.578600
0.581525
0.592550
0.593875
0.603950
0.609400
0.615150
0.617475
0.626950
0.628875
0.630875
0.632850
0.634350
0.635700
0.637225
0.637250
0.645325
0.647800
0.648075
0.648225
0.654000
0.656250
0.657500
0.659875
0.666400
0.669125
0.675600
0.681200
0.685550
0.686875
0.688300
0.691550
0.702075
0.704900
0.709200
0.715925
0.731050
0.733950
0.736425
0.737725
0.750175
0.758300
0.759350
0.761325
0.762550
0.764150
0.766750
0.771025
0.774275
0.775625
0.781475
0.783225
0.784625
0.792425
0.798575
0.804800
0.818525
0.826825
0.835500
0.855225
0.861850
0.872450
0.876950
0.882000
0.887600
0.890175
0.890600
0.894625
0.908275
0.921275
0.922150
0.932200
0.938350
0.970625
0.977975
0.984325
0.993075
0.995875
1.006050
1.007375
1.009150
1.009450
1.013125
1.031975
1.040775
1.048425
1.049275
1.063600
1.083575
1.085800
1.122975
1.125200
1.126525
1.136375
1.139075
1.155275
1.172925
1.189325
1.189975
1.227350
1.251575
1.255475
1.271850
1.272925
1.283450
1.300175
1.304025
1.313450
1.322000
1.325975
1.331250
1.355250
1.371850
1.396400
1.398825
1.405750
1.431575
1.451100
1.508700
1.550925
1.602375
1.650575
1.660000
1.834325
1.875850
1.912475
1.915100
1.935550
2.020425
2.162475
2.319050
268
