0.000450
0.002250
0.008050
0.015400
0.016425
0.020550
0.022800
0.028700
0.039125
0.046300
0.051625
0.052200
0.052900
0.060600
0.064700
0.066350
0.068075
0.070225
0.074200
0.074575
0.078600
0.079175
0.085875
0.101600
0.102325
0.102850
0.104775
0.107425
0.107625
0.109025
0.111200
0.112050
0.117350
0.121850
0.134175
0.135375
0.141550
0.143425
0.145125
0.145875
0.151075
0.151500
0.153100
0.155900
0.168925
0.172275
0.173550
0.174025
0.179250
0.182800
0.184425
0.185550
0.185750
0.187875
0.188125
0.192100
0.195225
0.196425
0.204375
0.222650
0.233225
0.245675
0.247750
0.250075
0.250925
0.252400
0.265775
0.270600
0.271525
0.276475
0.285100
0.287725
0.288200
0.288700
0.296225
0.299700
0.304575
0.305425
0.309750
0.312900
0.313775
0.316000
0.318000
0.319675
0.328475
0.344425
0.348500
0.349800
0.352250
0.373700
0.386825
0.390550
0.394775
0.404650
0.406300
0.406825
0.409050
0.418900
0.420100
0.431225
0.440025
0.450100
0.451650
0.451700
0.463600
0.473350
0.476675
0.479825
0.485025
0.486975
0.503850
0.508775
0.513800
0.515100
0.517200
0.520200
0.547475
0.556775
0.559875
0.563575
0.563725
0.570475
0.571025
0.573050
0.573625
0.574875
0.575350
0.581750
0.586675
0.588125
0.595150
0.609325
0.611525
0.620125
0.623000
0.625275
0.625775
0.626100
0.627075
0.630425
0.637300
0.641325
0.643850
0.644600
0.644625
0.651875
0.654300
0.655225
0.655275
0.658050
0.658950
0.664625
0.664775
0.668125
0.671200
0.680025
0.682800
0.688550
0.691625
0.695850
0.701950
0.703200
0.703375
0.708325
0.710425
0.713900
0.720475
0.728575
0.737700
0.737825
0.742975
0.745975
0.752525
0.754575
0.756500
0.763850
0.769850
0.775125
0.776925
0.788925
0.793550
0.808375
0.810075
0.819650
0.829200
0.831375
0.831950
0.833500
0.840975
0.843925
0.844150
0.846875
0.866050
0.875825
0.885400
0.885525
0.909175
0.911350
0.917500
0.921750
0.929700
0.934850
0.943600
0.958375
0.966125
0.969075
0.975475
0.977750
0.992025
1.001575
1.019275
1.028350
1.065700
1.066600
1.072225
1.075200
1.077900
1.105225
1.156325
1.181350
1.196825
1.206150
1.216900
1.231625
1.270575
1.275800
1.288700
1.323850
1.344325
1.360925
1.391225
1.416675
1.453975
1.463675
1.469575
1.476175
1.476325
1.591075
1.595950
1.676250
1.811075
1.818150
1.870425
1.958125
2.148650
2.304150
246
