0.002675
0.010800
0.013750
0.018075
0.022375
0.024900
0.027550
0.027825
0.033075
0.058150
0.062000
0.064150
0.076075
0.077300
0.084875
0.087150
0.088900
0.091175
0.103950
0.104150
0.113150
0.122350
0.122600
0.152875
0.154950
0.166075
0.169000
0.172400
0.173425
0.182950
0.185675
0.186925
0.189550
0.193600
0.205800
0.208925
0.212925
0.213625
0.225500
0.226800
0.227225
0.237275
0.237575
0.243100
0.246950
0.247625
0.250450
0.257000
0.268225
0.268300
0.274825
0.275900
0.277100
0.280600
0.287350
0.292700
0.293625
0.295775
0.307425
0.311375
0.313400
0.325625
0.325900
0.340125
0.340950
0.344675
0.349775
0.357050
0.357775
0.359650
0.370275
0.376075
0.377025
0.377275
0.381450
0.384150
0.395425
0.400575
0.405175
0.406300
0.408875
0.409450
0.413250
0.414250
0.417575
0.424475
0.428200
0.429100
0.434550
0.436600
0.441600
0.444375
0.448000
0.449275
0.450900
0.452550
0.460400
0.462550
0.472625
0.477275
0.480925
0.483025
0.497875
0.501825
0.504150
0.507900
0.513975
0.514275
0.517225
0.519600
0.529625
0.529875
0.530325
0.534300
0.535025
0.536200
0.538625
0.540050
0.542675
0.543450
0.544075
0.544100
0.547825
0.550050
0.551850
0.554175
0.558150
0.561375
0.581850
0.586125
0.586550
0.589725
0.595250
0.605125
0.610025
0.610800
0.623550
0.638300
0.640900
0.647175
0.659775
0.663650
0.664475
0.667100
0.673550
0.677525
0.678050
0.681875
0.682950
0.684850
0.688525
0.705075
0.707000
0.725275
0.726850
0.733150
0.740550
0.751500
0.753350
0.757675
0.771450
0.772150
0.777325
0.779925
0.782850
0.786825
0.791700
0.804300
0.809525
0.812350
0.820950
0.821200
0.825850
0.826350
0.827000
0.834400
0.842700
0.849025
0.849500
0.849825
0.872850
0.877300
0.879725
0.883675
0.900800
0.912875
0.914350
0.930425
0.957725
0.959250
0.959725
0.971925
0.974275
0.982550
0.985750
0.986025
0.995025
1.019575
1.021175
1.021175
1.029325
1.035150
1.048350
1.052375
1.058050
1.059050
1.072075
1.084800
1.088150
1.117625
1.142300
1.143425
1.147375
1.152150
1.152650
1.168775
1.188025
1.196075
1.203600
1.206825
1.211125
1.269800
1.287475
1.298075
1.307925
1.366925
1.435850
1.453825
1.497300
1.520125
1.546175
1.546650
1.558400
1.810650
1.831775
1.842425
1.865225
2.012775
2.144650
2.144975
2.311600
2.445400
242
