0.010400
0.019575
0.040000
0.043150
0.045775
0.053900
0.055950
0.057975
0.070025
0.074825
0.077700
0.079550
0.080575
0.085725
0.086100
0.088875
0.097425
0.097850
0.099350
0.100650
0.105950
0.117725
0.123100
0.123350
0.131875
0.135550
0.139200
0.148525
0.159750
0.164175
0.167275
0.168150
0.170175
0.185475
0.195975
0.199975
0.204650
0.210400
0.211800
0.213000
0.215750
0.220150
0.220700
0.225550
0.237675
0.240550
0.244175
0.245525
0.246600
0.249900
0.253025
0.258825
0.263075
0.263875
0.266400
0.268975
0.270250
0.271850
0.275850
0.284900
0.285050
0.292700
0.298475
0.298975
0.300250
0.301675
0.304800
0.314975
0.330575
0.333750
0.334650
0.353825
0.359450
0.361050
0.369200
0.378225
0.379750
0.392025
0.396700
0.403900
0.406350
0.413950
0.416525
0.418975
0.423100
0.429925
0.438600
0.444350
0.445175
0.449925
0.451675
0.455550
0.463100
0.463500
0.472700
0.474850
0.476450
0.481125
0.484400
0.487875
0.491500
0.494225
0.507375
0.536000
0.542825
0.545625
0.545975
0.546000
0.546000
0.548450
0.550300
0.559250
0.560425
0.560500
0.586375
0.588850
0.589250
0.591025
0.592625
0.601800
0.612775
0.614825
0.615525
0.624000
0.627325
0.628250
0.632475
0.634200
0.640500
0.651725
0.653400
0.654925
0.660675
0.668225
0.669025
0.669225
0.672875
0.673450
0.681025
0.681850
0.682500
0.683775
0.684350
0.696550
0.713150
0.718175
0.721075
0.725225
0.726100
0.729350
0.729700
0.736475
0.743075
0.745450
0.749175
0.753850
0.758175
0.759800
0.763600
0.764525
0.770950
0.771525
0.772975
0.777025
0.790225
0.790575
0.794375
0.796525
0.798850
0.799000
0.802675
0.811575
0.823050
0.825000
0.825825
0.830650
0.836675
0.837275
0.844325
0.847025
0.859850
0.862600
0.875050
0.877675
0.884600
0.885775
0.891775
0.900025
0.906350
0.906875
0.909725
0.914575
0.918100
0.922800
0.924400
0.927775
0.929600
0.937475
0.949550
0.950375
0.952475
0.955350
0.958025
0.985650
0.995025
1.001925
1.018425
1.023575
1.039325
1.044175
1.045550
1.069725
1.090225
1.102525
1.109925
1.117975
1.135750
1.147100
1.147775
1.153400
1.164525
1.165425
1.166300
1.212925
1.219625
1.236275
1.251300
1.264150
1.266700
1.277175
1.285325
1.290950
1.299925
1.307000
1.310100
1.337750
1.350150
1.382800
1.391350
1.425600
1.432150
1.468425
1.472575
1.477825
1.499250
1.521025
1.557375
1.627400
1.637650
1.666950
1.695625
1.733750
1.756825
1.790975
1.850800
2.017950
2.031075
2.302600
2.465350
259
