0.011425
0.011625
0.014575
0.029725
0.033775
0.042200
0.046050
0.047100
0.064800
0.070125
0.074950
0.081000
0.083050
0.097550
0.106150
0.120475
0.125900
0.130900
0.135375
0.135800
0.141975
0.142600
0.145075
0.147125
0.154100
0.159875
0.167625
0.170425
0.172425
0.173775
0.176800
0.179725
0.181300
0.195300
0.199600
0.201075
0.204775
0.214125
0.217300
0.230625
0.238975
0.239625
0.240950
0.251450
0.255550
0.259925
0.264275
0.267275
0.267450
0.267975
0.268825
0.279025
0.282300
0.283500
0.290900
0.297125
0.299000
0.309000
0.315775
0.315925
0.318875
0.319625
0.328950
0.330750
0.333650
0.337650
0.345725
0.348100
0.358850
0.359675
0.362525
0.364625
0.365400
0.378400
0.378850
0.379900
0.388425
0.388425
0.389750
0.404475
0.406925
0.416900
0.417125
0.420275
0.421350
0.426650
0.428225
0.435850
0.436875
0.440775
0.445100
0.445300
0.448750
0.450000
0.452025
0.462625
0.500000
0.501650
0.502650
0.504250
0.504475
0.511825
0.514225
0.517100
0.522225
0.524275
0.535525
0.543950
0.544675
0.553150
0.553550
0.562425
0.567375
0.568100
0.572175
0.574175
0.602025
0.602450
0.603975
0.605225
0.615150
0.615175
0.617650
0.617750
0.620900
0.627750
0.634475
0.635625
0.642600
0.643125
0.651925
0.655675
0.660200
0.668850
0.669550
0.671450
0.673425
0.678975
0.679800
0.683350
0.694000
0.698350
0.701400
0.705300
0.714150
0.715050
0.723375
0.725500
0.726525
0.729300
0.740450
0.746550
0.751425
0.753100
0.753975
0.761100
0.762775
0.766400
0.769450
0.772950
0.773125
0.786100
0.789325
0.791500
0.797725
0.800675
0.807650
0.809350
0.834875
0.837700
0.844875
0.846625
0.850025
0.855175
0.897600
0.901125
0.906750
0.934775
0.982150
0.987150
0.996125
1.001025
1.015600
1.019100
1.030025
1.035800
1.037600
1.041975
1.049550
1.054475
1.054975
1.063400
1.066800
1.090175
1.093550
1.095350
1.097025
1.108225
1.109600
1.110675
1.111350
1.127650
1.130900
1.132775
1.142075
1.226675
1.246925
1.250850
1.251450
1.253300
1.263650
1.287625
1.289275
1.301525
1.315825
1.323325
1.324775
1.357150
1.364075
1.377950
1.397025
1.426100
1.441400
1.464175
1.477625
1.477950
1.503050
1.508775
1.538775
1.582950
1.689550
1.696900
1.702025
1.717875
1.863325
1.901900
1.927050
2.079900
238
