0.009725
0.012700
0.015050
0.017325
0.017700
0.033425
0.036400
0.037600
0.040850
0.041150
0.045275
0.050900
0.052850
0.054175
0.065175
0.069400
0.076900
0.082625
0.084800
0.090500
0.096500
0.098050
0.103725
0.104000
0.109925
0.119850
0.120675
0.126400
0.128100
0.130850
0.134675
0.142850
0.148700
0.149700
0.157125
0.157175
0.170375
0.172325
0.186225
0.186225
0.192175
0.194350
0.194875
0.197675
0.200725
0.205775
0.207250
0.209825
0.214550
0.221450
0.224625
0.225425
0.233450
0.234225
0.235800
0.240400
0.242150
0.245275
0.264925
0.269325
0.278075
0.282050
0.286425
0.286475
0.287375
0.293925
0.294925
0.298675
0.307025
0.307800
0.315950
0.318125
0.318600
0.320425
0.330050
0.344700
0.349725
0.353725
0.357200
0.365550
0.368375
0.372025
0.375700
0.377375
0.379275
0.390275
0.392475
0.402225
0.404425
0.425400
0.426175
0.427325
0.427975
0.433600
0.433950
0.444950
0.446800
0.448650
0.459075
0.464000
0.466950
0.468750
0.475175
0.479175
0.490100
0.491325
0.495125
0.496550
0.497525
0.506225
0.508400
0.509300
0.513000
0.515125
0.518900
0.520775
0.531600
0.533000
0.542550
0.543875
0.549625
0.550400
0.555275
0.555875
0.561275
0.564825
0.566275
0.577850
0.586975
0.596525
0.600300
0.603825
0.605700
0.610450
0.610875
0.612275
0.621075
0.633150
0.635950
0.639075
0.641875
0.645075
0.650200
0.651500
0.652050
0.662850
0.676200
0.677925
0.678550
0.681525
0.687100
0.687175
0.687250
0.689150
0.693850
0.696275
0.698500
0.708425
0.716300
0.725900
0.726300
0.731900
0.733975
0.741325
0.742725
0.748850
0.751150
0.771625
0.774100
0.781375
0.786375
0.789450
0.793425
0.798650
0.799725
0.816875
0.827625
0.832150
0.834950
0.840925
0.852450
0.858100
0.863125
0.864375
0.869175
0.873425
0.878425
0.885850
0.896375
0.900050
0.915175
0.925825
0.926625
0.926625
0.932975
0.935425
0.937550
0.938450
0.938725
0.941300
0.948525
0.957350
0.974150
0.975950
0.987075
0.999800
1.029475
1.036000
1.036800
1.044775
1.068450
1.068975
1.072975
1.073825
1.090150
1.108975
1.137550
1.151300
1.164725
1.201550
1.210850
1.244325
1.304275
1.323150
1.327325
1.338950
1.385750
1.444375
1.473925
1.516800
1.520050
1.545200
1.545550
1.584075
1.593900
1.635550
1.728725
1.741025
1.978200
1.991850
2.004175
2.126975
2.143650
2.144650
2.201075
245
