0.006400
0.007150
0.010125
0.010425
0.013325
0.020950
0.021325
0.037800
0.039725
0.046825
0.047450
0.077450
0.080000
0.080575
0.083725
0.086875
0.088850
0.089850
0.094125
0.095450
0.097300
0.100650
0.106275
0.107875
0.113125
0.118600
0.119250
0.131050
0.133000
0.144775
0.150125
0.153350
0.158625
0.160450
0.170675
0.173175
0.175275
0.175775
0.176175
0.176375
0.177375
0.177800
0.181950
0.185050
0.185450
0.189750
0.190125
0.190150
0.201000
0.207425
0.210625
0.213750
0.216300
0.218675
0.219350
0.221000
0.234800
0.235625
0.240600
0.248350
0.249125
0.249825
0.250200
0.252975
0.254775
0.258350
0.261575
0.266950
0.270950
0.271425
0.279350
0.283025
0.288625
0.290975
0.297325
0.299500
0.303925
0.307100
0.313350
0.313975
0.316625
0.319525
0.324650
0.339250
0.344450
0.348525
0.350525
0.353500
0.354950
0.355875
0.357225
0.362025
0.363550
0.369050
0.372475
0.373825
0.374575
0.375600
0.380925
0.382825
0.386450
0.392400
0.396200
0.396675
0.396900
0.398650
0.400175
0.401400
0.405875
0.411025
0.412025
0.423075
0.423200
0.426225
0.430250
0.430250
0.433025
0.449075
0.452975
0.453225
0.456550
0.458200
0.463125
0.468375
0.479300
0.480825
0.485075
0.485825
0.495250
0.495725
0.500175
0.507175
0.508825
0.512150
0.512825
0.514600
0.523975
0.530700
0.532100
0.542175
0.546575
0.566100
0.578125
0.581325
0.581975
0.585050
0.588125
0.592775
0.595200
0.601175
0.601475
0.603025
0.605300
0.610875
0.617850
0.635025
0.636825
0.637675
0.648975
0.652525
0.653900
0.655625
0.660025
0.666125
0.667050
0.667100
0.668850
0.673175
0.678400
0.687275
0.687575
0.689975
0.690925
0.691325
0.692775
0.695825
0.701200
0.703075
0.706250
0.709575
0.712675
0.718775
0.719100
0.720000
0.724150
0.726750
0.733425
0.734825
0.736600
0.740575
0.764825
0.766550
0.783375
0.787325
0.793875
0.798775
0.800775
0.813850
0.822075
0.823100
0.823275
0.823500
0.826125
0.831625
0.855750
0.857525
0.859600
0.860300
0.864850
0.868675
0.901425
0.904900
0.917350
0.924900
0.933500
0.943300
0.943775
0.952825
0.976575
1.001425
1.006925
1.010225
1.012925
1.015075
1.034975
1.053050
1.054050
1.070525
1.075625
1.088275
1.122550
1.122675
1.144275
1.145375
1.159950
1.162400
1.194525
1.195075
1.196850
1.214025
1.218550
1.247475
1.266225
1.276750
1.284275
1.353300
1.380125
1.420900
1.421200
1.426100
1.712000
1.728500
1.774000
1.785375
1.871975
2.144900
2.264325
2.361050
258
