0.001975
0.002050
0.003675
0.014225
0.018600
0.019350
0.030350
0.030675
0.031550
0.038450
0.045825
0.049525
0.061625
0.070175
0.071775
0.071850
0.097900
0.098400
0.098600
0.099200
0.109475
0.112225
0.113425
0.119250
0.128325
0.128550
0.131425
0.135625
0.136600
0.137125
0.138625
0.139050
0.145525
0.145775
0.148975
0.153400
0.155175
0.158100
0.160825
0.172350
0.173975
0.174050
0.176300
0.182750
0.185000
0.187575
0.191150
0.193175
0.203950
0.204175
0.204425
0.208200
0.214025
0.217500
0.218350
0.222800
0.228125
0.230325
0.233700
0.241750
0.248100
0.255150
0.255475
0.267200
0.286950
0.287775
0.297125
0.303850
0.305850
0.308725
0.309150
0.312025
0.316425
0.319975
0.324200
0.326575
0.343050
0.347800
0.350650
0.355175
0.365125
0.365575
0.372175
0.374875
0.380925
0.406800
0.410300
0.419450
0.419475
0.421150
0.422700
0.429300
0.431000
0.451050
0.456150
0.468625
0.469000
0.482825
0.483500
0.486125
0.487025
0.489000
0.489325
0.490175
0.514400
0.516450
0.521150
0.524025
0.527925
0.530425
0.533975
0.534350
0.536225
0.543975
0.546125
0.550325
0.555200
0.557475
0.558925
0.559200
0.572675
0.575525
0.578600
0.580975
0.583100
0.586800
0.593875
0.600650
0.612400
0.616675
0.627775
0.629750
0.631250
0.635725
0.636175
0.640275
0.650700
0.650900
0.656075
0.659575
0.667125
0.667625
0.675325
0.676475
0.679050
0.684875
0.687925
0.697550
0.698800
0.714050
0.722350
0.729350
0.742825
0.749075
0.752050
0.767925
0.774825
0.779250
0.791425
0.792050
0.814150
0.816800
0.818000
0.835325
0.836600
0.837100
0.841875
0.850050
0.852650
0.857600
0.863050
0.864650
0.870300
0.884750
0.892225
0.894875
0.897425
0.904300
0.906175
0.921200
0.928100
0.929425
0.934425
0.937175
0.941875
0.942875
0.946925
0.952925
0.954175
0.955875
0.956100
0.962700
0.966500
0.977575
0.977650
0.992100
0.997650
1.035100
1.043500
1.064400
1.078375
1.080950
1.082100
1.097675
1.100400
1.102375
1.106925
1.128600
1.142125
1.158075
1.158925
1.159800
1.168875
1.182175
1.185725
1.190750
1.197625
1.203150
1.204175
1.204550
1.218075
1.219900
1.248625
1.252750
1.285375
1.365350
1.376275
1.389900
1.447475
1.493925
1.509125
1.521725
1.540400
1.615000
1.619575
1.777325
1.924250
1.954700
2.126100
2.216750
2.373175
241
