0.002500
0.002550
0.003100
0.017125
0.023475
0.031500
0.037200
0.040075
0.049650
0.053350
0.055750
0.057800
0.071500
0.074500
0.075800
0.085075
0.092700
0.093825
0.096950
0.097475
0.109550
0.110200
0.116100
0.116950
0.121550
0.126700
0.135025
0.148400
0.155825
0.157000
0.157725
0.161775
0.165325
0.165600
0.167300
0.169375
0.172600
0.178650
0.180150
0.181175
0.184175
0.190200
0.192575
0.202200
0.205575
0.221375
0.222200
0.223400
0.223900
0.225000
0.231825
0.233100
0.237075
0.238625
0.242350
0.244875
0.247500
0.250775
0.252225
0.267525
0.270825
0.280900
0.285375
0.285875
0.290800
0.297925
0.298150
0.301075
0.302000
0.303425
0.306650
0.319675
0.329100
0.336925
0.347700
0.363025
0.365075
0.366100
0.368075
0.368425
0.368550
0.368950
0.375400
0.377650
0.384100
0.385575
0.390250
0.397825
0.399800
0.403300
0.406300
0.408825
0.420225
0.420350
0.420475
0.425275
0.427025
0.439300
0.442775
0.442850
0.446975
0.452075
0.463725
0.464600
0.477750
0.484450
0.485275
0.486400
0.490575
0.492500
0.499025
0.503425
0.511900
0.517675
0.523300
0.525125
0.525750
0.527875
0.530000
0.532650
0.535175
0.536675
0.538600
0.539375
0.544500
0.553550
0.557550
0.557575
0.562675
0.565000
0.570075
0.577300
0.589500
0.604900
0.612925
0.615425
0.618300
0.618375
0.619075
0.621050
0.633750
0.638125
0.639900
0.647400
0.655175
0.655250
0.657625
0.662600
0.665525
0.671275
0.680550
0.690950
0.691600
0.692425
0.700450
0.703725
0.708675
0.709650
0.717350
0.718475
0.722475
0.724175
0.725175
0.727225
0.730850
0.730975
0.739225
0.744100
0.753575
0.756925
0.758850
0.773475
0.776175
0.790650
0.796875
0.797650
0.801525
0.805525
0.809800
0.820850
0.831575
0.843475
0.850525
0.853175
0.855375
0.859825
0.862375
0.863200
0.866625
0.869750
0.880275
0.880900
0.884625
0.898425
0.922475
0.951925
0.956725
0.963325
0.967300
0.986850
0.987875
1.001875
1.020325
1.025475
1.032075
1.065100
1.067550
1.088750
1.096925
1.129275
1.138750
1.140225
1.153950
1.159800
1.169250
1.171350
1.178800
1.179900
1.202950
1.207800
1.222350
1.239600
1.251500
1.263600
1.264475
1.264625
1.272875
1.311600
1.320525
1.322850
1.330700
1.338650
1.362700
1.369400
1.388775
1.393400
1.404350
1.421375
1.470900
1.477425
1.494375
1.524475
1.543575
1.581575
1.605525
1.744675
1.832400
1.859850
1.880250
1.995800
2.006350
2.041175
2.250525
253
