0.006450
0.009875
0.014175
0.025775
0.028875
0.033375
0.041675
0.042125
0.043350
0.047200
0.051900
0.052050
0.056850
0.057750
0.061825
0.070925
0.071725
0.087325
0.097250
0.099675
0.103225
0.103350
0.104775
0.107550
0.117300
0.131975
0.137100
0.139625
0.140175
0.150450
0.153475
0.156800
0.157725
0.164625
0.195675
0.195675
0.198200
0.198875
0.198925
0.204200
0.205225
0.214275
0.223275
0.226650
0.235525
0.238275
0.245400
0.245850
0.249375
0.250050
0.260600
0.263200
0.267400
0.268300
0.271300
0.271925
0.273525
0.279225
0.279250
0.279325
0.283200
0.285725
0.293725
0.295900
0.298475
0.300075
0.305700
0.310075
0.312200
0.313575
0.327600
0.330775
0.336600
0.339450
0.341825
0.352475
0.363350
0.371875
0.373300
0.374475
0.380450
0.382900
0.385125
0.390325
0.397925
0.400400
0.408825
0.414150
0.414550
0.421775
0.425300
0.427175
0.443525
0.453275
0.457825
0.484300
0.487750
0.489725
0.491850
0.498050
0.499550
0.513375
0.516450
0.531925
0.538450
0.548275
0.548675
0.550025
0.550050
0.558075
0.558700
0.565075
0.566325
0.567025
0.578225
0.581800
0.588500
0.591675
0.602000
0.623950
0.624975
0.626500
0.628675
0.628750
0.630400
0.631175
0.632850
0.643175
0.645250
0.650875
0.651525
0.658925
0.663025
0.665325
0.677100
0.677750
0.678650
0.690050
0.691575
0.696575
0.698125
0.700450
0.712750
0.722750
0.729325
0.740125
0.746875
0.747850
0.757400
0.757875
0.762050
0.789400
0.801475
0.817450
0.821500
0.823800
0.823950
0.831300
0.835175
0.840700
0.847075
0.851175
0.851550
0.867775
0.881825
0.890300
0.896825
0.902825
0.906150
0.913550
0.914500
0.915650
0.918925
0.919875
0.927700
0.930000
0.930875
0.945250
0.945750
0.953550
0.964150
0.977175
0.992125
0.993200
1.003575
1.020600
1.031925
1.037675
1.045650
1.061025
1.078600
1.090100
1.125200
1.126975
1.146150
1.152050
1.157400
1.158575
1.164125
1.167250
1.182125
1.190050
1.192425
1.209400
1.223375
1.248775
1.285875
1.288850
1.294800
1.300800
1.305175
1.322450
1.334675
1.357075
1.393100
1.485825
1.497525
1.527775
1.530475
1.554975
1.585225
1.602150
1.634750
1.648925
1.653700
1.666175
1.797025
1.798600
1.813275
1.838625
1.847775
1.855350
1.917200
1.935350
2.080500
2.242675
2.491625
237
