0.000500
0.001700
0.009175
0.013625
0.020150
0.025725
0.034175
0.035875
0.040375
0.047275
0.048675
0.052975
0.062400
0.063150
0.063725
0.064700
0.066275
0.066425
0.078000
0.082475
0.084025
0.086675
0.088425
0.091475
0.094600
0.104775
0.112025
0.133225
0.134875
0.139425
0.140975
0.147175
0.151950
0.155050
0.161525
0.161900
0.166100
0.168875
0.176550
0.177250
0.184750
0.190350
0.197375
0.198400
0.200975
0.203425
0.203525
0.211925
0.212900
0.215850
0.227850
0.230825
0.231850
0.232925
0.240550
0.241025
0.243200
0.244675
0.245825
0.249600
0.250325
0.256000
0.258925
0.263025
0.264075
0.265025
0.266050
0.271275
0.272775
0.284425
0.288800
0.294325
0.296100
0.296575
0.298150
0.299000
0.301325
0.307700
0.309475
0.329250
0.330300
0.331025
0.333800
0.334825
0.340150
0.341550
0.342525
0.349375
0.350075
0.351150
0.353075
0.360550
0.363825
0.368375
0.368600
0.374900
0.375225
0.380325
0.382750
0.388575
0.394050
0.395825
0.396225
0.408200
0.409025
0.410325
0.410975
0.422375
0.424500
0.437300
0.438850
0.442575
0.444325
0.447925
0.448150
0.457575
0.461225
0.470150
0.474075
0.483950
0.486975
0.492250
0.498550
0.500500
0.506400
0.518900
0.521000
0.521200
0.521475
0.527925
0.539625
0.540375
0.549675
0.550250
0.550525
0.552850
0.561375
0.564575
0.567725
0.578100
0.578200
0.580050
0.590900
0.596650
0.600250
0.600500
0.607325
0.613050
0.619025
0.623000
0.626925
0.629225
0.634100
0.638425
0.640325
0.646725
0.672375
0.673375
0.674200
0.683000
0.686625
0.691925
0.692675
0.697450
0.698875
0.703900
0.704500
0.706775
0.724700
0.732475
0.741725
0.743350
0.749775
0.756475
0.758725
0.772700
0.773725
0.776050
0.777225
0.780125
0.784325
0.794975
0.795850
0.796075
0.796900
0.810375
0.826625
0.828825
0.835750
0.839400
0.845550
0.852175
0.854925
0.864300
0.869325
0.874700
0.888975
0.891275
0.897750
0.907800
0.915925
0.966525
0.980950
0.981325
0.985600
1.002150
1.010125
1.041450
1.045475
1.048150
1.049275
1.053125
1.104300
1.131850
1.177700
1.205000
1.256375
1.264750
1.282850
1.287600
1.299850
1.348125
1.367125
1.386575
1.412600
1.414125
1.417600
1.450025
1.450800
1.451425
1.473650
1.492325
1.543400
1.566400
1.584275
1.705350
1.716400
2.028100
2.054400
2.237775
2.333000
241
