0.000375
0.002925
0.012150
0.012475
0.015050
0.022100
0.024650
0.026100
0.026350
0.034575
0.035525
0.048225
0.048900
0.052600
0.054425
0.060700
0.068150
0.080375
0.081075
0.082925
0.085725
0.086750
0.090750
0.091575
0.095100
0.101725
0.105800
0.108500
0.111450
0.112050
0.112475
0.113300
0.132150
0.136050
0.144950
0.147000
0.152725
0.155400
0.166550
0.169325
0.171475
0.172000
0.175975
0.192950
0.196000
0.198175
0.199300
0.201625
0.202900
0.204700
0.206700
0.207725
0.210300
0.210625
0.219300
0.221725
0.225750
0.227675
0.229350
0.236275
0.239700
0.250000
0.257225
0.260400
0.260775
0.261900
0.267400
0.272300
0.276275
0.278050
0.278525
0.280325
0.281625
0.283200
0.285125
0.286450
0.290025
0.291100
0.291425
0.293625
0.298650
0.299750
0.300475
0.301600
0.301950
0.313700
0.313750
0.315600
0.315675
0.315675
0.318300
0.318475
0.327025
0.334175
0.348450
0.356600
0.359450
0.360450
0.368150
0.377250
0.381000
0.382625
0.391475
0.392750
0.393425
0.393850
0.394775
0.396125
0.396650
0.398375
0.402050
0.404475
0.406400
0.412000
0.412375
0.421950
0.434950
0.435125
0.437575
0.447000
0.453750
0.458275
0.464700
0.469575
0.471825
0.479850
0.486200
0.486675
0.507125
0.513350
0.516525
0.533225
0.536450
0.537525
0.540050
0.540850
0.542725
0.543425
0.543950
0.547600
0.549825
0.553400
0.556375
0.556550
0.572575
0.574700
0.575600
0.577700
0.579250
0.581475
0.587750
0.592600
0.598225
0.604800
0.605050
0.607850
0.614275
0.614275
0.614825
0.619050
0.622550
0.625825
0.628625
0.631900
0.633300
0.639125
0.642700
0.645700
0.651825
0.657925
0.660125
0.660300
0.663725
0.665050
0.673650
0.675250
0.678600
0.686050
0.692150
0.692775
0.694900
0.697450
0.697750
0.699400
0.700925
0.708700
0.709600
0.712650
0.715850
0.718575
0.724975
0.731450
0.732100
0.738175
0.739625
0.740625
0.742425
0.745925
0.754525
0.770525
0.771750
0.775400
0.776200
0.785450
0.789375
0.798625
0.800700
0.801250
0.802075
0.812400
0.826025
0.836125
0.838525
0.838975
0.839600
0.846025
0.846550
0.851725
0.853625
0.890850
0.893125
0.912275
0.912900
0.920725
0.924550
0.930925
0.933700
0.939825
0.941425
0.967825
0.975625
0.979900
1.011750
1.026550
1.053025
1.060525
1.061525
1.096525
1.097675
1.098775
1.102050
1.138950
1.165850
1.176425
1.194725
1.198800
1.200325
1.207400
1.208400
1.213600
1.218775
1.225275
1.233550
1.237300
1.249025
1.281450
1.336925
1.353375
1.360875
1.403075
1.404150
1.437450
1.459575
1.466225
1.565750
1.600425
1.772150
1.789275
2.145700
2.286100
2.426175
271
