0.007650
0.018825
0.018975
0.020100
0.020950
0.021850
0.046800
0.076575
0.078450
0.078850
0.085300
0.101225
0.102875
0.102925
0.103325
0.104200
0.105150
0.106000
0.114400
0.116625
0.121700
0.128650
0.134100
0.136200
0.146325
0.147675
0.147825
0.155525
0.159750
0.161900
0.164475
0.166225
0.166225
0.182050
0.189425
0.202925
0.205450
0.213050
0.213925
0.215075
0.215650
0.215975
0.219350
0.229925
0.230825
0.241125
0.241425
0.247700
0.249775
0.250400
0.252175
0.254050
0.257975
0.258250
0.259050
0.267650
0.273850
0.275525
0.275725
0.278200
0.282275
0.282275
0.287075
0.288025
0.291250
0.297975
0.305550
0.308550
0.322675
0.323400
0.326075
0.326525
0.330950
0.334875
0.338275
0.341200
0.348825
0.348850
0.350850
0.352375
0.357425
0.367675
0.373375
0.375100
0.375725
0.379075
0.380600
0.384950
0.392200
0.401775
0.411075
0.420450
0.429100
0.430100
0.436275
0.436700
0.439150
0.442025
0.448925
0.451150
0.451500
0.462050
0.464275
0.468375
0.470450
0.471425
0.472700
0.474125
0.480825
0.495775
0.497875
0.498300
0.513675
0.518825
0.520700
0.521275
0.527300
0.528975
0.531275
0.537575
0.539300
0.540700
0.542425
0.545900
0.549200
0.552300
0.555900
0.559625
0.560125
0.561925
0.566450
0.572075
0.579250
0.586025
0.589700
0.594775
0.595700
0.598875
0.599675
0.599950
0.601100
0.607025
0.618625
0.628625
0.630300
0.632300
0.634050
0.638400
0.639375
0.648375
0.665525
0.668550
0.670150
0.677100
0.682300
0.684800
0.687675
0.692100
0.709050
0.710050
0.710525
0.711275
0.714850
0.717625
0.722175
0.724000
0.726275
0.733275
0.734700
0.737525
0.744400
0.757050
0.757675
0.758650
0.763875
0.763925
0.767400
0.770450
0.782650
0.786125
0.799525
0.800500
0.802725
0.812450
0.815000
0.841500
0.842200
0.862750
0.869300
0.882175
0.899850
0.900500
0.907700
0.909050
0.914175
0.923250
0.929550
0.943975
0.949325
0.949600
0.951275
0.952075
0.952875
0.955550
0.958475
0.960875
0.968425
0.969100
0.984375
0.990850
0.991325
0.993150
1.029250
1.040650
1.047225
1.051550
1.052425
1.063450
1.066275
1.081350
1.084475
1.098700
1.114625
1.115400
1.162600
1.189900
1.207125
1.210700
1.211575
1.249825
1.251725
1.277900
1.281675
1.307725
1.314275
1.347575
1.354975
1.371875
1.373350
1.383100
1.392300
1.402050
1.440925
1.441075
1.522450
1.596525
1.605150
1.648950
2.143675
2.453925
250
