0.007725
0.008000
0.009650
0.010125
0.010575
0.011825
0.013800
0.014050
0.015900
0.019325
0.020825
0.026625
0.026725
0.026925
0.028275
0.029125
0.040050
0.044925
0.048700
0.061525
0.063650
0.064825
0.067175
0.073625
0.074175
0.076875
0.082925
0.091050
0.095075
0.096475
0.113475
0.116275
0.116975
0.119625
0.121325
0.122450
0.128825
0.132225
0.133150
0.135025
0.135825
0.136350
0.153925
0.166025
0.167750
0.181500
0.186425
0.186425
0.187750
0.190000
0.195200
0.197650
0.199150
0.204525
0.205750
0.206875
0.214275
0.225100
0.242200
0.242225
0.244700
0.250200
0.256925
0.259950
0.265975
0.272775
0.273300
0.279475
0.279475
0.279850
0.288275
0.288900
0.289775
0.290075
0.292900
0.295350
0.297200
0.305100
0.310025
0.313650
0.314325
0.315075
0.315500
0.315700
0.320875
0.321575
0.321625
0.324350
0.346775
0.353450
0.354225
0.362450
0.366050
0.369200
0.369600
0.373975
0.375925
0.379250
0.381275
0.388425
0.388550
0.388950
0.391100
0.396925
0.400250
0.403450
0.403850
0.415750
0.425125
0.425600
0.425650
0.435375
0.440800
0.446700
0.450000
0.450075
0.451400
0.456300
0.462950
0.463100
0.471550
0.471650
0.479050
0.479175
0.480525
0.482850
0.483625
0.491675
0.492925
0.499600
0.500750
0.519975
0.522500
0.529350
0.530000
0.531125
0.533550
0.539600
0.545875
0.562350
0.566850
0.584100
0.591875
0.598775
0.606550
0.608375
0.618000
0.618425
0.618600
0.620625
0.625275
0.629450
0.632775
0.635675
0.642125
0.645400
0.648950
0.654600
0.657625
0.662325
0.662450
0.675100
0.679625
0.690875
0.695425
0.696850
0.698050
0.698275
0.700050
0.710600
0.712000
0.714975
0.717550
0.718700
0.731725
0.735925
0.742375
0.743275
0.750175
0.765100
0.774000
0.776775
0.777800
0.781475
0.783325
0.783350
0.784300
0.784700
0.790100
0.797275
0.797375
0.820275
0.826075
0.844175
0.857400
0.859525
0.860700
0.861500
0.866600
0.878025
0.878375
0.885775
0.886950
0.897025
0.905900
0.907600
0.907950
0.908700
0.911450
0.916550
0.926900
0.934250
0.939850
0.941175
0.944450
0.974250
0.987125
0.988475
0.995075
0.999550
1.000125
1.004450
1.015175
1.018650
1.022525
1.038100
1.047200
1.057475
1.058800
1.064600
1.072650
1.097625
1.102150
1.105300
1.106825
1.110925
1.118975
1.124625
1.129300
1.132725
1.133600
1.145600
1.147200
1.150700
1.171625
1.173325
1.175050
1.192875
1.196425
1.234675
1.243125
1.244000
1.253025
1.261650
1.282700
1.292150
1.293700
1.294025
1.329425
1.335175
1.352725
1.359250
1.383875
1.389600
1.402975
1.434625
1.437775
1.446350
1.472725
1.497050
1.512475
1.538700
1.540400
1.587050
1.632700
1.677575
1.805775
1.926325
1.976975
2.100750
2.190950
281
