0.001075
0.002600
0.006800
0.019250
0.028475
0.035775
0.055650
0.057700
0.059775
0.065600
0.080650
0.094350
0.096775
0.098575
0.099425
0.101450
0.105200
0.108275
0.116050
0.120675
0.120825
0.124525
0.128125
0.139525
0.150475
0.151800
0.154025
0.156025
0.164850
0.165725
0.172475
0.175975
0.186150
0.187400
0.188250
0.188950
0.192675
0.202150
0.203475
0.206300
0.208000
0.211625
0.212775
0.214600
0.218625
0.230375
0.231075
0.234500
0.238025
0.243850
0.244125
0.244650
0.245400
0.246525
0.247850
0.250525
0.252150
0.253425
0.259375
0.261550
0.271175
0.272550
0.277625
0.283825
0.288950
0.289575
0.294325
0.294425
0.302700
0.302875
0.304475
0.312500
0.313725
0.318450
0.323400
0.327075
0.329575
0.331875
0.333550
0.339325
0.344250
0.353250
0.354050
0.356225
0.360700
0.365800
0.368750
0.374875
0.375250
0.380500
0.380975
0.381975
0.392475
0.397175
0.400100
0.403325
0.406650
0.408250
0.431300
0.436725
0.437700
0.442900
0.452350
0.453200
0.455700
0.456500
0.466675
0.481350
0.481800
0.482425
0.490200
0.497700
0.499750
0.513375
0.515725
0.516550
0.520175
0.521975
0.530275
0.531550
0.532950
0.538100
0.538200
0.542225
0.550400
0.552575
0.555625
0.561250
0.563200
0.570675
0.572425
0.581125
0.587250
0.587650
0.592200
0.599100
0.611425
0.614900
0.622275
0.623200
0.630200
0.630475
0.630775
0.635175
0.635825
0.638225
0.640325
0.641100
0.643525
0.644750
0.658950
0.664750
0.677450
0.679225
0.685075
0.685275
0.695200
0.698125
0.698200
0.699300
0.699900
0.706250
0.709925
0.711200
0.712350
0.715100
0.717250
0.718325
0.724275
0.727525
0.728075
0.731625
0.744725
0.745100
0.749700
0.754250
0.758350
0.785350
0.788725
0.790625
0.793025
0.798425
0.806150
0.824675
0.828225
0.838500
0.839900
0.847325
0.847725
0.854875
0.856075
0.858525
0.867000
0.874900
0.879475
0.886950
0.888475
0.890825
0.893125
0.902375
0.904300
0.905100
0.907625
0.912450
0.912600
0.914900
0.924975
0.927075
0.930700
0.935675
0.938400
0.950950
0.956950
0.963750
0.968250
0.970100
0.977000
0.978100
0.979425
0.981275
0.981325
0.984875
0.985550
1.001300
1.007750
1.017350
1.017975
1.026000
1.032500
1.034525
1.034750
1.040650
1.050600
1.057000
1.078250
1.109875
1.111800
1.111925
1.154950
1.158200
1.216625
1.313850
1.318325
1.329650
1.332650
1.359625
1.366775
1.378275
1.378425
1.401300
1.421175
1.428300
1.432550
1.437650
1.438850
1.459150
1.481550
1.488100
1.497575
1.543175
1.626075
1.632700
1.643300
1.648325
1.812475
1.833900
1.891175
1.936525
2.151400
2.354625
2.366575
2.375150
272
