0.002400
0.020775
0.021050
0.022425
0.025975
0.028375
0.030000
0.032475
0.034075
0.049975
0.050900
0.054050
0.058850
0.059950
0.063375
0.064025
0.065175
0.080225
0.080800
0.085350
0.087075
0.088125
0.088700
0.089525
0.092375
0.096525
0.106100
0.109050
0.112400
0.115350
0.117250
0.117500
0.135225
0.138525
0.141575
0.148050
0.156075
0.158725
0.161425
0.163400
0.163500
0.164725
0.169325
0.171500
0.178650
0.185750
0.186025
0.204500
0.204575
0.205800
0.207525
0.207650
0.208525
0.212925
0.216925
0.220575
0.222175
0.224375
0.230250
0.234600
0.236600
0.240000
0.242575
0.244200
0.253500
0.257475
0.259350
0.260825
0.261825
0.262125
0.266650
0.267375
0.271850
0.273825
0.276450
0.288400
0.310500
0.314950
0.316175
0.318000
0.321475
0.322375
0.323450
0.325300
0.326275
0.336275
0.337275
0.338725
0.340900
0.343200
0.346125
0.351050
0.351650
0.354350
0.356825
0.358875
0.361675
0.362925
0.363025
0.366075
0.369800
0.374775
0.384700
0.393275
0.399500
0.401325
0.407400
0.411000
0.418625
0.427925
0.429450
0.432800
0.436000
0.439700
0.441350
0.444000
0.469000
0.470850
0.485375
0.490525
0.491100
0.492800
0.493200
0.494450
0.495600
0.496300
0.503800
0.509125
0.512800
0.526875
0.531825
0.548950
0.550525
0.551075
0.553175
0.558850
0.559450
0.562250
0.562350
0.567875
0.569475
0.580825
0.583000
0.587725
0.592150
0.592550
0.597550
0.604875
0.607550
0.611100
0.611475
0.620475
0.626100
0.629225
0.638650
0.654400
0.664675
0.666525
0.667925
0.668375
0.671475
0.676925
0.680050
0.683825
0.689450
0.692625
0.695400
0.704550
0.709375
0.713675
0.718000
0.718900
0.719200
0.722500
0.725225
0.740950
0.746550
0.753800
0.760200
0.761425
0.761450
0.762125
0.768775
0.769025
0.774075
0.784875
0.789000
0.811950
0.814525
0.816925
0.823575
0.824750
0.829025
0.833725
0.835025
0.837500
0.842950
0.850550
0.855475
0.858850
0.882200
0.884875
0.886225
0.896400
0.899075
0.899500
0.908350
0.918925
0.919125
0.919700
0.920675
0.934250
0.954625
0.962875
0.968350
0.984500
0.987350
1.003475
1.006600
1.012425
1.013200
1.028650
1.029325
1.033200
1.043725
1.051650
1.053450
1.056800
1.064375
1.065775
1.066425
1.077700
1.078475
1.082900
1.086700
1.094425
1.103950
1.118150
1.134075
1.161925
1.166450
1.171675
1.178700
1.190500
1.200225
1.206950
1.229000
1.233675
1.238175
1.239075
1.244100
1.254225
1.258450
1.321600
1.322725
1.351925
1.357575
1.362325
1.395275
1.398400
1.398900
1.400650
1.402000
1.484600
1.485125
1.488300
1.494550
1.520100
1.525625
1.600425
1.602450
1.674525
1.675300
1.710325
1.725575
1.848125
1.899475
1.990350
2.064975
2.095550
2.440575
281
