0.002700
0.017900
0.028200
0.033925
0.039825
0.041625
0.041775
0.049800
0.053475
0.056950
0.067200
0.073400
0.077800
0.079875
0.086750
0.103950
0.109625
0.112350
0.113100
0.115550
0.118475
0.129950
0.130025
0.135850
0.138250
0.141025
0.148400
0.151500
0.175275
0.181800
0.192950
0.193125
0.196600
0.200325
0.203750
0.203775
0.205275
0.205850
0.206275
0.207250
0.209225
0.212275
0.212600
0.223175
0.227250
0.231225
0.236450
0.238275
0.241475
0.243475
0.257825
0.266075
0.268600
0.276875
0.285325
0.285900
0.288800
0.289500
0.290250
0.291550
0.294475
0.294675
0.304975
0.309500
0.320575
0.331475
0.335950
0.340825
0.341725
0.344275
0.348050
0.348125
0.354525
0.357475
0.357600
0.358050
0.360175
0.362025
0.401900
0.402500
0.407875
0.420550
0.428650
0.433875
0.437250
0.439625
0.442125
0.445475
0.452725
0.453675
0.457150
0.460250
0.476350
0.476950
0.477350
0.480675
0.483300
0.490250
0.492000
0.492800
0.495050
0.498500
0.498650
0.509525
0.514700
0.517325
0.517850
0.518250
0.520450
0.524850
0.528025
0.529125
0.534100
0.535025
0.537800
0.557750
0.560075
0.563225
0.565650
0.569175
0.577325
0.580400
0.584850
0.585725
0.587625
0.589550
0.591600
0.596450
0.598450
0.600575
0.600925
0.603325
0.615550
0.617850
0.618275
0.624900
0.630650
0.632800
0.640850
0.644325
0.647950
0.649225
0.652150
0.660125
0.660375
0.663525
0.664025
0.674725
0.694075
0.695650
0.699800
0.715225
0.723000
0.731150
0.731900
0.736750
0.742650
0.743100
0.745650
0.755075
0.759475
0.760825
0.769050
0.769925
0.775500
0.790075
0.790075
0.802475
0.804975
0.812750
0.819650
0.821425
0.829500
0.833350
0.845400
0.851525
0.855475
0.859625
0.864000
0.872925
0.875900
0.885225
0.888800
0.889700
0.892475
0.904700
0.907325
0.917050
0.924050
0.927550
0.930775
0.943000
0.963325
0.963875
0.992175
1.024525
1.040075
1.044650
1.052075
1.058275
1.060775
1.083750
1.096200
1.107800
1.119550
1.123600
1.160800
1.171500
1.181350
1.191525
1.193550
1.200050
1.202825
1.218350
1.227275
1.231600
1.244275
1.244550
1.253750
1.259375
1.266650
1.283125
1.291700
1.293375
1.309400
1.325150
1.327650
1.330825
1.333775
1.358550
1.359050
1.360750
1.370450
1.374400
1.376675
1.397825
1.432250
1.454175
1.471875
1.472750
1.493000
1.569600
1.592025
1.598600
1.663725
1.784200
1.820850
1.827500
1.872675
1.950825
2.192275
2.256625
2.482775
253
