0.001475
0.006225
0.006750
0.009775
0.010400
0.015050
0.030725
0.032575
0.041400
0.042225
0.055225
0.058275
0.064400
0.069750
0.071800
0.072275
0.078275
0.079225
0.084625
0.087625
0.088225
0.088650
0.089325
0.097925
0.105775
0.113025
0.120325
0.129675
0.138325
0.138900
0.140350
0.144950
0.145275
0.148175
0.149100
0.159000
0.161200
0.165600
0.171175
0.178125
0.182975
0.186625
0.194525
0.199700
0.211750
0.214800
0.223675
0.224500
0.225450
0.233900
0.238750
0.240375
0.241300
0.242125
0.250775
0.257450
0.262000
0.268025
0.276150
0.278075
0.279800
0.285425
0.295425
0.303200
0.304475
0.306250
0.308875
0.312575
0.314625
0.314950
0.322050
0.324050
0.324350
0.335025
0.340150
0.341975
0.348525
0.351800
0.352900
0.353225
0.354100
0.354800
0.356550
0.357825
0.358300
0.363575
0.380100
0.381625
0.391000
0.401875
0.402725
0.410475
0.410575
0.413375
0.414225
0.415125
0.416150
0.424900
0.430300
0.431350
0.431850
0.440800
0.447200
0.454475
0.454550
0.458150
0.461650
0.468750
0.472825
0.473050
0.474050
0.481700
0.483175
0.484225
0.494225
0.497825
0.498750
0.499600
0.504450
0.510925
0.527150
0.530850
0.533825
0.544525
0.548300
0.550250
0.554025
0.561500
0.563275
0.566325
0.567375
0.572900
0.573525
0.582050
0.589975
0.594000
0.598900
0.600625
0.601775
0.607250
0.610150
0.610350
0.612700
0.613125
0.614000
0.619775
0.622150
0.637850
0.638150
0.638400
0.639500
0.642300
0.649050
0.655575
0.658900
0.667500
0.669675
0.673425
0.703650
0.707150
0.710125
0.711700
0.715150
0.715300
0.723350
0.727425
0.728825
0.738225
0.738900
0.741925
0.745800
0.752300
0.757975
0.764900
0.770750
0.772375
0.773575
0.779625
0.784800
0.785075
0.785450
0.789700
0.794300
0.796525
0.802775
0.816650
0.817725
0.823300
0.831550
0.835675
0.838150
0.841875
0.845325
0.846200
0.850175
0.852325
0.860775
0.861725
0.862825
0.863900
0.917950
0.919825
0.920900
0.923075
0.929750
0.932825
0.933050
0.938125
0.951500
0.998875
1.001625
1.001950
1.003950
1.009250
1.038125
1.059125
1.061400
1.071550
1.090375
1.092150
1.118425
1.132650
1.133825
1.141925
1.152500
1.158975
1.209725
1.219950
1.225025
1.235850
1.253725
1.261125
1.261875
1.264425
1.293825
1.342825
1.355800
1.375550
1.401675
1.409375
1.475850
1.501675
1.502700
1.608125
1.644575
1.712575
1.718925
1.951150
1.957875
2.092550
2.124575
2.135850
2.147350
2.271000
2.353100
255
