0.007625
0.010025
0.012075
0.012750
0.019250
0.023950
0.025975
0.038675
0.048550
0.048625
0.051325
0.057350
0.059175
0.059675
0.063500
0.070950
0.072000
0.077875
0.081250
0.086750
0.086950
0.088850
0.089500
0.104850
0.104875
0.110150
0.112025
0.112500
0.113475
0.117900
0.120850
0.122050
0.129400
0.140925
0.143175
0.157950
0.167550
0.168900
0.174150
0.174150
0.174175
0.178375
0.182850
0.187225
0.191325
0.194700
0.194800
0.196000
0.209300
0.224125
0.228150
0.228525
0.228900
0.229025
0.231250
0.232025
0.235475
0.242850
0.244050
0.244975
0.245475
0.248225
0.260475
0.260675
0.261075
0.264000
0.268175
0.279700
0.290100
0.292750
0.298750
0.302150
0.308325
0.310200
0.318850
0.319800
0.322025
0.322175
0.327375
0.329975
0.333250
0.344625
0.344775
0.350475
0.351000
0.352750
0.354950
0.359150
0.360925
0.386425
0.390275
0.390750
0.391725
0.400225
0.405050
0.406700
0.412375
0.424925
0.435100
0.436975
0.439300
0.450225
0.450950
0.451150
0.458350
0.463825
0.465225
0.469975
0.470575
0.476675
0.479875
0.481025
0.487300
0.487325
0.525925
0.532275
0.544925
0.549800
0.555825
0.564600
0.566825
0.572575
0.580700
0.580725
0.583525
0.590325
0.591400
0.597425
0.601150
0.601250
0.605250
0.623900
0.635200
0.636100
0.639325
0.645450
0.649025
0.650350
0.665475
0.670550
0.672600
0.673150
0.673250
0.675925
0.679600
0.683375
0.688550
0.688925
0.691475
0.699525
0.700500
0.702625
0.704875
0.707525
0.708400
0.711925
0.719450
0.720100
0.724150
0.728375
0.729675
0.731475
0.733025
0.737200
0.743775
0.743825
0.751925
0.757500
0.764600
0.765925
0.766050
0.771300
0.772825
0.781600
0.784275
0.787725
0.789575
0.791000
0.795450
0.804525
0.808625
0.811600
0.814475
0.816750
0.830075
0.841475
0.843375
0.848250
0.848450
0.851200
0.851650
0.893900
0.894875
0.908675
0.911825
0.919725
0.921225
0.935600
0.939550
0.941800
0.945925
0.950325
0.950925
0.966425
0.975600
0.977825
0.981775
0.993075
0.994375
0.994375
0.995175
0.999525
1.014900
1.024400
1.036675
1.081750
1.087125
1.095100
1.101775
1.104725
1.134975
1.144150
1.168175
1.177050
1.186675
1.198425
1.205025
1.206925
1.210875
1.223175
1.224475
1.246500
1.280700
1.294600
1.301375
1.309100
1.334825
1.368025
1.382300
1.401750
1.418925
1.431750
1.434175
1.474450
1.489700
1.521650
1.525000
1.535200
1.571850
1.649950
1.734650
1.776625
1.780700
1.827025
1.863450
1.930750
2.072575
2.329025
2.378475
259
