0.006675
0.010900
0.011850
0.029700
0.031150
0.040725
0.044725
0.047900
0.057025
0.058350
0.062700
0.063025
0.070325
0.074575
0.076125
0.096425
0.098625
0.099475
0.105850
0.108400
0.108750
0.110225
0.117600
0.121975
0.124625
0.125725
0.127625
0.127650
0.131050
0.138450
0.139800
0.142125
0.146975
0.147700
0.149100
0.150275
0.159325
0.167125
0.172175
0.198325
0.204175
0.211225
0.212800
0.216400
0.219950
0.222525
0.225925
0.227025
0.234125
0.241850
0.257300
0.262700
0.263925
0.265300
0.268575
0.271675
0.273425
0.305475
0.306650
0.311550
0.311700
0.314500
0.318350
0.324775
0.335600
0.340600
0.352375
0.356825
0.356950
0.358400
0.360225
0.362450
0.362875
0.364500
0.365750
0.369100
0.376400
0.377700
0.388225
0.389250
0.411100
0.416325
0.419025
0.420625
0.430950
0.432675
0.443700
0.450275
0.460275
0.462725
0.464925
0.467750
0.475150
0.485375
0.496675
0.498600
0.498850
0.510625
0.514175
0.515200
0.517025
0.522075
0.523250
0.525575
0.530950
0.531900
0.535475
0.535750
0.536975
0.538100
0.538800
0.540075
0.543900
0.548625
0.553275
0.562825
0.571650
0.577450
0.597650
0.601750
0.609550
0.612700
0.620400
0.624200
0.629050
0.638800
0.645000
0.647000
0.658575
0.694225
0.696400
0.697225
0.699250
0.702975
0.705500
0.709450
0.712700
0.712875
0.713300
0.715550
0.721625
0.731625
0.737375
0.738100
0.743975
0.745575
0.763900
0.771400
0.782400
0.786725
0.787550
0.795525
0.795875
0.803400
0.818300
0.831600
0.840825
0.846550
0.848425
0.853000
0.865575
0.865875
0.867625
0.872850
0.883075
0.897200
0.897725
0.898000
0.903650
0.904250
0.904875
0.904975
0.905950
0.915925
0.919050
0.919775
0.926825
0.928125
0.933525
0.972350
0.973425
0.979950
0.986475
0.998750
1.000200
1.034675
1.042775
1.058075
1.060575
1.101975
1.111475
1.116500
1.121025
1.125675
1.176775
1.183225
1.220800
1.221975
1.238400
1.256075
1.273450
1.292900
1.293800
1.316125
1.351225
1.351250
1.370800
1.373325
1.494500
1.502925
1.510775
1.532625
1.535175
1.546850
1.610650
1.638075
1.666800
1.693575
1.718925
1.736900
1.748200
1.797175
1.877525
1.958375
2.151575
2.446775
226
