0.002675
0.012050
0.016825
0.017575
0.028150
0.030150
0.039725
0.042000
0.043475
0.056400
0.058325
0.059425
0.060975
0.066950
0.068250
0.069000
0.070275
0.070800
0.074325
0.077725
0.078225
0.090975
0.099600
0.103425
0.103900
0.104875
0.108400
0.108775
0.119600
0.125875
0.131450
0.133500
0.136875
0.136975
0.141725
0.144625
0.157875
0.159175
0.160925
0.161725
0.162375
0.164650
0.166300
0.167075
0.168725
0.168750
0.173975
0.180525
0.181550
0.186525
0.186850
0.193800
0.193900
0.200275
0.201750
0.202650
0.209900
0.214200
0.214750
0.225375
0.228775
0.228950
0.237325
0.237950
0.238425
0.239575
0.241225
0.245025
0.247550
0.249700
0.251425
0.252225
0.258400
0.267125
0.275800
0.277350
0.280900
0.282275
0.282550
0.283150
0.284775
0.286825
0.287750
0.290550
0.292900
0.312775
0.316525
0.317425
0.318075
0.319700
0.321450
0.325950
0.330500
0.334150
0.337225
0.337700
0.340500
0.343350
0.350825
0.352675
0.354075
0.356875
0.357575
0.357950
0.359025
0.365975
0.368250
0.377100
0.378075
0.389900
0.393250
0.405150
0.405525
0.415175
0.415325
0.418125
0.427150
0.440300
0.450450
0.460450
0.462825
0.465375
0.476100
0.479075
0.479675
0.489650
0.490300
0.493025
0.506200
0.509075
0.509825
0.513500
0.518950
0.519650
0.520175
0.522800
0.523175
0.523450
0.526975
0.529600
0.534625
0.548975
0.553925
0.556425
0.564700
0.569475
0.572775
0.579200
0.586850
0.588000
0.589525
0.603600
0.608400
0.611450
0.621575
0.622750
0.623175
0.627450
0.647175
0.652775
0.662950
0.665100
0.670425
0.670675
0.672100
0.672125
0.673675
0.680050
0.680875
0.682525
0.684925
0.687775
0.693700
0.694675
0.697700
0.701925
0.704825
0.706375
0.709975
0.713100
0.718900
0.722525
0.724050
0.736200
0.737350
0.737725
0.753150
0.753500
0.754225
0.755575
0.758675
0.767100
0.775375
0.775950
0.782450
0.782600
0.785125
0.791000
0.791400
0.794275
0.799175
0.802675
0.805700
0.809650
0.828300
0.833900
0.842625
0.846150
0.847875
0.848700
0.852800
0.854575
0.862775
0.866000
0.866550
0.876725
0.877000
0.878800
0.880850
0.881750
0.885200
0.885850
0.885975
0.912250
0.924925
0.937075
0.946700
0.957250
0.960825
0.966075
0.973700
0.976575
0.978875
0.985100
0.988150
0.988275
0.995375
0.995675
1.022550
1.026650
1.047925
1.050025
1.054450
1.061525
1.061750
1.064550
1.068100
1.081850
1.083075
1.086550
1.101550
1.116475
1.140025
1.140675
1.145850
1.146275
1.161750
1.208050
1.223000
1.225975
1.243575
1.249275
1.272625
1.275025
1.281200
1.303125
1.375950
1.386725
1.395800
1.440100
1.457900
1.499150
1.509675
1.515600
1.541100
1.554425
1.567425
1.590000
1.603700
1.613875
1.631325
1.641375
1.642100
1.642175
1.704925
1.739400
1.740475
1.782825
1.828000
1.905125
1.988800
2.003550
2.013475
2.068200
2.129225
2.330925
296
