0.014800
0.023975
0.037900
0.040475
0.046850
0.048950
0.052875
0.053375
0.054450
0.055175
0.057450
0.059150
0.065575
0.075775
0.081875
0.083175
0.087525
0.088275
0.101850
0.103650
0.110725
0.111775
0.116675
0.118850
0.123800
0.133500
0.138150
0.140100
0.140100
0.145025
0.155550
0.165250
0.175925
0.177900
0.191925
0.193900
0.195125
0.198200
0.200000
0.203300
0.204650
0.204900
0.208275
0.210375
0.225250
0.235525
0.236550
0.240025
0.244000
0.244625
0.264050
0.266650
0.267125
0.269925
0.273975
0.285150
0.290575
0.290600
0.290825
0.292775
0.295150
0.295925
0.296850
0.300850
0.320850
0.326975
0.328050
0.332350
0.355650
0.368675
0.371875
0.374800
0.381300
0.381775
0.383600
0.384575
0.386175
0.392475
0.404775
0.409150
0.413525
0.417400
0.433250
0.435400
0.437100
0.458875
0.464400
0.475000
0.476850
0.478975
0.479850
0.480750
0.489250
0.495300
0.496975
0.497625
0.497875
0.498350
0.499825
0.518725
0.523725
0.528225
0.530275
0.546750
0.550325
0.552025
0.552150
0.554475
0.560250
0.563550
0.564100
0.571850
0.577150
0.581275
0.584000
0.587250
0.589000
0.591400
0.599325
0.608950
0.613275
0.613775
0.613850
0.622550
0.626200
0.633775
0.643350
0.645525
0.650175
0.653975
0.658400
0.664675
0.666775
0.667600
0.674475
0.679725
0.682075
0.687350
0.687625
0.688350
0.691475
0.702375
0.706900
0.715775
0.717100
0.723225
0.723750
0.732000
0.737775
0.749100
0.751150
0.752875
0.755675
0.761000
0.779900
0.781775
0.782700
0.782775
0.786875
0.794900
0.803050
0.807175
0.810000
0.812475
0.824750
0.840825
0.844400
0.860450
0.860800
0.868450
0.871050
0.873450
0.876825
0.878050
0.879875
0.883400
0.906750
0.907925
0.949475
0.955150
0.958500
0.962825
0.965100
0.996375
1.002125
1.002625
1.010475
1.016950
1.017025
1.022975
1.035825
1.036350
1.052025
1.081725
1.109600
1.113775
1.117475
1.121175
1.139525
1.168550
1.199525
1.210425
1.225475
1.238350
1.257100
1.269375
1.275225
1.327950
1.332050
1.347250
1.389800
1.417600
1.544925
1.566100
1.568450
1.595075
1.617625
1.752950
1.897575
1.925250
2.009925
2.137050
2.138650
2.176825
2.241025
2.345425
226
