0.006600
0.010150
0.014475
0.017975
0.020000
0.022650
0.023300
0.024725
0.026325
0.029700
0.029850
0.030600
0.032450
0.033250
0.037775
0.041100
0.049500
0.053750
0.059150
0.064975
0.071100
0.074725
0.077450
0.077675
0.078650
0.080775
0.085325
0.089225
0.093600
0.093925
0.098500
0.103200
0.115175
0.115900
0.118175
0.124700
0.127575
0.131425
0.132850
0.133450
0.139175
0.140275
0.143225
0.145175
0.146200
0.151275
0.155800
0.156900
0.168600
0.169950
0.177925
0.184975
0.185725
0.188850
0.204950
0.220425
0.221575
0.240975
0.255675
0.260650
0.260700
0.264350
0.271775
0.275550
0.286550
0.292550
0.293250
0.303000
0.312950
0.316250
0.320875
0.322250
0.324350
0.336775
0.344750
0.353225
0.353550
0.357225
0.370750
0.373050
0.373625
0.375750
0.378825
0.381200
0.383825
0.385200
0.390725
0.394925
0.402450
0.402950
0.405050
0.405050
0.419650
0.420075
0.420200
0.434750
0.437425
0.442750
0.448150
0.452425
0.457050
0.457650
0.457950
0.461000
0.464700
0.465850
0.472075
0.477100
0.480550
0.482775
0.484250
0.485225
0.490700
0.510100
0.512150
0.515525
0.519250
0.527325
0.528375
0.540450
0.543950
0.549225
0.549975
0.559600
0.562025
0.563550
0.568675
0.571000
0.578300
0.586975
0.594500
0.595300
0.598950
0.599050
0.603325
0.605500
0.606750
0.608200
0.613275
0.623875
0.628850
0.631150
0.634075
0.635650
0.635950
0.636675
0.638275
0.654350
0.657475
0.658675
0.658800
0.659125
0.668400
0.671125
0.676350
0.679150
0.680650
0.680750
0.687600
0.694300
0.696875
0.708075
0.718475
0.723975
0.724375
0.725425
0.728400
0.731725
0.733450
0.734075
0.738400
0.745800
0.755775
0.759625
0.764525
0.768475
0.782475
0.786175
0.794825
0.798400
0.800425
0.805150
0.807900
0.820925
0.823350
0.829800
0.832075
0.832250
0.837400
0.839450
0.865900
0.875300
0.883725
0.884150
0.892225
0.893950
0.904425
0.908950
0.909675
0.914025
0.916675
0.937925
0.939850
0.942375
0.946150
0.947325
0.947450
0.958750
0.971700
0.977025
0.992750
1.001300
1.005250
1.014125
1.024475
1.025600
1.026825
1.033225
1.034700
1.038950
1.045675
1.060050
1.080675
1.081375
1.083375
1.101725
1.123925
1.127900
1.133975
1.138800
1.146900
1.167100
1.174200
1.184750
1.194950
1.211950
1.230450
1.234550
1.240425
1.263625
1.308625
1.318075
1.324200
1.331425
1.370225
1.371150
1.372625
1.389450
1.405025
1.432875
1.446450
1.446500
1.456825
1.462300
1.469475
1.484850
1.519350
1.549725
1.555850
1.588175
1.607350
1.639875
1.648175
1.671800
1.699950
1.723625
1.936500
2.047650
2.131850
2.203525
270
