0.007750
0.009500
0.015850
0.018350
0.019350
0.022600
0.024050
0.026150
0.026450
0.027300
0.028350
0.029925
0.033475
0.037175
0.038450
0.040775
0.043150
0.050050
0.052325
0.053625
0.054725
0.056400
0.066850
0.079275
0.091375
0.091725
0.106975
0.124000
0.128375
0.130800
0.132725
0.141650
0.143775
0.144075
0.146425
0.149325
0.150550
0.153100
0.153225
0.158700
0.162750
0.164750
0.171750
0.174450
0.182875
0.184025
0.185525
0.189150
0.195950
0.196325
0.206900
0.208750
0.212125
0.214375
0.218400
0.223700
0.228925
0.234800
0.246400
0.248525
0.250325
0.251325
0.253825
0.263000
0.266825
0.268900
0.269525
0.278675
0.279025
0.283900
0.290050
0.291650
0.293325
0.293550
0.301075
0.312000
0.313875
0.316025
0.317550
0.320575
0.336825
0.340625
0.342150
0.353825
0.353975
0.360825
0.360850
0.361725
0.365525
0.369925
0.374100
0.376775
0.378300
0.385200
0.385775
0.389375
0.389400
0.392925
0.393700
0.399200
0.411350
0.414500
0.417900
0.419875
0.421025
0.425650
0.438025
0.441325
0.445225
0.446825
0.447125
0.447975
0.453425
0.458075
0.462725
0.463525
0.464450
0.465200
0.465975
0.467475
0.468350
0.473350
0.479500
0.481675
0.492950
0.495700
0.505775
0.507150
0.513850
0.515425
0.519375
0.531200
0.538700
0.542100
0.544500
0.545025
0.548000
0.548550
0.557750
0.559650
0.576175
0.592750
0.593050
0.601575
0.602075
0.604325
0.605400
0.613925
0.614750
0.615375
0.615575
0.622000
0.633975
0.636625
0.642800
0.648000
0.651950
0.652050
0.654425
0.657150
0.665900
0.671775
0.676525
0.678625
0.693325
0.701000
0.701300
0.712350
0.712525
0.713250
0.716050
0.717375
0.719675
0.720075
0.722375
0.738875
0.741200
0.744600
0.753325
0.753625
0.758450
0.770175
0.771100
0.777375
0.780075
0.785100
0.785975
0.792825
0.806575
0.814575
0.819875
0.824300
0.833225
0.851175
0.870075
0.888425
0.896725
0.900275
0.931750
0.933475
0.934000
0.947600
0.948675
0.975000
0.980350
0.984900
0.987550
0.990275
0.990575
0.994950
0.996175
1.000900
1.006400
1.008325
1.015400
1.023950
1.031900
1.043750
1.048075
1.052450
1.071050
1.082400
1.089875
1.093100
1.096875
1.111800
1.119425
1.135975
1.137400
1.145950
1.150575
1.152925
1.155650
1.161875
1.181450
1.181850
1.186100
1.187825
1.199175
1.201825
1.209125
1.216700
1.304075
1.304850
1.308400
1.315075
1.398575
1.407475
1.409275
1.430675
1.433425
1.479400
1.499775
1.503375
1.517250
1.518350
1.518900
1.541375
1.658600
1.662250
1.694300
1.696800
1.785975
1.809100
1.859050
1.926300
2.239400
267
