0.000975
0.014500
0.024500
0.032550
0.036600
0.039025
0.040500
0.045450
0.047550
0.048100
0.058575
0.061975
0.062425
0.071175
0.072300
0.099275
0.103850
0.107600
0.131325
0.138200
0.140475
0.153325
0.158500
0.166125
0.167250
0.179350
0.200675
0.201525
0.204700
0.209375
0.213200
0.218200
0.218600
0.229725
0.230375
0.231025
0.232925
0.235175
0.241700
0.243425
0.249375
0.254900
0.262025
0.263300
0.265375
0.272050
0.273275
0.281600
0.290525
0.293025
0.294875
0.296700
0.299275
0.305325
0.311000
0.314525
0.323200
0.325350
0.328425
0.329275
0.331525
0.331800
0.333350
0.337525
0.340300
0.340600
0.352700
0.356775
0.358900
0.361900
0.368875
0.370200
0.372300
0.389275
0.390175
0.391975
0.392975
0.396875
0.412000
0.418525
0.423300
0.429700
0.433875
0.436250
0.437675
0.441975
0.443950
0.444600
0.452150
0.455075
0.470925
0.471875
0.472125
0.474500
0.491150
0.496100
0.497325
0.507925
0.513925
0.514775
0.536875
0.537775
0.544100
0.554700
0.559700
0.566325
0.568325
0.568800
0.572550
0.576400
0.580050
0.580450
0.589875
0.596200
0.597275
0.605775
0.606650
0.609300
0.622050
0.622500
0.641375
0.662025
0.666850
0.679600
0.686225
0.688875
0.715475
0.716075
0.717375
0.719075
0.724925
0.728050
0.732150
0.734900
0.742450
0.755925
0.758725
0.764125
0.768125
0.769125
0.770850
0.782175
0.785400
0.802625
0.825375
0.826100
0.827125
0.830450
0.832200
0.834625
0.837550
0.847975
0.850300
0.874425
0.885625
0.890525
0.911800
0.913325
0.921650
0.923575
0.941675
0.942750
0.945425
0.954550
0.956200
0.979175
0.982200
0.993150
0.997575
1.000400
1.011900
1.013025
1.017050
1.024125
1.035100
1.054325
1.054500
1.068050
1.076550
1.111175
1.116625
1.128800
1.143550
1.151575
1.165675
1.172750
1.176200
1.179275
1.180225
1.195550
1.242025
1.243775
1.256025
1.258000
1.269425
1.292125
1.296500
1.315625
1.316500
1.322225
1.325700
1.355125
1.378925
1.379850
1.405850
1.447325
1.496775
1.552425
1.579850
1.581875
1.599375
1.706950
1.730750
1.778300
1.810950
1.828150
1.836700
1.926125
1.936250
2.046700
2.088625
2.300700
2.375550
223
