0.002450
0.013850
0.036600
0.037225
0.038400
0.042200
0.044450
0.046625
0.047325
0.059550
0.065825
0.066525
0.066975
0.070325
0.073400
0.081925
0.082175
0.085300
0.090800
0.094075
0.094850
0.103475
0.104500
0.112375
0.114225
0.116400
0.122700
0.124175
0.124850
0.131100
0.138900
0.144725
0.158750
0.160275
0.163450
0.171575
0.175725
0.178325
0.179150
0.180775
0.184550
0.188650
0.204400
0.208050
0.216500
0.217025
0.219750
0.220350
0.225300
0.247875
0.253900
0.255200
0.257625
0.257825
0.260950
0.274875
0.276075
0.276400
0.278775
0.282150
0.286875
0.287250
0.289300
0.290950
0.291475
0.292025
0.301875
0.305350
0.305900
0.308200
0.315775
0.319975
0.321250
0.322375
0.333975
0.335400
0.337975
0.339750
0.340100
0.342575
0.342900
0.355175
0.357700
0.358450
0.361800
0.364825
0.367825
0.373425
0.375400
0.378425
0.380700
0.391025
0.396675
0.397050
0.398325
0.405000
0.406000
0.408150
0.411000
0.421350
0.422900
0.425975
0.427375
0.436950
0.445750
0.459950
0.461350
0.462075
0.465500
0.467600
0.468500
0.470175
0.472100
0.492575
0.521175
0.525125
0.526000
0.526125
0.526900
0.535175
0.537325
0.538650
0.540825
0.541050
0.542375
0.545050
0.570050
0.570175
0.577325
0.579350
0.599100
0.607825
0.612975
0.616900
0.626700
0.626750
0.627550
0.631875
0.634550
0.635400
0.636200
0.640250
0.646725
0.647025
0.648300
0.648875
0.650050
0.651675
0.654925
0.660350
0.665925
0.667900
0.668875
0.669650
0.676675
0.678600
0.690500
0.703925
0.704100
0.708950
0.711750
0.719525
0.727100
0.733750
0.743225
0.757725
0.762375
0.762525
0.767600
0.773175
0.782275
0.794800
0.795075
0.797200
0.801025
0.801575
0.804325
0.809625
0.809825
0.815600
0.817050
0.833850
0.834350
0.838550
0.838600
0.839100
0.841325
0.844025
0.849850
0.852575
0.855175
0.856900
0.864525
0.881925
0.925225
0.955650
0.963975
0.974225
0.976850
0.991925
0.994575
1.003875
1.004675
1.005875
1.006775
1.006925
1.009000
1.011425
1.013825
1.014025
1.022300
1.025400
1.027475
1.044675
1.046450
1.047800
1.056500
1.069600
1.073550
1.084375
1.119225
1.136825
1.163375
1.175525
1.181275
1.191675
1.195650
1.207400
1.208675
1.214950
1.220225
1.279850
1.298275
1.298425
1.300225
1.311400
1.345100
1.346325
1.362825
1.386700
1.424950
1.486850
1.515150
1.526250
1.562400
1.564675
1.675425
1.695700
1.703275
1.714575
1.733050
1.748525
1.910050
2.015875
2.116100
2.167675
2.468225
257
