0.003575
0.008950
0.009075
0.010575
0.011325
0.012450
0.021225
0.028250
0.042725
0.055975
0.061225
0.075050
0.076000
0.087475
0.088500
0.089250
0.091775
0.096275
0.096375
0.097500
0.101700
0.101725
0.109650
0.109975
0.115500
0.119725
0.131525
0.142675
0.145650
0.150625
0.150675
0.152350
0.158500
0.161050
0.163525
0.166450
0.167100
0.167150
0.189475
0.194225
0.200400
0.218250
0.219025
0.224625
0.226675
0.228775
0.230575
0.233700
0.238525
0.248825
0.251450
0.267400
0.268475
0.275375
0.279225
0.279850
0.283150
0.283800
0.290500
0.291350
0.297625
0.299050
0.316100
0.324650
0.328200
0.332475
0.336600
0.338225
0.340975
0.346125
0.348425
0.353600
0.362575
0.363950
0.371200
0.371850
0.375325
0.380650
0.384075
0.388825
0.395900
0.404400
0.407450
0.418900
0.436425
0.444725
0.448350
0.455950
0.456875
0.465025
0.469625
0.479725
0.480175
0.484425
0.498250
0.510850
0.517000
0.529275
0.540675
0.543750
0.555250
0.562725
0.569650
0.582425
0.584975
0.585150
0.585450
0.600775
0.601375
0.602625
0.604125
0.622700
0.624225
0.626950
0.628650
0.629150
0.648975
0.650600
0.650750
0.658400
0.672900
0.679425
0.685225
0.685400
0.695675
0.698525
0.709350
0.709775
0.711325
0.716700
0.717050
0.723100
0.727325
0.736150
0.736550
0.742450
0.743650
0.747575
0.752125
0.753150
0.753225
0.754250
0.757150
0.758000
0.758850
0.760625
0.766500
0.773050
0.774650
0.777125
0.777275
0.779050
0.785275
0.797375
0.798875
0.825950
0.834400
0.839950
0.840700
0.844650
0.848925
0.862200
0.870550
0.875825
0.876375
0.877375
0.883525
0.885225
0.887850
0.894975
0.896250
0.899250
0.900425
0.903925
0.906700
0.913500
0.919100
0.922975
0.926800
0.928850
0.943925
0.962825
0.981175
0.990700
0.999400
1.008850
1.015700
1.027500
1.033275
1.048650
1.074125
1.075225
1.084400
1.111325
1.120400
1.126025
1.177475
1.188350
1.209050
1.234250
1.292200
1.310325
1.324400
1.359500
1.364100
1.365725
1.372125
1.373800
1.380650
1.399425
1.420550
1.441300
1.450275
1.452175
1.455250
1.477825
1.495425
1.534475
1.542100
1.566625
1.568625
1.610900
1.625125
1.637175
1.669325
1.824600
1.897500
1.906850
1.961700
1.976175
2.004625
2.184500
2.232575
2.240100
234
