0.003600
0.005350
0.006150
0.016300
0.017875
0.018850
0.019450
0.020375
0.020750
0.021375
0.024400
0.035875
0.039200
0.040300
0.044625
0.046325
0.050250
0.064250
0.069950
0.070125
0.072000
0.082475
0.083325
0.083425
0.084550
0.084825
0.087225
0.087275
0.100400
0.105850
0.106100
0.108325
0.110725
0.111275
0.112750
0.123150
0.133400
0.141000
0.146200
0.147800
0.147875
0.150400
0.151050
0.159875
0.160400
0.170875
0.188700
0.189600
0.189850
0.193275
0.195425
0.203575
0.211150
0.216025
0.219850
0.221425
0.231825
0.232600
0.236325
0.238800
0.241275
0.245450
0.253875
0.255000
0.261900
0.265175
0.266950
0.271200
0.283375
0.283400
0.288450
0.300850
0.300925
0.305575
0.306050
0.313225
0.316775
0.318025
0.319000
0.325175
0.329700
0.333850
0.339850
0.345550
0.348900
0.354025
0.355825
0.357000
0.359525
0.365225
0.378000
0.378125
0.389475
0.396975
0.399800
0.401375
0.403325
0.414800
0.417025
0.421275
0.423650
0.448975
0.449525
0.450100
0.450300
0.455725
0.456850
0.459325
0.466225
0.469950
0.483650
0.493250
0.493850
0.507800
0.510650
0.514400
0.521975
0.535700
0.536900
0.537275
0.538125
0.548825
0.549700
0.561050
0.568625
0.577075
0.585350
0.588450
0.589000
0.589000
0.596100
0.596950
0.598675
0.604625
0.605775
0.610975
0.612175
0.612475
0.623000
0.629450
0.631400
0.634900
0.648875
0.652525
0.656025
0.656300
0.665600
0.671875
0.681600
0.686050
0.703625
0.705150
0.706450
0.722725
0.730700
0.732300
0.733375
0.739950
0.745875
0.755725
0.760175
0.760600
0.766850
0.768525
0.768825
0.770300
0.770450
0.779700
0.784175
0.785750
0.786700
0.790850
0.796775
0.798350
0.799475
0.804450
0.833250
0.841800
0.844775
0.846500
0.849675
0.869725
0.887825
0.893525
0.894800
0.902375
0.915025
0.918775
0.920075
0.936450
0.948925
0.953250
0.957150
0.971875
0.972300
0.981550
0.987325
1.001275
1.006150
1.008200
1.016375
1.018300
1.019900
1.036200
1.042300
1.042925
1.049400
1.058925
1.062175
1.078925
1.092400
1.116775
1.121875
1.151275
1.169950
1.197425
1.214875
1.218475
1.222975
1.227475
1.230275
1.231300
1.245175
1.254100
1.266900
1.300250
1.309475
1.317225
1.341275
1.343325
1.373725
1.392525
1.425450
1.442150
1.446350
1.488625
1.547125
1.560025
1.580675
1.624700
1.745625
1.752800
1.836125
1.867450
1.875325
1.909025
1.916250
2.361250
2.399975
249
