0.001975
0.017000
0.019100
0.023325
0.028675
0.035375
0.043450
0.046600
0.062775
0.068300
0.068675
0.074050
0.083700
0.085550
0.088125
0.088550
0.101850
0.102250
0.103175
0.107975
0.109625
0.112675
0.113300
0.118025
0.126025
0.126675
0.126700
0.126900
0.133250
0.137625
0.141975
0.147425
0.148875
0.150150
0.151750
0.161725
0.172350
0.186925
0.188575
0.194550
0.196350
0.197925
0.208250
0.210125
0.211800
0.216275
0.221275
0.234925
0.235050
0.235950
0.236075
0.237275
0.240025
0.240600
0.247125
0.248375
0.249600
0.252975
0.264175
0.270475
0.273625
0.281075
0.283175
0.283425
0.288575
0.290025
0.292025
0.296525
0.297675
0.303725
0.307800
0.316475
0.317375
0.318025
0.318175
0.323225
0.326550
0.328200
0.329375
0.334800
0.354275
0.357225
0.361225
0.378550
0.379075
0.385200
0.394325
0.400600
0.401900
0.404375
0.405300
0.413575
0.418825
0.422700
0.424550
0.424650
0.442950
0.453575
0.464475
0.465050
0.472700
0.474675
0.481175
0.481650
0.483150
0.484250
0.493275
0.494825
0.495075
0.499500
0.500475
0.505100
0.505650
0.509800
0.512400
0.518500
0.522850
0.528450
0.533875
0.535375
0.539350
0.544450
0.550725
0.555800
0.559900
0.561575
0.562600
0.567900
0.576650
0.577475
0.578975
0.580950
0.583625
0.592250
0.601475
0.602125
0.614175
0.621525
0.626975
0.635375
0.644025
0.658600
0.661575
0.661800
0.663300
0.677250
0.684300
0.696000
0.705025
0.709475
0.723275
0.724925
0.726650
0.727375
0.734150
0.734150
0.744800
0.747325
0.747475
0.752025
0.753500
0.754375
0.756175
0.762700
0.766375
0.771675
0.788050
0.794425
0.800600
0.802450
0.807325
0.811825
0.813975
0.823775
0.832400
0.834050
0.835150
0.842175
0.849725
0.868500
0.868500
0.877575
0.880725
0.881650
0.884675
0.889950
0.905700
0.906200
0.912775
0.916250
0.920350
0.924750
0.943375
0.958575
0.965850
0.967825
0.973600
0.992825
1.000025
1.018100
1.027950
1.056025
1.087050
1.092225
1.116650
1.135850
1.139850
1.163275
1.169500
1.172550
1.172875
1.242175
1.243975
1.255800
1.277000
1.295600
1.308950
1.329300
1.368075
1.444375
1.524350
1.533950
1.548250
1.569475
1.720750
1.835875
1.852925
1.890625
1.926475
1.939425
1.949575
2.116700
2.202675
2.256650
2.257950
2.331125
2.364150
237
