0.000125
0.001275
0.001350
0.010900
0.011400
0.014575
0.015525
0.020975
0.025300
0.035975
0.036850
0.052200
0.053200
0.066400
0.071850
0.073100
0.073425
0.073700
0.076950
0.080175
0.083900
0.085925
0.086525
0.088925
0.090825
0.091500
0.092725
0.099775
0.103125
0.108625
0.108700
0.109000
0.111550
0.111800
0.118700
0.131250
0.134100
0.138775
0.149725
0.149850
0.149900
0.152700
0.155800
0.161850
0.163750
0.168300
0.171200
0.175150
0.190475
0.193125
0.207450
0.223200
0.237225
0.237325
0.237900
0.238000
0.243275
0.243675
0.247250
0.262050
0.265000
0.268025
0.273575
0.275375
0.282900
0.283075
0.285625
0.304400
0.313700
0.316675
0.325275
0.328325
0.330025
0.330775
0.331600
0.338275
0.342800
0.342875
0.344975
0.354625
0.357525
0.364050
0.365425
0.366925
0.381450
0.384050
0.405525
0.412125
0.415925
0.416900
0.419925
0.421825
0.422025
0.425675
0.434575
0.438525
0.441100
0.442000
0.455500
0.460600
0.460650
0.460800
0.461800
0.468175
0.470375
0.484750
0.491700
0.501900
0.507525
0.509200
0.514625
0.530850
0.535850
0.546625
0.563325
0.564225
0.571000
0.571525
0.576875
0.576950
0.579475
0.585225
0.586600
0.588825
0.591650
0.592700
0.601050
0.606300
0.606525
0.611675
0.615200
0.618400
0.625400
0.625725
0.625950
0.626275
0.626900
0.637425
0.640925
0.641750
0.655275
0.655725
0.670675
0.674225
0.676900
0.680525
0.683775
0.686900
0.688350
0.688950
0.689425
0.692250
0.695000
0.701850
0.704050
0.722900
0.725175
0.726125
0.729175
0.740850
0.744500
0.746275
0.750375
0.752375
0.755775
0.763750
0.768050
0.769625
0.774725
0.780200
0.784925
0.788425
0.792350
0.794525
0.800175
0.812875
0.818225
0.823700
0.823950
0.827675
0.839075
0.846875
0.847925
0.851425
0.852025
0.871875
0.886350
0.906550
0.917250
0.918025
0.918175
0.928325
0.946475
0.968225
0.993600
0.997650
0.998375
0.998400
0.998650
1.000550
1.019025
1.037350
1.041275
1.050975
1.052100
1.056375
1.058425
1.091300
1.097975
1.098250
1.098875
1.130575
1.130600
1.130825
1.137000
1.141025
1.157300
1.174600
1.193825
1.255250
1.276975
1.306100
1.318425
1.326175
1.352675
1.386425
1.395775
1.398975
1.406325
1.409600
1.418800
1.483525
1.490275
1.492875
1.517500
1.528725
1.531750
1.585975
1.650550
1.662625
1.695650
1.742600
1.915950
2.051725
2.075125
2.091575
2.173900
2.244875
248
