0.002325
0.009600
0.012400
0.013475
0.017325
0.019500
0.028800
0.032825
0.044775
0.058625
0.059625
0.063475
0.066125
0.069475
0.073250
0.076575
0.079375
0.079975
0.080675
0.086475
0.088275
0.088325
0.088575
0.089650
0.102925
0.102975
0.106825
0.109050
0.110225
0.112475
0.112650
0.122500
0.122625
0.129650
0.135350
0.144925
0.148500
0.152250
0.156825
0.159200
0.162400
0.164525
0.168575
0.181375
0.200475
0.205200
0.213850
0.218775
0.229375
0.230675
0.236575
0.239075
0.241275
0.243250
0.247325
0.256600
0.256900
0.260725
0.263425
0.263750
0.268725
0.280850
0.295775
0.299325
0.300750
0.305725
0.315100
0.321300
0.330375
0.334575
0.344525
0.345150
0.350775
0.359825
0.365950
0.368825
0.376200
0.381800
0.385275
0.393375
0.393600
0.398750
0.399425
0.401325
0.403800
0.407325
0.423550
0.429525
0.431250
0.439800
0.440700
0.441050
0.446550
0.447225
0.448375
0.456925
0.466725
0.485575
0.501825
0.506150
0.511075
0.512800
0.514600
0.515075
0.534700
0.535525
0.535700
0.542525
0.546375
0.546475
0.556625
0.563675
0.567725
0.581400
0.586000
0.594300
0.596950
0.598650
0.602375
0.603850
0.606950
0.610225
0.621125
0.622225
0.634500
0.638400
0.643750
0.645275
0.655925
0.676175
0.676425
0.677650
0.677875
0.686850
0.687125
0.692350
0.694675
0.701050
0.701700
0.704325
0.708725
0.710350
0.719900
0.720475
0.720575
0.739600
0.740000
0.740875
0.743150
0.745425
0.745700
0.751500
0.752350
0.754275
0.763825
0.788525
0.795150
0.797550
0.799650
0.807050
0.815000
0.818175
0.823600
0.827875
0.828225
0.833250
0.835875
0.839275
0.842650
0.844125
0.846700
0.848450
0.874675
0.876475
0.878800
0.881675
0.882925
0.901425
0.910500
0.912400
0.914575
0.932475
0.942375
0.944275
0.954750
0.968325
0.968375
0.975375
0.976050
0.979100
1.019550
1.037925
1.041000
1.063625
1.072400
1.077700
1.079500
1.080925
1.092775
1.113775
1.130625
1.135350
1.157450
1.171125
1.171850
1.174875
1.175950
1.214175
1.233150
1.254375
1.257350
1.259575
1.262700
1.300050
1.315325
1.315375
1.320950
1.333900
1.373875
1.390500
1.402225
1.453275
1.454850
1.476500
1.551050
1.617550
1.703025
1.784200
1.785450
2.072150
2.119950
2.139300
2.145400
2.163450
234
