0.004750
0.008300
0.014225
0.019425
0.021575
0.022400
0.028325
0.031125
0.032275
0.037900
0.043825
0.045625
0.045825
0.048875
0.049575
0.050800
0.054600
0.054800
0.056800
0.059075
0.059425
0.069525
0.074750
0.078775
0.085250
0.091100
0.103075
0.105450
0.105875
0.107600
0.108200
0.133400
0.133750
0.135375
0.139100
0.153250
0.165025
0.170500
0.171050
0.173450
0.177650
0.178975
0.185650
0.202950
0.207875
0.209700
0.212550
0.217125
0.217750
0.218925
0.221950
0.223200
0.225175
0.226325
0.227550
0.227800
0.228450
0.232025
0.235650
0.241125
0.244975
0.246250
0.247950
0.251700
0.252275
0.255650
0.256375
0.260025
0.269325
0.280375
0.283925
0.291925
0.295000
0.297575
0.299975
0.307300
0.307675
0.308050
0.311050
0.312475
0.313350
0.314725
0.318850
0.321475
0.324900
0.342350
0.348125
0.353450
0.355200
0.355625
0.356475
0.356900
0.361050
0.374100
0.376275
0.380350
0.391150
0.395325
0.395475
0.399275
0.400300
0.401900
0.402575
0.405550
0.407200
0.409125
0.410300
0.418925
0.421500
0.426400
0.437200
0.437975
0.440900
0.445450
0.445675
0.456900
0.458350
0.461150
0.462300
0.470775
0.471625
0.476850
0.488025
0.492750
0.494775
0.497725
0.500675
0.501925
0.514475
0.518275
0.524425
0.528225
0.530650
0.536250
0.538225
0.542425
0.561450
0.563750
0.569700
0.570275
0.576575
0.577350
0.585100
0.585200
0.602150
0.618450
0.627875
0.637700
0.642025
0.642450
0.651175
0.651925
0.652275
0.654750
0.657475
0.657525
0.659650
0.673925
0.674725
0.676550
0.676675
0.682350
0.685225
0.686625
0.687325
0.689225
0.692875
0.700375
0.702725
0.702900
0.706375
0.708350
0.713600
0.715375
0.716175
0.718750
0.719300
0.725500
0.736575
0.738225
0.740825
0.752900
0.757500
0.760500
0.765100
0.782525
0.792550
0.792675
0.798300
0.798575
0.800075
0.800875
0.801000
0.801825
0.803025
0.821225
0.823375
0.835900
0.836175
0.838375
0.839075
0.846625
0.849500
0.870600
0.880675
0.881825
0.886775
0.899750
0.899975
0.919475
0.920075
0.924450
0.926375
0.927700
0.934050
0.943400
0.952675
0.961850
0.964400
0.974400
0.984825
1.012900
1.018900
1.024025
1.029100
1.036775
1.041200
1.053000
1.056225
1.069150
1.069650
1.084425
1.100175
1.105175
1.114175
1.119125
1.119850
1.127700
1.134650
1.140625
1.181650
1.188775
1.203550
1.238175
1.250075
1.281225
1.306175
1.340750
1.364275
1.389700
1.441900
1.526225
1.526875
1.595000
1.622325
1.692850
1.752725
1.755850
1.757200
1.975175
2.139200
2.359400
2.401300
2.402175
2.406800
2.457925
266
