0.001725
0.003750
0.020025
0.023275
0.028425
0.033675
0.035800
0.045300
0.049800
0.052150
0.061550
0.069500
0.072750
0.072925
0.084475
0.088200
0.088625
0.092100
0.093475
0.097625
0.103350
0.106550
0.108375
0.115000
0.116775
0.119225
0.120725
0.120900
0.127475
0.127925
0.134175
0.135500
0.142400
0.142975
0.144000
0.154250
0.162700
0.165125
0.168275
0.170625
0.181800
0.182625
0.190100
0.191500
0.194125
0.197400
0.201800
0.212400
0.219425
0.219850
0.227600
0.243200
0.249575
0.254725
0.254975
0.257100
0.258200
0.263975
0.276425
0.276925
0.279375
0.280925
0.283700
0.284650
0.285825
0.293450
0.297450
0.299400
0.311475
0.312275
0.322950
0.326725
0.330175
0.330650
0.332200
0.335825
0.339975
0.340075
0.344025
0.349925
0.363025
0.363750
0.367975
0.373325
0.373875
0.375950
0.376625
0.378500
0.384000
0.391725
0.397975
0.401750
0.402200
0.409425
0.416250
0.424975
0.427725
0.429475
0.429850
0.431875
0.434025
0.435700
0.436200
0.454725
0.456775
0.460200
0.461275
0.466925
0.468100
0.480875
0.496150
0.500400
0.501475
0.504300
0.505675
0.507375
0.517075
0.520300
0.539800
0.540775
0.543150
0.546850
0.550025
0.551900
0.556975
0.557400
0.560850
0.571200
0.576125
0.577625
0.579275
0.583000
0.592175
0.612400
0.616050
0.619650
0.630575
0.634500
0.639800
0.640150
0.643450
0.643750
0.646600
0.653450
0.654950
0.656350
0.661400
0.666650
0.669975
0.670575
0.672000
0.681100
0.684700
0.686500
0.688125
0.700275
0.716900
0.717200
0.719850
0.720525
0.724225
0.728850
0.732775
0.733450
0.737975
0.741425
0.742075
0.743825
0.746300
0.777825
0.779700
0.780800
0.781250
0.782075
0.803275
0.820225
0.832225
0.834600
0.839425
0.843125
0.848175
0.855000
0.859775
0.870275
0.876600
0.889350
0.889975
0.898875
0.904025
0.907575
0.908375
0.926025
0.939500
0.940725
0.943825
0.959475
0.965775
0.972900
0.974175
0.993875
1.019450
1.031300
1.041800
1.051175
1.060925
1.086100
1.109375
1.135500
1.144025
1.163725
1.173100
1.175650
1.190950
1.195225
1.235675
1.258050
1.284300
1.288825
1.311275
1.337675
1.388475
1.505625
1.576100
1.611250
1.684225
1.757100
1.773650
1.779850
1.913325
1.916975
2.017525
2.044975
2.078825
2.133500
234
