0.004550
0.016925
0.019600
0.020425
0.022200
0.023650
0.032850
0.035100
0.043050
0.045100
0.047000
0.047225
0.051225
0.058100
0.061825
0.064400
0.068600
0.068900
0.077400
0.083075
0.085375
0.086450
0.089100
0.089875
0.090775
0.091450
0.093950
0.096025
0.098450
0.098475
0.100750
0.101550
0.119225
0.121450
0.123375
0.123800
0.124550
0.124600
0.125200
0.126350
0.131900
0.137375
0.138525
0.139550
0.141675
0.144200
0.148950
0.152125
0.160350
0.163400
0.164475
0.167475
0.168225
0.173425
0.174150
0.174575
0.176425
0.178800
0.183425
0.184025
0.186800
0.188400
0.193225
0.193850
0.193875
0.205575
0.210925
0.224150
0.225950
0.241275
0.244550
0.249150
0.257900
0.259550
0.269625
0.277475
0.284325
0.296650
0.298050
0.300475
0.300825
0.301025
0.313625
0.315150
0.316925
0.324400
0.329625
0.337500
0.344775
0.350125
0.350850
0.353075
0.353775
0.355500
0.355525
0.356825
0.362350
0.362825
0.362875
0.366600
0.367475
0.368650
0.374825
0.375700
0.377750
0.380400
0.386425
0.389200
0.392450
0.394300
0.407100
0.414475
0.414700
0.414975
0.427775
0.428550
0.435825
0.436250
0.442950
0.444950
0.444975
0.450750
0.463100
0.474300
0.479200
0.487400
0.495600
0.496700
0.501550
0.504650
0.506000
0.506225
0.513650
0.514225
0.517375
0.527500
0.532050
0.533125
0.537925
0.544975
0.550550
0.555975
0.560250
0.562900
0.568375
0.569650
0.574075
0.580875
0.581175
0.585925
0.589950
0.590075
0.606575
0.614550
0.617975
0.619750
0.620375
0.637300
0.638025
0.646100
0.648400
0.649975
0.661300
0.663050
0.664475
0.674725
0.675275
0.686850
0.691800
0.698175
0.698850
0.710525
0.711050
0.716675
0.717950
0.723500
0.725550
0.727075
0.727500
0.730850
0.732825
0.739150
0.751775
0.753950
0.756675
0.769400
0.775500
0.776275
0.780850
0.787500
0.792175
0.814825
0.815225
0.815675
0.815875
0.817675
0.818125
0.824125
0.826300
0.838900
0.839500
0.841850
0.843600
0.843775
0.860100
0.860825
0.861975
0.868125
0.878800
0.887575
0.894075
0.898800
0.921275
0.921600
0.922000
0.925150
0.929100
0.931225
0.954650
0.975725
0.994550
0.994875
0.999575
1.005850
1.021175
1.032050
1.053500
1.057925
1.067725
1.068025
1.101925
1.109600
1.118575
1.118850
1.137925
1.192200
1.216975
1.229350
1.238175
1.243075
1.257300
1.257325
1.264775
1.275950
1.327700
1.328925
1.355675
1.385975
1.469700
1.471900
1.481675
1.508125
1.550625
1.608875
1.645300
1.669725
1.675650
1.989700
2.038125
2.242150
260
