0.000600
0.007000
0.009850
0.022475
0.024150
0.025300
0.028450
0.028775
0.034775
0.036850
0.037575
0.044725
0.053800
0.063825
0.067275
0.069925
0.070000
0.072975
0.080700
0.081225
0.085000
0.088450
0.088800
0.089350
0.095100
0.106650
0.110675
0.114025
0.125450
0.138725
0.139275
0.140250
0.151850
0.156250
0.168425
0.170200
0.174500
0.179825
0.184350
0.195975
0.196250
0.202150
0.216875
0.217175
0.217250
0.219900
0.220350
0.220425
0.221825
0.225750
0.226275
0.228750
0.237750
0.238275
0.252600
0.253000
0.263175
0.268900
0.269725
0.277775
0.278325
0.288225
0.291900
0.298850
0.302175
0.303100
0.308150
0.308800
0.311875
0.323300
0.329525
0.334650
0.337000
0.338075
0.339550
0.340125
0.351375
0.357575
0.358975
0.366650
0.368100
0.369250
0.373175
0.382575
0.388625
0.390525
0.390625
0.394025
0.398150
0.399250
0.405600
0.407075
0.409600
0.410975
0.428175
0.434525
0.437050
0.438250
0.438925
0.440600
0.447800
0.450250
0.454550
0.455475
0.458075
0.464675
0.468275
0.474975
0.476275
0.476275
0.487450
0.489000
0.495400
0.504350
0.508725
0.513975
0.515550
0.530100
0.552775
0.560925
0.562150
0.562775
0.562925
0.563075
0.563950
0.568875
0.570575
0.571275
0.581175
0.581325
0.589250
0.590550
0.593500
0.595600
0.598900
0.607000
0.609475
0.621350
0.624800
0.636825
0.642025
0.651650
0.656275
0.661075
0.661250
0.662300
0.665650
0.667800
0.670050
0.673850
0.675275
0.675350
0.680025
0.681100
0.681200
0.686775
0.687550
0.691650
0.695325
0.726000
0.730275
0.737350
0.747175
0.756825
0.759575
0.762025
0.763800
0.779675
0.780250
0.797300
0.802625
0.811350
0.813175
0.815025
0.823650
0.837075
0.845175
0.850700
0.851975
0.853350
0.862050
0.864225
0.880875
0.891675
0.903575
0.912100
0.933325
0.937150
0.943075
0.946225
0.962300
0.965675
0.966925
0.968450
0.978775
0.983700
1.006500
1.008525
1.009225
1.012575
1.013725
1.021200
1.035650
1.043625
1.046500
1.047475
1.049300
1.057700
1.058650
1.099000
1.099650
1.100800
1.101600
1.106700
1.120100
1.126425
1.136200
1.145700
1.149425
1.158375
1.185775
1.186850
1.251375
1.253825
1.258000
1.261250
1.266150
1.269975
1.277175
1.301675
1.309800
1.317725
1.328450
1.351700
1.371500
1.376875
1.415500
1.430075
1.431600
1.432025
1.517475
1.552875
1.584750
1.620425
1.625950
1.630100
1.631700
1.638850
1.670925
1.703775
1.718250
1.731475
1.758100
1.764900
1.854575
1.858175
1.891250
1.903400
2.096825
2.460150
260
