0.002275
0.012750
0.014950
0.015425
0.019350
0.019425
0.020100
0.020675
0.024750
0.026375
0.032875
0.035500
0.038550
0.051925
0.053775
0.054225
0.054250
0.057600
0.058550
0.061875
0.068650
0.072550
0.074175
0.074975
0.076875
0.078200
0.079575
0.094850
0.099525
0.100875
0.102875
0.104725
0.106700
0.110450
0.111000
0.116125
0.122575
0.124825
0.126375
0.127075
0.129025
0.134375
0.141050
0.143025
0.149225
0.151000
0.163725
0.166850
0.169150
0.170150
0.180200
0.180250
0.181925
0.183075
0.191475
0.203750
0.212200
0.218075
0.218100
0.224450
0.228250
0.231350
0.233025
0.243175
0.251250
0.251600
0.252725
0.262800
0.266725
0.272325
0.282400
0.286250
0.291700
0.303175
0.304050
0.309675
0.309975
0.310900
0.312200
0.313425
0.313625
0.321300
0.325875
0.326050
0.328000
0.331075
0.333225
0.347100
0.356300
0.377550
0.391775
0.392525
0.394400
0.394700
0.395875
0.396450
0.402550
0.406100
0.413675
0.420350
0.420525
0.423750
0.424550
0.424925
0.427550
0.427850
0.429225
0.432925
0.437050
0.452900
0.458950
0.468850
0.469450
0.474675
0.474900
0.479300
0.481725
0.491300
0.493600
0.501425
0.505700
0.518000
0.536600
0.536625
0.538500
0.563150
0.568100
0.568800
0.572675
0.578550
0.587075
0.595300
0.600950
0.605750
0.610275
0.612000
0.612325
0.612650
0.612950
0.616500
0.623825
0.631475
0.636250
0.639300
0.642325
0.643400
0.646850
0.650900
0.656625
0.660975
0.671375
0.677400
0.680900
0.681700
0.684475
0.688450
0.692125
0.701925
0.707650
0.720550
0.721625
0.727800
0.730700
0.732000
0.737600
0.741750
0.748675
0.750750
0.752775
0.762350
0.772450
0.772925
0.774975
0.775175
0.775800
0.776000
0.780425
0.782950
0.786275
0.815100
0.815825
0.824125
0.825475
0.834375
0.836775
0.846650
0.847475
0.861500
0.870125
0.870800
0.876875
0.878025
0.879675
0.881525
0.905300
0.912475
0.917425
0.925675
0.935725
0.944900
0.948450
0.948575
0.949825
0.950700
0.961375
0.967975
1.000425
1.008825
1.010800
1.012450
1.015050
1.017650
1.031025
1.044200
1.130325
1.132675
1.135050
1.193300
1.193875
1.247150
1.252100
1.264925
1.290675
1.318325
1.320800
1.435700
1.438750
1.492800
1.540150
1.584875
1.595350
1.849525
2.060125
2.131600
2.183225
2.378100
236
