0.001525
0.011850
0.012225
0.012400
0.027650
0.028150
0.036300
0.037625
0.047150
0.050275
0.051400
0.057975
0.058175
0.067625
0.069450
0.071900
0.075275
0.075625
0.076700
0.082750
0.083625
0.085225
0.089775
0.094825
0.097225
0.098550
0.106900
0.107225
0.108225
0.119050
0.136900
0.140175
0.143550
0.148225
0.149475
0.151375
0.152275
0.156025
0.161125
0.173400
0.182750
0.185925
0.192175
0.193900
0.198350
0.199900
0.200275
0.209600
0.224175
0.226650
0.227700
0.228175
0.228400
0.228475
0.228500
0.230025
0.235025
0.240300
0.240350
0.241025
0.264350
0.264450
0.267450
0.283450
0.287500
0.309425
0.322450
0.326900
0.329050
0.336125
0.338325
0.344650
0.352875
0.352950
0.353875
0.358100
0.358775
0.365525
0.367100
0.370700
0.371625
0.375625
0.384550
0.387225
0.388925
0.395850
0.401525
0.402050
0.402775
0.408850
0.417525
0.419725
0.426475
0.427400
0.429375
0.429525
0.439600
0.443050
0.451425
0.453775
0.454750
0.457050
0.457675
0.459950
0.461025
0.461975
0.464725
0.466250
0.468750
0.471950
0.479750
0.483125
0.486775
0.491825
0.492200
0.496025
0.497800
0.498950
0.500800
0.503700
0.509850
0.513650
0.514775
0.533400
0.544575
0.544875
0.553950
0.564650
0.567900
0.573900
0.578275
0.584450
0.586750
0.592650
0.592825
0.597400
0.600750
0.601200
0.619975
0.626725
0.630900
0.635325
0.635925
0.656350
0.657250
0.662625
0.665150
0.665625
0.667350
0.669375
0.670825
0.672125
0.672675
0.677975
0.690500
0.690925
0.691425
0.695575
0.696050
0.699650
0.708350
0.708850
0.712450
0.715800
0.720400
0.727400
0.730650
0.736025
0.750950
0.757200
0.759650
0.763150
0.771700
0.776325
0.789100
0.796075
0.802325
0.803700
0.805650
0.805875
0.807850
0.813150
0.824625
0.831575
0.837725
0.840325
0.843350
0.853675
0.858375
0.866625
0.878675
0.881475
0.884600
0.887225
0.895925
0.906150
0.909800
0.917300
0.933450
0.940250
0.943925
0.951800
0.970425
0.973325
0.993475
0.995275
1.002650
1.003425
1.006675
1.013050
1.013975
1.022325
1.046400
1.053175
1.062575
1.063075
1.079325
1.080775
1.097650
1.107025
1.111525
1.112300
1.120025
1.139475
1.141375
1.141775
1.146425
1.152650
1.158050
1.172750
1.186000
1.199600
1.240300
1.241225
1.246200
1.254525
1.265800
1.266575
1.271375
1.280450
1.315700
1.358675
1.360050
1.364050
1.406650
1.419375
1.429125
1.442975
1.461200
1.464750
1.485675
1.503250
1.580700
1.582700
1.603500
1.603575
1.818450
1.828500
1.898750
1.960700
1.968025
1.972600
2.036875
2.101300
2.155975
2.369500
2.472600
267
