0.001775
0.002975
0.019675
0.037950
0.050825
0.066150
0.067775
0.072275
0.077425
0.079850
0.081925
0.088275
0.094325
0.104750
0.109225
0.110075
0.110900
0.111200
0.111450
0.114600
0.119600
0.121425
0.126600
0.137400
0.137725
0.146400
0.162150
0.162875
0.168525
0.172050
0.176950
0.184450
0.185725
0.186125
0.187425
0.194775
0.194900
0.196375
0.203250
0.205125
0.209500
0.213475
0.225275
0.226250
0.236400
0.243825
0.251275
0.257250
0.262950
0.264100
0.264375
0.264650
0.265750
0.280075
0.280800
0.299175
0.303300
0.303725
0.312300
0.326400
0.328875
0.335550
0.342500
0.353175
0.360825
0.365650
0.376550
0.377525
0.381775
0.382500
0.383975
0.386425
0.393675
0.403050
0.404175
0.405200
0.409325
0.411775
0.412125
0.416375
0.420025
0.423850
0.435525
0.435525
0.440425
0.441900
0.449625
0.464550
0.467900
0.473200
0.473975
0.476500
0.479750
0.502475
0.506275
0.506575
0.512425
0.515625
0.525425
0.533150
0.537925
0.547300
0.555525
0.556375
0.566475
0.568475
0.570725
0.571975
0.575375
0.577050
0.585825
0.589200
0.595475
0.596275
0.607700
0.612675
0.612825
0.614575
0.616725
0.621950
0.625750
0.628925
0.632800
0.633875
0.634975
0.637525
0.647400
0.647700
0.655900
0.659675
0.659875
0.660175
0.664825
0.674050
0.680325
0.681650
0.684850
0.685000
0.685600
0.697250
0.699850
0.716625
0.722700
0.731575
0.735475
0.738575
0.738775
0.743525
0.743750
0.744000
0.755000
0.757725
0.759850
0.761550
0.774275
0.775325
0.784575
0.787825
0.788550
0.791375
0.799000
0.799575
0.799775
0.805225
0.811000
0.814175
0.814900
0.818575
0.819725
0.822925
0.824125
0.825850
0.839650
0.842650
0.844850
0.846800
0.856850
0.858150
0.876350
0.891075
0.894375
0.906700
0.909350
0.909800
0.912375
0.922125
0.927875
0.932475
0.936200
0.951225
0.963750
0.968450
0.980550
0.986425
0.999525
1.007425
1.018625
1.020250
1.022025
1.036600
1.039650
1.040775
1.063800
1.071625
1.073275
1.074575
1.074700
1.080900
1.086775
1.090275
1.092350
1.097600
1.104300
1.133075
1.153025
1.165050
1.172550
1.172825
1.187475
1.200100
1.210750
1.212950
1.214800
1.224025
1.224450
1.229100
1.241625
1.282200
1.315925
1.324450
1.355150
1.419750
1.448350
1.816400
1.876700
1.996525
1.996700
2.020750
2.034100
2.119175
2.190550
2.196875
2.212975
2.263500
2.399525
245
