0.001050
0.002500
0.003650
0.005350
0.005525
0.015550
0.016125
0.018250
0.021725
0.029000
0.030425
0.038600
0.042050
0.043900
0.045750
0.050325
0.060975
0.065800
0.070775
0.075650
0.077700
0.087100
0.092075
0.095150
0.097525
0.099275
0.102375
0.105550
0.114250
0.129175
0.134800
0.141175
0.144650
0.146700
0.151100
0.155500
0.162150
0.175425
0.185200
0.188825
0.196750
0.199550
0.202100
0.206750
0.208650
0.220000
0.231075
0.234450
0.237325
0.239850
0.241625
0.247900
0.248550
0.252000
0.252025
0.253225
0.253600
0.254000
0.261125
0.263225
0.266875
0.267775
0.269875
0.272675
0.273975
0.274825
0.281125
0.287200
0.287550
0.291300
0.295775
0.303125
0.305250
0.310250
0.315800
0.320000
0.320450
0.321300
0.322375
0.323350
0.324125
0.326175
0.328375
0.333900
0.334325
0.343125
0.344775
0.348475
0.348775
0.350125
0.371275
0.372625
0.380675
0.389825
0.392350
0.409650
0.412150
0.412450
0.412650
0.423975
0.430025
0.432675
0.432925
0.435900
0.437275
0.443925
0.451250
0.456400
0.458100
0.472325
0.475775
0.475875
0.476250
0.477750
0.485550
0.488325
0.489625
0.489725
0.498750
0.500700
0.502225
0.512950
0.515725
0.517900
0.521300
0.522300
0.528600
0.533425
0.536225
0.541525
0.546250
0.551600
0.553125
0.556050
0.558175
0.560975
0.561350
0.563300
0.565500
0.573000
0.583575
0.585325
0.591150
0.594475
0.594550
0.598125
0.604450
0.604525
0.605400
0.606325
0.609025
0.616775
0.617075
0.624775
0.630625
0.633125
0.634450
0.638775
0.640125
0.640150
0.640300
0.641900
0.643300
0.644900
0.658275
0.664200
0.664400
0.667900
0.670925
0.682900
0.687300
0.689050
0.691450
0.692475
0.693125
0.695325
0.709625
0.712100
0.715800
0.716100
0.718525
0.721325
0.726400
0.727675
0.729400
0.729975
0.735250
0.738575
0.739925
0.747775
0.753750
0.762775
0.765150
0.766900
0.774025
0.774650
0.779075
0.783250
0.787000
0.787200
0.788150
0.793775
0.796350
0.798900
0.800500
0.804725
0.806075
0.809375
0.810075
0.810900
0.812400
0.814125
0.822800
0.823125
0.823850
0.827250
0.827325
0.832450
0.833950
0.837900
0.839500
0.848675
0.849550
0.872875
0.883450
0.892975
0.894300
0.901850
0.913100
0.933700
0.934300
0.934950
0.944750
0.945675
0.948275
0.949500
0.965725
0.974425
0.980275
0.984050
0.987525
0.989575
0.998650
1.019175
1.030400
1.038425
1.049600
1.053800
1.061300
1.066250
1.071175
1.076725
1.086125
1.088675
1.101425
1.124950
1.125950
1.165250
1.165450
1.181000
1.188600
1.189350
1.202650
1.225400
1.231400
1.246025
1.254550
1.261550
1.287225
1.330775
1.352675
1.374700
1.376600
1.471875
1.516650
1.537850
1.553325
1.554925
1.568025
1.597800
1.607450
1.660250
1.666300
1.682525
1.696025
1.697625
1.781650
1.833850
1.923250
1.952350
2.045800
2.224350
2.259500
2.348425
2.428850
295
