0.002300
0.008450
0.009750
0.010250
0.028350
0.028375
0.029425
0.032600
0.034425
0.034875
0.038175
0.040700
0.047025
0.055750
0.060075
0.073425
0.077650
0.080575
0.090075
0.090625
0.092575
0.107100
0.115850
0.116125
0.116325
0.122025
0.125225
0.128275
0.133625
0.138050
0.150975
0.155075
0.155575
0.170025
0.173950
0.176325
0.187075
0.189400
0.200250
0.200850
0.210125
0.213925
0.217875
0.222950
0.223225
0.225300
0.225900
0.232625
0.237450
0.237725
0.238100
0.246550
0.257825
0.263450
0.275575
0.276225
0.281525
0.282825
0.287475
0.292600
0.299275
0.299825
0.305800
0.313300
0.319675
0.322325
0.324025
0.324625
0.327200
0.333850
0.338175
0.361000
0.368125
0.368375
0.368975
0.375325
0.380150
0.380950
0.384525
0.395150
0.396125
0.396900
0.397350
0.417175
0.418200
0.427025
0.427725
0.434875
0.436650
0.441675
0.443075
0.445925
0.449850
0.458900
0.460850
0.463525
0.466325
0.471825
0.473875
0.477325
0.481525
0.486775
0.490775
0.493775
0.506500
0.515850
0.515875
0.539600
0.541350
0.544625
0.545075
0.548150
0.561800
0.563150
0.564850
0.581625
0.589875
0.590225
0.592125
0.597025
0.603675
0.606950
0.610875
0.623525
0.628225
0.631800
0.633150
0.635575
0.644075
0.648750
0.655075
0.657225
0.673575
0.677125
0.677425
0.680025
0.683575
0.689225
0.690400
0.699750
0.703650
0.716375
0.717675
0.722900
0.725875
0.726900
0.734225
0.739725
0.756325
0.760025
0.763375
0.766575
0.776650
0.777150
0.781125
0.785350
0.786075
0.788275
0.795750
0.796900
0.799950
0.803275
0.803825
0.806125
0.811675
0.816650
0.816975
0.817225
0.817925
0.818200
0.821175
0.821775
0.828225
0.830725
0.835500
0.836100
0.841175
0.845175
0.850350
0.866400
0.876725
0.889975
0.894525
0.894725
0.896750
0.906850
0.910975
0.913325
0.919175
0.921775
0.929700
0.935650
0.940950
0.943050
0.945825
0.946375
0.949900
0.950550
0.973675
0.986075
0.990525
1.004200
1.017300
1.021250
1.031625
1.032450
1.037050
1.039175
1.053100
1.068950
1.070700
1.074700
1.084875
1.093250
1.106075
1.106850
1.111425
1.117975
1.123875
1.169275
1.188325
1.195025
1.199600
1.214900
1.226425
1.230875
1.241725
1.271975
1.288100
1.291250
1.303075
1.325300
1.328875
1.347775
1.397700
1.398675
1.453475
1.458725
1.465025
1.474950
1.490050
1.541825
1.558200
1.599975
1.645425
1.703100
1.733800
1.816650
1.850350
1.857500
1.876575
1.935350
2.024150
2.396875
254
