0.006475
0.007025
0.009625
0.013125
0.013950
0.019275
0.019700
0.034675
0.042150
0.043125
0.043350
0.045775
0.050300
0.060225
0.062100
0.063475
0.063925
0.070675
0.071925
0.078725
0.080100
0.087675
0.090175
0.099225
0.099975
0.102625
0.111825
0.112200
0.114025
0.114875
0.117450
0.117800
0.118050
0.122925
0.123850
0.130300
0.135475
0.141650
0.149575
0.153275
0.166800
0.178875
0.183900
0.185800
0.192225
0.196525
0.197725
0.198400
0.202300
0.205025
0.205100
0.208350
0.208650
0.209425
0.211375
0.213300
0.213400
0.227375
0.231500
0.234675
0.238050
0.241250
0.250050
0.250425
0.259875
0.264250
0.269725
0.273400
0.274425
0.279975
0.293850
0.295675
0.299800
0.302250
0.305075
0.311725
0.327100
0.331800
0.335225
0.337150
0.340775
0.346600
0.348525
0.355200
0.358500
0.363550
0.364525
0.365375
0.366275
0.368000
0.372375
0.374050
0.380550
0.380650
0.380900
0.381150
0.384825
0.386200
0.388725
0.401575
0.407275
0.416450
0.421200
0.421825
0.426050
0.426725
0.429975
0.430575
0.437025
0.439625
0.444275
0.444700
0.450150
0.456475
0.458825
0.458950
0.465750
0.469725
0.483675
0.509000
0.516100
0.518900
0.521000
0.521975
0.537650
0.542075
0.544850
0.549225
0.553575
0.558350
0.563500
0.564175
0.565000
0.566250
0.569800
0.578400
0.588200
0.595900
0.596000
0.600650
0.602725
0.611700
0.615850
0.618175
0.618600
0.619850
0.622050
0.631550
0.632575
0.635375
0.641375
0.647400
0.649725
0.650275
0.654725
0.657400
0.666300
0.675600
0.677775
0.687950
0.688550
0.691475
0.701925
0.702475
0.707200
0.708225
0.714150
0.715750
0.716675
0.720875
0.722725
0.725675
0.728875
0.733575
0.739625
0.739650
0.742325
0.749950
0.757800
0.763750
0.765925
0.766075
0.771300
0.772850
0.775975
0.781350
0.781975
0.782075
0.782475
0.784950
0.785250
0.787325
0.797350
0.810700
0.817200
0.822175
0.822975
0.829825
0.833250
0.835350
0.847250
0.847475
0.848050
0.857975
0.880850
0.891175
0.910625
0.929925
0.948900
0.950650
0.955625
0.968750
0.969550
0.969575
0.976325
0.983375
1.005700
1.009325
1.037650
1.038325
1.042650
1.046975
1.062875
1.065025
1.074700
1.079000
1.097150
1.099350
1.103800
1.115825
1.118400
1.134950
1.160100
1.205275
1.211900
1.222675
1.228275
1.228350
1.246525
1.247125
1.247500
1.271875
1.277350
1.284325
1.288600
1.289000
1.297550
1.326450
1.342450
1.344100
1.369350
1.386625
1.582000
1.632150
1.740725
1.817925
1.835200
1.839675
1.862000
1.941375
1.962725
2.142400
2.143050
2.157900
2.266825
2.495275
266
