0.010950
0.018025
0.020225
0.022525
0.027000
0.030225
0.030700
0.034175
0.055500
0.056675
0.065650
0.066400
0.067300
0.070225
0.072275
0.078800
0.081050
0.081500
0.086575
0.089775
0.096175
0.098225
0.100775
0.112175
0.113975
0.115100
0.119000
0.122400
0.122950
0.129650
0.136350
0.136400
0.140150
0.144175
0.147650
0.149500
0.150900
0.158200
0.164075
0.164200
0.164975
0.165725
0.166200
0.167050
0.174125
0.176675
0.180450
0.186100
0.186175
0.186850
0.194225
0.202800
0.204925
0.210475
0.228050
0.232875
0.233125
0.236700
0.251325
0.260150
0.266575
0.271400
0.272325
0.274900
0.275775
0.292175
0.294075
0.296700
0.299475
0.300950
0.304100
0.304425
0.314275
0.317425
0.321750
0.324250
0.327000
0.332425
0.341975
0.347500
0.360175
0.362300
0.363600
0.365950
0.368400
0.384050
0.388800
0.394525
0.395225
0.406750
0.408175
0.416250
0.417175
0.418450
0.422800
0.427800
0.428400
0.433300
0.439175
0.444375
0.463150
0.463675
0.464400
0.466900
0.472875
0.472950
0.474850
0.496425
0.522325
0.523900
0.529025
0.539325
0.539775
0.543550
0.555550
0.557750
0.561050
0.564175
0.566075
0.566550
0.566825
0.570825
0.574050
0.580675
0.590900
0.594500
0.608375
0.608575
0.610950
0.619475
0.623975
0.627350
0.631625
0.633525
0.639725
0.639825
0.640875
0.642325
0.643075
0.649625
0.661050
0.682100
0.682625
0.687600
0.705450
0.706250
0.706425
0.709800
0.718450
0.724375
0.730900
0.732375
0.733275
0.735750
0.737000
0.741500
0.744325
0.746850
0.747450
0.749475
0.759475
0.762900
0.766550
0.771275
0.775900
0.781775
0.785050
0.788425
0.789100
0.795175
0.797600
0.798450
0.803325
0.814150
0.814725
0.825000
0.828325
0.828700
0.831925
0.833225
0.833825
0.838000
0.839350
0.839850
0.842475
0.858925
0.859175
0.859825
0.860275
0.863900
0.867475
0.872225
0.873325
0.876950
0.887625
0.888275
0.903475
0.903525
0.910125
0.912775
0.929850
0.932300
0.944925
0.951725
0.969000
0.975200
0.997875
1.010325
1.014250
1.015675
1.019300
1.026700
1.042900
1.060075
1.067900
1.106950
1.108075
1.108250
1.116025
1.117425
1.119850
1.128825
1.131825
1.133050
1.141300
1.159075
1.165925
1.173900
1.191250
1.216850
1.218125
1.229750
1.272025
1.283150
1.293875
1.304525
1.308925
1.342850
1.349300
1.351850
1.375975
1.379525
1.413450
1.485125
1.501900
1.524825
1.557925
1.647150
1.749550
1.823650
1.858375
1.990575
2.026025
2.068650
2.159950
255
