0.009325
0.018375
0.021250
0.026050
0.029050
0.031200
0.031250
0.037250
0.037750
0.042175
0.045725
0.046200
0.051050
0.057350
0.059275
0.068350
0.069800
0.071600
0.077700
0.078375
0.079100
0.079625
0.081375
0.085400
0.087700
0.090225
0.092750
0.101475
0.104275
0.109550
0.124775
0.131075
0.132725
0.136350
0.137225
0.144425
0.153975
0.155700
0.158950
0.166400
0.168125
0.169600
0.183500
0.185700
0.187950
0.192225
0.193000
0.195275
0.199950
0.203275
0.204675
0.218725
0.221675
0.224800
0.224950
0.227225
0.233575
0.249650
0.268525
0.276550
0.282075
0.286175
0.286675
0.296650
0.301875
0.311500
0.311575
0.317925
0.318150
0.319225
0.328200
0.334100
0.335025
0.339825
0.343500
0.345150
0.348600
0.348850
0.360350
0.366475
0.373550
0.374300
0.376275
0.377775
0.391775
0.398000
0.403350
0.409625
0.412150
0.417450
0.427550
0.436850
0.443600
0.446775
0.448400
0.457250
0.470250
0.480425
0.493925
0.494975
0.504550
0.505200
0.505875
0.510525
0.510625
0.513200
0.525650
0.530675
0.533975
0.534025
0.536625
0.537200
0.540725
0.546450
0.548350
0.548500
0.548775
0.549525
0.553775
0.558375
0.565175
0.565650
0.571775
0.572775
0.587225
0.602075
0.609325
0.611675
0.622625
0.623750
0.634500
0.643875
0.650500
0.657825
0.658450
0.663350
0.663875
0.673325
0.684100
0.690000
0.697000
0.698550
0.705675
0.709650
0.710975
0.712525
0.720125
0.721950
0.727875
0.728925
0.738125
0.744400
0.752500
0.755650
0.770525
0.774325
0.778650
0.780550
0.783125
0.783325
0.789975
0.800600
0.812900
0.821525
0.832300
0.849225
0.860150
0.864925
0.867900
0.874700
0.875800
0.880450
0.886975
0.887000
0.910975
0.913050
0.918500
0.922825
0.930175
0.939150
0.939650
0.940300
0.941600
0.945325
0.954400
0.979475
0.983225
0.983450
1.009400
1.012150
1.013625
1.018950
1.056650
1.064250
1.066150
1.077500
1.094225
1.095175
1.109850
1.122600
1.127800
1.163325
1.170250
1.180025
1.180950
1.206125
1.208425
1.257925
1.267050
1.273800
1.282250
1.283000
1.320850
1.324325
1.357050
1.390650
1.419850
1.494550
1.503500
1.550125
1.599750
1.613300
1.619600
1.645525
1.660500
1.670125
1.840875
2.144250
2.189350
2.259100
2.299000
2.387175
232
