0.000225
0.009550
0.040075
0.051225
0.059050
0.063400
0.067275
0.068500
0.074275
0.074600
0.074700
0.085075
0.098800
0.101400
0.106500
0.108925
0.112150
0.112275
0.118575
0.119500
0.120700
0.134125
0.138075
0.142575
0.143450
0.143475
0.152425
0.154400
0.158525
0.159300
0.159750
0.162200
0.165350
0.165950
0.166300
0.166325
0.167000
0.167875
0.170375
0.171325
0.184800
0.198450
0.198775
0.201375
0.203550
0.206850
0.210025
0.215675
0.216050
0.220125
0.223975
0.225900
0.232175
0.232550
0.253725
0.267800
0.274625
0.277675
0.278100
0.279625
0.280100
0.286775
0.291000
0.301350
0.303875
0.308050
0.309925
0.310375
0.311950
0.312425
0.320250
0.323100
0.326300
0.329500
0.334075
0.368900
0.370525
0.372425
0.373750
0.377675
0.393675
0.402475
0.408375
0.416050
0.422475
0.423925
0.439725
0.444575
0.451675
0.453100
0.455300
0.461225
0.461775
0.473925
0.474050
0.477950
0.479250
0.481825
0.484275
0.490400
0.496100
0.496425
0.496425
0.499000
0.503425
0.514650
0.523200
0.528925
0.529875
0.531875
0.533525
0.534750
0.539675
0.540100
0.542375
0.549800
0.554450
0.564225
0.571950
0.578425
0.579375
0.579775
0.581250
0.591325
0.596700
0.603600
0.609375
0.612250
0.621850
0.622300
0.623625
0.625425
0.636125
0.636500
0.644725
0.644925
0.654025
0.657875
0.662000
0.670025
0.672400
0.677300
0.689850
0.691975
0.701900
0.717100
0.719375
0.724750
0.729000
0.730300
0.730725
0.731150
0.732275
0.749150
0.751300
0.755850
0.757050
0.775750
0.779825
0.786775
0.789175
0.789775
0.794725
0.798050
0.800750
0.802150
0.805575
0.813875
0.821675
0.822225
0.823900
0.827850
0.829475
0.832400
0.839700
0.863650
0.867700
0.872475
0.880175
0.889325
0.893950
0.894850
0.895100
0.898050
0.899325
0.908875
0.910350
0.916850
0.919600
0.920250
0.928650
0.933750
0.934275
0.940925
0.943900
0.950425
0.953000
0.954700
0.960700
0.966325
0.969700
0.976025
0.978675
0.980650
0.985325
0.986325
1.016875
1.023775
1.028100
1.039675
1.040475
1.048100
1.054525
1.068775
1.075125
1.081000
1.094125
1.103000
1.110675
1.118725
1.127750
1.136575
1.144325
1.166425
1.177775
1.194025
1.212725
1.218475
1.237675
1.245000
1.309525
1.310525
1.311050
1.318325
1.320275
1.362125
1.385250
1.463900
1.473650
1.539375
1.601675
1.635225
1.696400
1.712200
1.861350
1.924200
1.954375
2.004175
2.089925
2.229975
250
