0.002250
0.005625
0.013675
0.014500
0.017975
0.021400
0.024825
0.025075
0.036575
0.037075
0.038950
0.040175
0.050050
0.057700
0.061525
0.063325
0.069125
0.073125
0.074950
0.082475
0.097525
0.102650
0.105875
0.106300
0.110075
0.113175
0.119725
0.123025
0.126050
0.128000
0.129075
0.134925
0.139475
0.149275
0.154400
0.155850
0.159375
0.159450
0.161200
0.180000
0.186050
0.188725
0.199500
0.201100
0.201825
0.203500
0.204925
0.206875
0.209075
0.217950
0.219175
0.221025
0.225550
0.233275
0.233450
0.241000
0.252625
0.255475
0.261775
0.262200
0.266775
0.298100
0.300125
0.302750
0.303650
0.310000
0.313900
0.314625
0.316425
0.318800
0.320975
0.323875
0.355150
0.355375
0.357300
0.361325
0.364250
0.365300
0.368300
0.372900
0.375425
0.377325
0.377600
0.398250
0.402450
0.405025
0.416250
0.419425
0.422550
0.423825
0.424250
0.427175
0.439900
0.442950
0.445725
0.447350
0.453550
0.455200
0.457750
0.467100
0.473525
0.486000
0.490200
0.494675
0.495525
0.497525
0.498175
0.498450
0.510300
0.512200
0.512775
0.517650
0.524850
0.529425
0.529700
0.530375
0.533450
0.533825
0.539475
0.540400
0.547975
0.554600
0.561575
0.567375
0.569175
0.577650
0.584750
0.588625
0.599875
0.600100
0.606600
0.608725
0.616900
0.622100
0.622825
0.623350
0.628700
0.629100
0.633650
0.637225
0.644400
0.649225
0.653950
0.659300
0.679975
0.686350
0.687625
0.691850
0.698250
0.700850
0.707775
0.710025
0.710575
0.711000
0.716425
0.724075
0.724575
0.731225
0.733950
0.738375
0.739800
0.744475
0.746150
0.748125
0.749900
0.752150
0.757575
0.759100
0.771375
0.774500
0.781075
0.784375
0.786525
0.791675
0.804375
0.815775
0.832075
0.837700
0.845350
0.859375
0.866250
0.872875
0.880025
0.885875
0.890075
0.892075
0.896200
0.897175
0.899500
0.902050
0.910475
0.916100
0.929800
0.930150
0.931225
0.931375
0.934325
0.939350
0.948225
0.955775
0.971000
0.972800
1.006475
1.009025
1.030225
1.033200
1.060875
1.062450
1.070775
1.076250
1.081850
1.091400
1.100975
1.119625
1.120225
1.121800
1.194450
1.199150
1.201825
1.240100
1.243325
1.249075
1.251550
1.303675
1.306950
1.342150
1.343725
1.399650
1.435075
1.439350
1.440575
1.453350
1.465950
1.470550
1.518400
1.519050
1.559225
1.568000
1.638425
2.015100
2.021325
2.276050
242
