0.006550
0.016575
0.017225
0.018350
0.029100
0.032325
0.042700
0.044700
0.046675
0.048250
0.066475
0.070875
0.074400
0.076050
0.076925
0.077000
0.084125
0.084775
0.096500
0.102600
0.108200
0.109225
0.115950
0.116875
0.117125
0.117350
0.117625
0.130500
0.140175
0.141150
0.143250
0.144175
0.144825
0.153625
0.165975
0.170700
0.173950
0.174450
0.181150
0.181800
0.188500
0.197750
0.204850
0.208825
0.212100
0.216525
0.220175
0.222125
0.227825
0.236725
0.245200
0.249850
0.251400
0.267775
0.276250
0.279200
0.280600
0.291225
0.295575
0.310150
0.312600
0.314275
0.315875
0.322450
0.323300
0.331025
0.331475
0.335300
0.339750
0.341125
0.341475
0.343300
0.347800
0.349075
0.351600
0.353900
0.355225
0.358050
0.365425
0.368300
0.373825
0.375625
0.380000
0.388125
0.389650
0.395225
0.398850
0.406600
0.409175
0.414750
0.422675
0.425775
0.426150
0.428800
0.429450
0.433025
0.439825
0.442550
0.444400
0.455450
0.462200
0.468800
0.472775
0.476800
0.476900
0.477675
0.486825
0.487000
0.490050
0.492600
0.499975
0.503900
0.514550
0.514950
0.516225
0.519125
0.519500
0.521850
0.523300
0.553900
0.557250
0.558175
0.559600
0.561375
0.564025
0.566650
0.568275
0.580600
0.595500
0.607450
0.609200
0.609275
0.611925
0.621000
0.631800
0.632700
0.636450
0.639300
0.640100
0.643675
0.645325
0.646750
0.659975
0.662525
0.664800
0.664925
0.667300
0.684375
0.687100
0.687450
0.688050
0.689850
0.692725
0.693500
0.697525
0.700325
0.703550
0.704225
0.715225
0.721600
0.722700
0.729100
0.734675
0.737800
0.744250
0.744725
0.746025
0.755500
0.761275
0.768375
0.776075
0.780150
0.781300
0.781300
0.798450
0.818475
0.822800
0.825475
0.827750
0.837125
0.843900
0.843900
0.845450
0.847600
0.849525
0.851700
0.854975
0.867475
0.868075
0.871000
0.874500
0.879275
0.880075
0.886775
0.890450
0.894750
0.897700
0.901275
0.905050
0.907075
0.914825
0.920325
0.921175
0.927525
0.931925
0.932250
0.935825
0.939550
0.943175
0.951075
0.954350
0.958525
0.972025
0.975075
0.982725
0.991775
1.007475
1.013650
1.028675
1.038800
1.041925
1.108625
1.116725
1.122650
1.162925
1.166725
1.168550
1.173700
1.180125
1.185350
1.187875
1.201325
1.227025
1.230975
1.242525
1.256800
1.292550
1.299750
1.302675
1.310775
1.339575
1.343050
1.384000
1.418000
1.445775
1.456750
1.499200
1.526300
1.528200
1.605825
1.686250
1.779050
1.853575
1.920225
2.047000
2.250225
2.374600
257
