0.001150
0.004800
0.004850
0.007925
0.019250
0.019900
0.020650
0.027075
0.029025
0.048025
0.052975
0.054575
0.056300
0.057675
0.060650
0.063050
0.066775
0.074175
0.081375
0.095100
0.100675
0.106525
0.110075
0.111750
0.112175
0.123125
0.125175
0.128300
0.136750
0.145400
0.145750
0.153325
0.158475
0.163500
0.164025
0.164125
0.175225
0.189500
0.193250
0.194525
0.195825
0.208175
0.215625
0.220275
0.229625
0.239675
0.257075
0.265125
0.270850
0.275050
0.278000
0.282225
0.283125
0.285475
0.309225
0.311000
0.317550
0.318200
0.319975
0.320375
0.331500
0.336550
0.339550
0.341475
0.343125
0.350200
0.354700
0.356500
0.356850
0.358800
0.360475
0.367825
0.369900
0.370550
0.377475
0.382775
0.386750
0.387900
0.388050
0.389225
0.392150
0.394575
0.406875
0.409475
0.414225
0.422400
0.422575
0.423725
0.424825
0.428000
0.431450
0.434250
0.437750
0.439275
0.442575
0.445150
0.449600
0.452450
0.456400
0.460825
0.463075
0.463625
0.475650
0.479400
0.495375
0.500925
0.507825
0.514200
0.522625
0.532425
0.536050
0.540700
0.545425
0.554950
0.556100
0.560525
0.562200
0.563800
0.568625
0.569375
0.571475
0.573150
0.586375
0.587200
0.600050
0.616975
0.618525
0.622750
0.637950
0.656725
0.657375
0.657775
0.657925
0.658725
0.659000
0.659875
0.661000
0.662050
0.666375
0.677050
0.679850
0.682525
0.699750
0.701125
0.709375
0.711525
0.713350
0.719275
0.724375
0.732850
0.753000
0.756850
0.757475
0.767875
0.774350
0.774425
0.774450
0.774625
0.781300
0.788975
0.794075
0.801525
0.805325
0.807750
0.812450
0.814475
0.825825
0.833600
0.835600
0.838600
0.839725
0.843075
0.850425
0.876325
0.878725
0.891125
0.908575
0.919525
0.940200
0.942200
0.945925
0.954575
0.955250
0.961275
0.963900
0.967125
0.982825
0.984075
0.984425
0.998600
0.998875
1.007075
1.036375
1.044225
1.065675
1.069750
1.099050
1.099575
1.124650
1.132225
1.153275
1.154500
1.171675
1.174950
1.178725
1.185375
1.196525
1.220275
1.230675
1.245975
1.265575
1.299000
1.325975
1.336550
1.344950
1.369725
1.437375
1.486775
1.505150
1.574775
1.610200
1.692675
1.723900
1.761700
1.772675
1.789250
226
