0.002525
0.016625
0.016700
0.023525
0.023725
0.029275
0.036600
0.042000
0.051250
0.055025
0.056175
0.061575
0.068600
0.094450
0.101450
0.104900
0.108900
0.110300
0.129700
0.134975
0.137375
0.143825
0.150875
0.157375
0.164200
0.165250
0.180925
0.181600
0.188650
0.195900
0.197450
0.199400
0.202900
0.204850
0.213850
0.215050
0.220400
0.221425
0.227100
0.238125
0.240800
0.249350
0.251350
0.253075
0.253400
0.253650
0.254425
0.258875
0.263125
0.275400
0.279575
0.288025
0.290725
0.295050
0.296850
0.296875
0.297250
0.316150
0.323025
0.325975
0.326550
0.329475
0.330450
0.344925
0.345150
0.346275
0.349950
0.351225
0.359775
0.371550
0.377400
0.381625
0.382475
0.387850
0.405950
0.409825
0.413925
0.414350
0.424375
0.427600
0.434825
0.441325
0.444675
0.445825
0.452125
0.455625
0.458175
0.461150
0.480025
0.482825
0.485675
0.490000
0.497275
0.497850
0.508025
0.509550
0.513525
0.515450
0.517850
0.521675
0.528100
0.535000
0.537425
0.538625
0.541725
0.541825
0.548100
0.551975
0.558525
0.565200
0.567375
0.568500
0.571925
0.577950
0.585050
0.589000
0.590175
0.590200
0.597125
0.612200
0.615375
0.619425
0.624425
0.624600
0.625875
0.631250
0.632600
0.635750
0.637675
0.640550
0.640700
0.643500
0.648600
0.650275
0.650425
0.657175
0.657350
0.660825
0.672275
0.674725
0.680125
0.680750
0.680925
0.690475
0.696975
0.704225
0.707300
0.713800
0.715675
0.719675
0.728325
0.730200
0.730625
0.733125
0.740925
0.755000
0.755150
0.756650
0.760025
0.760150
0.764450
0.765400
0.769650
0.770950
0.771475
0.778625
0.784150
0.786225
0.786550
0.791850
0.794975
0.797375
0.798975
0.841175
0.845550
0.849350
0.867175
0.877750
0.879075
0.881100
0.884875
0.885350
0.898100
0.899775
0.906550
0.928525
0.931575
0.943850
0.951475
0.951500
0.960475
0.974075
0.993075
1.002500
1.029975
1.038275
1.049000
1.079000
1.079150
1.082775
1.085800
1.104650
1.112800
1.117725
1.136250
1.143375
1.173975
1.177500
1.206450
1.211775
1.225350
1.240575
1.256850
1.268775
1.292300
1.305775
1.352250
1.353075
1.364350
1.367700
1.449075
1.460725
1.539625
1.569925
1.663425
1.733275
1.881225
2.045000
2.356625
229
