0.002775
0.003800
0.007375
0.008150
0.012275
0.019250
0.021900
0.022300
0.029850
0.030875
0.031725
0.034050
0.040775
0.044700
0.051700
0.054725
0.056300
0.056825
0.066875
0.075400
0.081600
0.086200
0.086975
0.087075
0.090475
0.094600
0.101200
0.103325
0.104225
0.109725
0.112825
0.115825
0.123175
0.127125
0.127550
0.132875
0.138800
0.151500
0.153875
0.160900
0.171550
0.174700
0.177675
0.180675
0.181250
0.183725
0.185225
0.195200
0.200400
0.208675
0.223150
0.225950
0.226650
0.239325
0.245975
0.248050
0.252400
0.254000
0.260350
0.265550
0.265575
0.270375
0.272125
0.272525
0.272525
0.280600
0.280900
0.284950
0.287975
0.294000
0.295900
0.296300
0.299975
0.301575
0.301850
0.310325
0.323425
0.325150
0.325200
0.325350
0.326100
0.333800
0.337350
0.339700
0.342925
0.344525
0.348475
0.350000
0.351350
0.355650
0.363975
0.381675
0.382400
0.390675
0.397675
0.401900
0.403175
0.424200
0.424850
0.439875
0.447075
0.450600
0.453875
0.473675
0.480250
0.480875
0.489300
0.491750
0.502275
0.503250
0.505275
0.506250
0.517000
0.517800
0.522525
0.523525
0.524925
0.525100
0.527700
0.529450
0.532875
0.536625
0.539750
0.545475
0.546000
0.548525
0.548950
0.549675
0.552475
0.553100
0.555425
0.556350
0.570000
0.571400
0.574875
0.585325
0.586300
0.612700
0.613675
0.614275
0.624050
0.624775
0.636325
0.639075
0.644800
0.646375
0.650400
0.652025
0.653075
0.653450
0.655425
0.661825
0.662125
0.665350
0.668850
0.684450
0.687225
0.693300
0.701150
0.705250
0.729150
0.735800
0.742825
0.745400
0.747425
0.752525
0.762375
0.769200
0.770050
0.785275
0.787775
0.796525
0.800600
0.809175
0.814000
0.820975
0.837275
0.837600
0.841750
0.854250
0.875850
0.877425
0.878100
0.879850
0.884900
0.887600
0.892225
0.895525
0.906800
0.911325
0.913775
0.924325
0.940150
0.942075
0.942475
0.942525
0.945950
0.956875
0.963150
0.964450
0.966825
0.977625
0.987275
0.995425
1.019350
1.043825
1.054275
1.056275
1.075950
1.077150
1.083300
1.087525
1.091525
1.106200
1.107175
1.116450
1.121425
1.139900
1.181600
1.231775
1.238550
1.259500
1.292000
1.294550
1.307225
1.321200
1.332075
1.336150
1.406225
1.424600
1.430800
1.465100
1.478050
1.499625
1.514425
1.573550
1.666425
1.697300
1.754300
1.826450
2.301025
2.375600
2.446825
243
