0.008150
0.010000
0.010375
0.014200
0.033000
0.033300
0.036525
0.041275
0.049400
0.052000
0.056550
0.057800
0.057825
0.067300
0.072375
0.075075
0.075600
0.088050
0.091950
0.096875
0.098050
0.098275
0.099150
0.101150
0.102575
0.112950
0.115050
0.117925
0.118750
0.123300
0.127800
0.131050
0.132400
0.140550
0.142475
0.149000
0.154875
0.169075
0.169950
0.172350
0.179075
0.182850
0.191800
0.201300
0.213850
0.214150
0.216900
0.225925
0.230925
0.234750
0.235175
0.236175
0.237775
0.240000
0.243475
0.244400
0.247275
0.256125
0.257975
0.263025
0.268650
0.275875
0.279975
0.284650
0.293175
0.296125
0.309150
0.317550
0.319500
0.323100
0.323675
0.331450
0.338750
0.339725
0.354350
0.358050
0.359950
0.366400
0.382550
0.382825
0.390525
0.393100
0.396750
0.403450
0.404475
0.405225
0.407200
0.412050
0.423950
0.450750
0.451525
0.466625
0.468200
0.471575
0.483625
0.484450
0.488200
0.490625
0.491450
0.497950
0.503275
0.503850
0.507625
0.517725
0.521650
0.524375
0.531900
0.537475
0.539750
0.541400
0.549425
0.558000
0.566400
0.568225
0.568875
0.574800
0.576500
0.578025
0.582000
0.582900
0.584925
0.586175
0.587600
0.589000
0.591200
0.593575
0.596050
0.603050
0.605425
0.614950
0.624075
0.626650
0.630050
0.643675
0.650300
0.652100
0.655400
0.667775
0.670350
0.671500
0.675625
0.676725
0.678550
0.683275
0.683775
0.685700
0.694850
0.698700
0.700000
0.701325
0.707375
0.711550
0.718250
0.718700
0.719650
0.722600
0.726375
0.731025
0.735100
0.740800
0.742150
0.749725
0.750225
0.751650
0.755900
0.757675
0.759850
0.762675
0.768750
0.772075
0.785400
0.786775
0.786900
0.796875
0.797375
0.809350
0.812425
0.816800
0.817625
0.818150
0.823800
0.825125
0.829675
0.831300
0.840350
0.840525
0.845550
0.850475
0.852950
0.857375
0.857625
0.858775
0.868925
0.877025
0.881000
0.897575
0.898850
0.904250
0.913375
0.918325
0.933050
0.935250
0.938250
0.939950
0.948775
0.951350
0.976500
0.977650
0.990275
1.023575
1.039775
1.055275
1.060800
1.069500
1.070150
1.077800
1.098925
1.100100
1.102275
1.106750
1.123675
1.127025
1.128125
1.128900
1.129050
1.149625
1.152075
1.154025
1.192750
1.193100
1.198900
1.210675
1.241175
1.267425
1.292175
1.310550
1.328300
1.381350
1.424650
1.431825
1.448350
1.452275
1.461650
1.493025
1.514575
1.520150
1.526325
1.529150
1.536225
1.594700
1.605150
1.707125
1.711200
1.824400
1.853350
1.857500
1.899025
1.901150
1.970425
2.024700
2.037150
2.111175
2.121375
263
