0.003675
0.004750
0.007400
0.008350
0.008375
0.013975
0.014650
0.022175
0.029750
0.034300
0.046025
0.047500
0.047775
0.048725
0.050500
0.057375
0.062350
0.065825
0.076375
0.085200
0.087125
0.092500
0.097875
0.104375
0.116050
0.118075
0.120775
0.125275
0.131075
0.133325
0.138025
0.138775
0.138900
0.146975
0.153025
0.155950
0.161475
0.168575
0.169475
0.173175
0.178900
0.186200
0.200050
0.202775
0.212750
0.216975
0.222300
0.223850
0.228475
0.236600
0.245475
0.246600
0.250075
0.250450
0.252950
0.253025
0.255325
0.256625
0.257875
0.259625
0.261475
0.267225
0.267975
0.272325
0.274275
0.274650
0.275825
0.279725
0.292525
0.295225
0.306550
0.312425
0.328900
0.336675
0.337875
0.338150
0.345425
0.346700
0.347700
0.348225
0.351400
0.351450
0.362200
0.363100
0.363775
0.367075
0.367975
0.384400
0.388825
0.405875
0.406400
0.410175
0.413325
0.418825
0.427775
0.427875
0.432400
0.436400
0.437575
0.452175
0.454375
0.456600
0.467575
0.467675
0.491900
0.495100
0.496825
0.503375
0.515375
0.519125
0.523175
0.524825
0.528775
0.536850
0.544925
0.546400
0.546400
0.553350
0.556800
0.562700
0.563050
0.564500
0.587075
0.588375
0.594975
0.603875
0.608050
0.615300
0.616900
0.618275
0.637900
0.648100
0.661150
0.666650
0.669275
0.669450
0.674175
0.679175
0.692950
0.695300
0.704000
0.704650
0.713425
0.717925
0.718850
0.728400
0.729875
0.733525
0.733750
0.738550
0.759075
0.761900
0.772400
0.776900
0.788450
0.802025
0.819500
0.822125
0.828675
0.833750
0.837575
0.839850
0.840200
0.859000
0.877200
0.882725
0.884775
0.894375
0.905750
0.906150
0.907950
0.909225
0.918325
0.920800
0.923200
0.926275
0.935375
0.940225
0.945375
0.950300
0.956625
0.965725
0.978825
0.981875
0.983050
0.993800
0.995000
0.998825
1.004025
1.008450
1.040725
1.043000
1.043000
1.050375
1.054825
1.058725
1.072050
1.077200
1.095825
1.117925
1.137200
1.141875
1.157000
1.160800
1.163300
1.167300
1.182250
1.219275
1.227200
1.235875
1.247250
1.290675
1.314975
1.365325
1.380200
1.388125
1.406075
1.415650
1.418050
1.437375
1.473750
1.508825
1.521375
1.552800
1.556050
1.566350
1.617975
1.618850
1.647775
1.673375
1.701175
1.822450
2.013050
2.037925
2.109300
2.230175
236
