0.000400
0.002000
0.005100
0.006900
0.009025
0.012500
0.012800
0.016850
0.020075
0.023325
0.033350
0.035300
0.042000
0.043300
0.051400
0.062225
0.067475
0.074325
0.075500
0.075775
0.076875
0.080825
0.088475
0.088650
0.089200
0.093675
0.095925
0.114175
0.124375
0.127150
0.133850
0.135075
0.136100
0.137000
0.138650
0.145575
0.149300
0.161125
0.171875
0.176900
0.180800
0.182250
0.185250
0.190850
0.204975
0.211075
0.215250
0.237425
0.238350
0.243400
0.250200
0.251375
0.256025
0.259000
0.274400
0.278450
0.290175
0.295025
0.295175
0.299350
0.303300
0.303700
0.306175
0.314825
0.326175
0.328475
0.340925
0.343425
0.344375
0.357700
0.359375
0.366025
0.374100
0.384225
0.390600
0.403725
0.405400
0.412175
0.412975
0.416825
0.418975
0.423950
0.429475
0.431975
0.439450
0.451625
0.452775
0.457200
0.472125
0.476175
0.481125
0.481475
0.482575
0.482700
0.489550
0.490400
0.500425
0.507050
0.507150
0.515975
0.516025
0.526900
0.531775
0.542900
0.543500
0.545875
0.548900
0.554050
0.555325
0.556625
0.561875
0.562975
0.563775
0.573225
0.580900
0.582975
0.587000
0.589050
0.591825
0.592000
0.593400
0.595175
0.597175
0.601925
0.601950
0.605150
0.609775
0.618475
0.624225
0.634800
0.644850
0.645425
0.645975
0.647125
0.651500
0.652925
0.654625
0.657275
0.661350
0.675200
0.680900
0.693200
0.700375
0.702300
0.707850
0.714700
0.715750
0.730975
0.731150
0.731500
0.733825
0.736525
0.739225
0.742375
0.750525
0.751000
0.755100
0.756525
0.758875
0.761750
0.763950
0.778150
0.778375
0.780475
0.788025
0.788150
0.792675
0.793550
0.799075
0.805475
0.806050
0.806550
0.821950
0.822650
0.836025
0.846000
0.848900
0.852325
0.866600
0.874900
0.876825
0.889500
0.890075
0.893500
0.902050
0.938100
0.943125
0.963500
0.964550
0.990125
0.991825
1.038725
1.051525
1.084850
1.095375
1.103775
1.111525
1.118400
1.130675
1.144050
1.157625
1.162075
1.177775
1.233425
1.246700
1.252825
1.258925
1.290275
1.315725
1.373050
1.444025
1.449525
1.462225
1.493600
1.509450
1.645525
1.675775
1.692400
1.711550
1.720350
1.732375
1.749925
1.976675
2.084750
2.171550
2.195150
2.382975
2.445225
2.451375
229
