0.003450
0.004450
0.010550
0.013850
0.014500
0.016975
0.019250
0.022875
0.029575
0.030575
0.031925
0.032100
0.037475
0.040650
0.045100
0.046500
0.050625
0.050800
0.070850
0.077400
0.077525
0.086425
0.088550
0.095700
0.096175
0.098200
0.100275
0.100325
0.101550
0.101900
0.115475
0.115900
0.117650
0.119575
0.123875
0.127975
0.128225
0.135325
0.136325
0.137875
0.140350
0.141750
0.144000
0.144975
0.147750
0.160500
0.162225
0.164775
0.165925
0.166950
0.168175
0.170225
0.174200
0.183775
0.187000
0.187575
0.189750
0.195925
0.202950
0.204300
0.213350
0.215475
0.217900
0.223325
0.232550
0.234425
0.236100
0.243175
0.252500
0.255575
0.266750
0.269775
0.279425
0.282875
0.284675
0.285375
0.290300
0.290975
0.294725
0.298925
0.305575
0.308300
0.311375
0.313250
0.316150
0.321025
0.321350
0.325750
0.326475
0.327900
0.329425
0.336050
0.340725
0.341050
0.342050
0.349150
0.362200
0.364825
0.367900
0.370800
0.376250
0.376900
0.383850
0.391175
0.391950
0.401150
0.403150
0.403525
0.406050
0.415700
0.417275
0.430450
0.431675
0.433525
0.436500
0.437475
0.439300
0.439875
0.441550
0.443050
0.446525
0.451600
0.480250
0.495275
0.504000
0.506025
0.519900
0.521975
0.524450
0.531775
0.532025
0.533925
0.535525
0.536425
0.538100
0.546900
0.548400
0.548600
0.550825
0.551150
0.551975
0.553550
0.554450
0.556475
0.558100
0.563875
0.564050
0.566750
0.577275
0.581325
0.582425
0.587025
0.594650
0.603150
0.607825
0.621825
0.634550
0.636100
0.667475
0.667725
0.675000
0.675250
0.678975
0.683100
0.686700
0.687150
0.688475
0.695700
0.699725
0.701475
0.703100
0.704875
0.706700
0.708350
0.713775
0.720825
0.724200
0.738375
0.750625
0.752075
0.761925
0.762200
0.772650
0.777650
0.778675
0.780025
0.781675
0.782575
0.786775
0.787200
0.787700
0.787775
0.795750
0.799075
0.802300
0.803525
0.803700
0.810050
0.818075
0.824175
0.828000
0.831975
0.835175
0.848000
0.850150
0.859025
0.868225
0.869300
0.875675
0.877200
0.905725
0.926300
0.941500
0.942850
0.943775
0.965875
0.966325
0.968200
0.969400
0.988675
0.991350
0.992050
1.007425
1.058625
1.062675
1.063600
1.071925
1.098200
1.098950
1.105975
1.113475
1.148975
1.155950
1.163600
1.167700
1.168300
1.173525
1.199625
1.202225
1.209725
1.222550
1.248600
1.271375
1.278225
1.282125
1.296300
1.324250
1.372975
1.378250
1.383725
1.384475
1.408375
1.428050
1.448925
1.479200
1.517200
1.519900
1.545200
1.594100
1.648500
1.663200
1.694925
1.701575
1.718950
1.754300
1.875550
1.877250
1.961400
1.974900
2.105800
2.140375
2.435775
272
