0.004275
0.010150
0.012050
0.012125
0.013325
0.014475
0.025050
0.026975
0.031425
0.035875
0.042275
0.043450
0.043650
0.049150
0.051275
0.058275
0.061450
0.061875
0.065675
0.068650
0.071825
0.075125
0.076850
0.077125
0.102050
0.115800
0.116400
0.124375
0.125700
0.134225
0.136925
0.144800
0.146700
0.146700
0.154100
0.156975
0.166825
0.168000
0.171125
0.177125
0.188900
0.189675
0.190100
0.191400
0.196525
0.200700
0.201425
0.205050
0.209475
0.214350
0.214400
0.218550
0.224900
0.229650
0.234800
0.235950
0.239450
0.239750
0.240350
0.240875
0.242475
0.242700
0.245650
0.248000
0.252675
0.253125
0.253275
0.255800
0.256150
0.257000
0.260625
0.263975
0.271325
0.273425
0.280400
0.281500
0.286575
0.288900
0.292025
0.292325
0.294125
0.294950
0.298325
0.298575
0.299150
0.301200
0.303300
0.319350
0.327675
0.328950
0.332625
0.334475
0.351825
0.354000
0.359100
0.361750
0.389675
0.392775
0.396925
0.397050
0.397825
0.404600
0.412100
0.418100
0.418125
0.419050
0.422100
0.422225
0.422875
0.424500
0.432975
0.433000
0.433925
0.434900
0.435075
0.441625
0.441875
0.446250
0.446400
0.446625
0.456350
0.471575
0.476450
0.481125
0.481625
0.485425
0.485525
0.486325
0.492475
0.496750
0.503175
0.511975
0.537700
0.539025
0.544125
0.548250
0.550650
0.563525
0.566075
0.571825
0.573525
0.595825
0.599100
0.603150
0.611000
0.614575
0.615050
0.617850
0.618100
0.619725
0.623500
0.627625
0.630475
0.633875
0.637350
0.643350
0.644775
0.645525
0.645650
0.647525
0.650175
0.650950
0.652275
0.659775
0.661125
0.662725
0.664800
0.678750
0.680450
0.688450
0.694025
0.697825
0.698025
0.705850
0.714225
0.715125
0.721250
0.729575
0.732900
0.736625
0.741500
0.741725
0.748425
0.749150
0.758275
0.761150
0.765875
0.768250
0.777825
0.783175
0.783400
0.789975
0.794400
0.797650
0.811150
0.820725
0.830250
0.834225
0.836325
0.870000
0.871050
0.873375
0.875800
0.880300
0.882150
0.885475
0.887400
0.908800
0.913950
0.914375
0.925400
0.936375
0.954600
0.961575
0.971325
0.975050
0.975325
0.977675
0.978500
0.980850
0.988050
1.015025
1.016050
1.017725
1.021250
1.026450
1.026950
1.031850
1.035900
1.048075
1.065725
1.071850
1.086625
1.100150
1.105475
1.122475
1.126900
1.129000
1.135525
1.136500
1.148825
1.149150
1.152475
1.162425
1.162725
1.163625
1.171650
1.183325
1.187700
1.203025
1.210725
1.223175
1.228950
1.245250
1.245425
1.260600
1.307450
1.353500
1.371700
1.385075
1.416950
1.460125
1.515175
1.561550
1.568925
1.613125
1.656175
1.663425
1.676650
1.719125
1.765150
1.778000
1.854875
1.909725
2.169775
2.174575
2.286750
2.331500
278
