0.005425
0.005925
0.008725
0.014500
0.014775
0.016875
0.019200
0.019325
0.022600
0.023650
0.025625
0.030875
0.035950
0.040175
0.054350
0.058700
0.059300
0.060225
0.063325
0.064350
0.065850
0.084075
0.086000
0.086875
0.090375
0.090875
0.091425
0.093000
0.093025
0.093950
0.096775
0.100300
0.106750
0.109425
0.116525
0.121375
0.122125
0.123200
0.145750
0.158200
0.183475
0.184825
0.191675
0.194800
0.195575
0.197125
0.199175
0.200700
0.202475
0.210925
0.219150
0.222700
0.225325
0.230975
0.233800
0.237350
0.240075
0.246150
0.256850
0.259475
0.260325
0.261950
0.267400
0.270150
0.274425
0.276275
0.290900
0.292150
0.311725
0.330450
0.331600
0.334425
0.340100
0.343925
0.349425
0.355725
0.374725
0.376175
0.379900
0.388825
0.389725
0.393450
0.397175
0.399925
0.400200
0.403450
0.410125
0.410450
0.414300
0.425725
0.428025
0.433425
0.433850
0.438725
0.443325
0.453050
0.473100
0.473250
0.473650
0.475075
0.481600
0.513150
0.513200
0.513925
0.516025
0.522300
0.523525
0.526500
0.542475
0.550425
0.553400
0.557575
0.563600
0.568400
0.571075
0.572700
0.575450
0.575925
0.584200
0.586400
0.588550
0.593450
0.597050
0.606675
0.607675
0.611000
0.614500
0.615125
0.615975
0.619175
0.619650
0.620550
0.630675
0.635525
0.636075
0.642550
0.644525
0.645800
0.648475
0.654575
0.655175
0.655975
0.656675
0.659850
0.680950
0.689025
0.690875
0.693975
0.699350
0.702900
0.709550
0.712675
0.712925
0.717100
0.721500
0.721975
0.732575
0.733225
0.737375
0.745600
0.746000
0.747500
0.758650
0.768100
0.769475
0.770725
0.771900
0.779625
0.783575
0.788225
0.789075
0.808875
0.814375
0.831250
0.832600
0.842675
0.844125
0.851275
0.858875
0.893050
0.896350
0.897250
0.900075
0.912250
0.914125
0.915875
0.919775
0.930525
0.937075
0.937725
0.944400
0.947500
0.958625
0.959850
0.974650
0.978125
0.995975
0.998150
1.008725
1.014750
1.034700
1.040700
1.049100
1.060700
1.068400
1.074575
1.088500
1.094525
1.105675
1.111250
1.116800
1.117975
1.129600
1.142275
1.162075
1.175225
1.176875
1.178725
1.197025
1.224225
1.236325
1.273525
1.276975
1.327925
1.357675
1.358225
1.372475
1.405025
1.435775
1.474225
1.497225
1.541175
1.547975
1.608900
1.672900
1.740600
1.750650
1.800650
1.802375
1.849475
1.868550
1.916525
2.029650
2.225075
244
