0.002325
0.009500
0.010625
0.019650
0.032700
0.036075
0.038175
0.040525
0.046975
0.055225
0.064625
0.066250
0.074725
0.086925
0.101675
0.104550
0.106750
0.113150
0.115750
0.118475
0.122150
0.132450
0.133075
0.135250
0.137450
0.140450
0.149775
0.153650
0.158850
0.159900
0.165850
0.174325
0.179250
0.190000
0.190450
0.191325
0.192275
0.196775
0.205850
0.222025
0.228650
0.233725
0.237100
0.242925
0.250275
0.250975
0.255675
0.258900
0.272225
0.276175
0.289400
0.302425
0.308525
0.309950
0.322325
0.324300
0.342425
0.343200
0.343950
0.355575
0.357125
0.358200
0.358300
0.360175
0.363450
0.365150
0.390500
0.391600
0.395125
0.401350
0.418400
0.419500
0.419900
0.420100
0.428850
0.435575
0.438250
0.440350
0.448525
0.449050
0.455600
0.465625
0.466100
0.471925
0.475675
0.480350
0.483975
0.493375
0.502500
0.504475
0.507850
0.510250
0.512175
0.519925
0.521525
0.523750
0.523975
0.531100
0.531625
0.542700
0.552125
0.557425
0.560825
0.561000
0.561225
0.566025
0.573075
0.578850
0.579850
0.580600
0.584925
0.590200
0.595425
0.595650
0.597425
0.610150
0.617125
0.621600
0.629600
0.631750
0.635700
0.651025
0.655125
0.658025
0.661150
0.664850
0.665800
0.666575
0.686900
0.697950
0.698925
0.703500
0.714225
0.718950
0.726425
0.736500
0.738350
0.755425
0.767025
0.771325
0.772725
0.774775
0.775450
0.781225
0.786200
0.790525
0.801025
0.807250
0.813200
0.825850
0.830700
0.836325
0.840575
0.855175
0.857025
0.867725
0.871675
0.872950
0.877075
0.887675
0.896700
0.899675
0.911150
0.921225
0.925850
0.938300
0.950725
0.954325
0.954325
0.966150
0.973850
0.977475
0.980725
0.989550
0.992525
1.002350
1.028025
1.032300
1.041175
1.041400
1.092675
1.106775
1.113850
1.132500
1.139325
1.162500
1.179075
1.201800
1.260800
1.270225
1.271525
1.272550
1.284000
1.300700
1.322700
1.337900
1.360850
1.393825
1.403150
1.406925
1.416850
1.444925
1.464525
1.468775
1.583850
1.598975
1.599600
1.618225
1.694000
1.697150
1.763350
1.791400
1.810275
1.902975
1.914775
2.039175
2.092275
2.191475
2.328575
219
