0.001025
0.006875
0.006900
0.007200
0.011075
0.011625
0.011900
0.018525
0.029525
0.031125
0.041075
0.045625
0.048700
0.076700
0.090525
0.092150
0.094150
0.094225
0.096450
0.104575
0.116350
0.116725
0.116900
0.117625
0.119600
0.122550
0.124075
0.125175
0.130925
0.134075
0.135525
0.153100
0.155475
0.162050
0.163025
0.166850
0.169400
0.179625
0.180725
0.180900
0.184950
0.185275
0.185725
0.186750
0.186800
0.186925
0.189175
0.194150
0.195225
0.195550
0.202500
0.203875
0.211675
0.213275
0.217300
0.223600
0.235250
0.235825
0.237900
0.246400
0.249275
0.254125
0.256625
0.267300
0.276000
0.276525
0.278525
0.284025
0.288975
0.298950
0.311475
0.324575
0.326900
0.333525
0.336700
0.338925
0.346400
0.350600
0.354725
0.361600
0.366500
0.369275
0.378175
0.378500
0.385925
0.386575
0.387275
0.395600
0.400950
0.410600
0.411450
0.413575
0.423050
0.429200
0.430075
0.433350
0.434350
0.437200
0.444275
0.446025
0.450050
0.456250
0.457725
0.463875
0.466425
0.475975
0.477775
0.481400
0.482000
0.492675
0.496000
0.496425
0.496775
0.501175
0.503175
0.505575
0.508450
0.508900
0.515000
0.523100
0.542700
0.556975
0.557875
0.564800
0.568325
0.572375
0.574175
0.574475
0.578450
0.579250
0.581050
0.581075
0.589225
0.591525
0.600825
0.601500
0.608500
0.612800
0.631575
0.635100
0.637900
0.643475
0.645200
0.656000
0.661700
0.663075
0.664350
0.671325
0.675500
0.676750
0.677475
0.680275
0.685525
0.688975
0.700925
0.702750
0.703550
0.704900
0.706425
0.707350
0.718325
0.724725
0.726250
0.738125
0.738850
0.739200
0.743250
0.750750
0.758075
0.758700
0.771475
0.774875
0.775125
0.776525
0.779000
0.779175
0.780125
0.786450
0.796200
0.800700
0.809575
0.815100
0.820950
0.838625
0.838650
0.840375
0.843075
0.850200
0.852625
0.859850
0.859975
0.860000
0.878025
0.878900
0.886325
0.889850
0.899725
0.910475
0.938300
0.941875
0.945925
0.953975
0.959625
0.967750
0.969150
0.974500
0.993525
1.022450
1.024950
1.028500
1.035225
1.059725
1.069800
1.070175
1.076075
1.081775
1.089025
1.090600
1.092050
1.098075
1.104025
1.115375
1.120600
1.141250
1.150125
1.182350
1.183800
1.190550
1.209850
1.210275
1.229600
1.232900
1.237425
1.294075
1.301650
1.338300
1.355900
1.356825
1.387300
1.432550
1.488850
1.490300
1.551500
1.615075
1.629900
1.750850
1.782150
1.816675
1.979325
1.998700
2.048275
2.107700
2.169025
2.399825
254
