0.000250
0.000550
0.004450
0.006425
0.024375
0.024775
0.025650
0.026800
0.037350
0.039175
0.046925
0.047675
0.049000
0.054575
0.054700
0.056000
0.058400
0.065950
0.070325
0.075225
0.077575
0.080250
0.081500
0.081825
0.082200
0.083850
0.086725
0.087950
0.094200
0.104925
0.105525
0.109200
0.118450
0.119575
0.121325
0.123275
0.125675
0.127325
0.135450
0.137550
0.148875
0.150650
0.158975
0.159175
0.159725
0.160950
0.162350
0.166500
0.168050
0.176350
0.176775
0.180550
0.182175
0.187825
0.190025
0.191400
0.191925
0.196100
0.201525
0.204400
0.217725
0.217975
0.225550
0.236725
0.238900
0.245500
0.252050
0.256825
0.263675
0.265375
0.273475
0.275150
0.283000
0.293300
0.301150
0.301625
0.306325
0.311325
0.312925
0.316775
0.318050
0.321650
0.324375
0.330775
0.341725
0.343900
0.346725
0.346800
0.355125
0.355500
0.361950
0.365500
0.371650
0.381275
0.385850
0.392000
0.398375
0.408100
0.410800
0.411550
0.413525
0.413825
0.418975
0.422325
0.427850
0.436700
0.437150
0.442025
0.449475
0.450175
0.452825
0.457450
0.459375
0.461725
0.477275
0.484100
0.496950
0.498075
0.498925
0.504900
0.511400
0.521325
0.521700
0.524075
0.525725
0.532250
0.534725
0.546400
0.546625
0.549050
0.549450
0.551900
0.554675
0.577450
0.579275
0.579650
0.580750
0.581425
0.586250
0.595200
0.605650
0.606075
0.614825
0.616475
0.619800
0.625275
0.640525
0.642375
0.646050
0.652675
0.652675
0.653075
0.667375
0.676500
0.678575
0.682200
0.683075
0.698200
0.701600
0.703025
0.705875
0.711625
0.727575
0.737925
0.739700
0.742525
0.749125
0.756925
0.761300
0.762000
0.763675
0.764975
0.771775
0.776500
0.780225
0.785125
0.792025
0.793600
0.797075
0.798450
0.802175
0.803375
0.807550
0.807825
0.825125
0.826900
0.829675
0.847525
0.850450
0.863875
0.868650
0.871675
0.873425
0.877825
0.882900
0.888575
0.889550
0.891300
0.902300
0.915350
0.917850
0.921375
0.922000
0.927975
0.938725
0.949825
0.956400
0.959675
0.960425
0.961925
0.963950
0.964950
0.966200
0.984550
0.993975
1.000400
1.001125
1.003550
1.004525
1.004725
1.011525
1.012175
1.028925
1.031025
1.037850
1.048300
1.067025
1.067100
1.070500
1.075575
1.103675
1.165625
1.176675
1.179200
1.181075
1.181300
1.228325
1.241250
1.250300
1.285600
1.317375
1.323375
1.324125
1.327750
1.333600
1.342500
1.369625
1.372975
1.413800
1.416350
1.613425
1.637875
1.667800
1.720675
1.781400
1.838875
1.873900
2.005950
2.059150
2.071700
2.129975
2.133050
2.311025
263
