0.001675
0.004250
0.004325
0.011100
0.014375
0.022125
0.022500
0.027675
0.028375
0.034975
0.043950
0.049125
0.049800
0.059175
0.064600
0.074050
0.082350
0.085900
0.091725
0.091850
0.101400
0.113675
0.114275
0.115200
0.115625
0.118950
0.121225
0.132100
0.132400
0.143750
0.147625
0.154875
0.156700
0.160525
0.162575
0.164200
0.174825
0.180050
0.184625
0.186500
0.189825
0.204575
0.212600
0.213275
0.214200
0.219650
0.223750
0.227250
0.227850
0.237875
0.253875
0.262175
0.262825
0.263525
0.274150
0.277500
0.277825
0.284450
0.285875
0.286575
0.304850
0.306650
0.320950
0.321150
0.325625
0.326000
0.327325
0.328025
0.330850
0.333925
0.367150
0.378225
0.381850
0.382000
0.398850
0.405375
0.410150
0.413225
0.418225
0.422825
0.424200
0.428850
0.432375
0.438175
0.441350
0.445425
0.453225
0.458775
0.459525
0.487400
0.495225
0.496900
0.511100
0.514200
0.517750
0.528275
0.529475
0.536500
0.536525
0.540875
0.541725
0.542925
0.545150
0.546650
0.546850
0.550150
0.551275
0.554675
0.561475
0.565800
0.566775
0.580325
0.592375
0.592550
0.593075
0.595225
0.595250
0.609275
0.610075
0.618100
0.618150
0.618325
0.624125
0.625825
0.627825
0.630250
0.632075
0.633300
0.635150
0.648500
0.651675
0.662525
0.673175
0.683400
0.685225
0.687425
0.688625
0.690700
0.693700
0.697350
0.699125
0.700500
0.702800
0.708275
0.709675
0.710950
0.717175
0.720250
0.724650
0.727850
0.733675
0.734825
0.735000
0.738450
0.743150
0.745825
0.754350
0.759725
0.763025
0.765700
0.768700
0.773450
0.776675
0.795300
0.807250
0.808750
0.815675
0.818825
0.819350
0.824425
0.827400
0.828600
0.832000
0.832300
0.832550
0.859750
0.867350
0.869375
0.876650
0.880500
0.882575
0.885000
0.904800
0.914325
0.917650
0.928675
0.936600
0.938200
0.939925
0.947850
0.957600
0.964375
0.964525
0.967625
0.976625
0.981475
0.983025
0.983325
0.988000
0.988300
0.989325
1.009350
1.009600
1.011050
1.015150
1.016550
1.075450
1.105950
1.138775
1.169475
1.174650
1.197425
1.200775
1.258350
1.298575
1.305750
1.335500
1.349175
1.362525
1.371200
1.385000
1.387200
1.409975
1.440300
1.466000
1.531375
1.561000
1.585050
1.589575
1.598200
1.727175
1.755825
1.762850
1.815250
1.951700
2.009050
236
