0.000925
0.001575
0.002250
0.013825
0.019700
0.026075
0.026300
0.026700
0.039200
0.041100
0.050225
0.051875
0.052475
0.063000
0.063825
0.063950
0.065700
0.069575
0.071025
0.078000
0.087025
0.090425
0.092625
0.093500
0.097325
0.101975
0.102550
0.112525
0.119025
0.119975
0.124850
0.130000
0.142150
0.145125
0.146200
0.151850
0.154050
0.154250
0.161075
0.161100
0.165450
0.183825
0.187175
0.188650
0.191600
0.194300
0.198475
0.208075
0.208475
0.212250
0.213400
0.213775
0.219975
0.221075
0.226700
0.229725
0.229750
0.229850
0.230450
0.233450
0.241950
0.248250
0.254550
0.255225
0.256950
0.259250
0.261275
0.268875
0.270250
0.274175
0.277750
0.279850
0.281550
0.289350
0.303550
0.304125
0.306525
0.306800
0.312475
0.313125
0.313250
0.316200
0.322425
0.326000
0.331600
0.332800
0.335575
0.337125
0.342350
0.348875
0.348900
0.352075
0.354200
0.362125
0.362250
0.365825
0.365900
0.371750
0.372275
0.372600
0.373825
0.378950
0.379125
0.382575
0.395300
0.401200
0.402125
0.405925
0.410825
0.410975
0.411925
0.415125
0.427425
0.433400
0.436550
0.438525
0.445750
0.447025
0.451150
0.452350
0.461475
0.468875
0.468875
0.475925
0.482050
0.482075
0.487050
0.500150
0.508050
0.513025
0.515600
0.519875
0.527450
0.531850
0.538300
0.546175
0.547525
0.550975
0.551175
0.557450
0.563750
0.565650
0.565825
0.567025
0.573775
0.574925
0.576875
0.577600
0.591725
0.592250
0.592325
0.599325
0.599500
0.604375
0.613600
0.618825
0.621225
0.622075
0.625900
0.628125
0.632000
0.635325
0.643100
0.645600
0.645700
0.647625
0.651875
0.662250
0.663675
0.672225
0.678275
0.679125
0.686950
0.690675
0.692650
0.693150
0.697525
0.707950
0.715900
0.716375
0.716550
0.720400
0.727200
0.729975
0.742225
0.743400
0.748625
0.752175
0.771600
0.773200
0.779700
0.779800
0.781125
0.794375
0.795400
0.800175
0.807075
0.807775
0.808300
0.808725
0.810500
0.818325
0.818800
0.828600
0.843575
0.850975
0.855475
0.877650
0.888475
0.894675
0.897650
0.905500
0.914025
0.914950
0.919175
0.929750
0.935100
0.937425
0.942775
0.943700
0.948900
0.961675
0.970175
0.971300
0.991675
0.991700
1.009800
1.012075
1.019775
1.023200
1.028025
1.051450
1.058275
1.061350
1.064700
1.079675
1.080600
1.085825
1.100600
1.124175
1.139125
1.153050
1.157300
1.173700
1.175025
1.187350
1.187425
1.206825
1.215725
1.230775
1.235500
1.250700
1.252150
1.283125
1.288850
1.292775
1.296325
1.303900
1.336500
1.424475
1.441450
1.494825
1.519850
1.565150
1.571800
1.579550
1.688250
1.688675
1.699450
1.709350
1.713875
1.797225
1.828350
1.828550
1.837850
1.838100
1.859975
1.900000
1.945175
2.006450
2.038800
2.043100
2.044775
2.156100
2.201950
285
