0.001075
0.008675
0.013775
0.015825
0.024450
0.024525
0.033500
0.033575
0.037475
0.038650
0.045825
0.053675
0.069375
0.078675
0.091625
0.100175
0.106500
0.109125
0.115200
0.121950
0.122075
0.123950
0.125025
0.125275
0.128650
0.130375
0.136750
0.141175
0.142825
0.144350
0.145075
0.146100
0.147200
0.165650
0.165975
0.170825
0.170850
0.173800
0.175775
0.182250
0.186800
0.192475
0.193250
0.198150
0.202025
0.205825
0.211175
0.215900
0.216750
0.218800
0.228325
0.235200
0.235875
0.237525
0.245625
0.254525
0.261775
0.263850
0.264225
0.264650
0.274250
0.275725
0.277050
0.277175
0.279150
0.282575
0.283675
0.289600
0.296275
0.299125
0.300000
0.305375
0.305550
0.306825
0.307400
0.315950
0.318075
0.321175
0.325900
0.342475
0.343875
0.352425
0.353300
0.357600
0.359025
0.361000
0.370625
0.371100
0.383400
0.383675
0.388875
0.390625
0.394775
0.395950
0.400250
0.406025
0.408375
0.416725
0.420525
0.420725
0.421325
0.427200
0.428075
0.431275
0.439725
0.448775
0.449825
0.463575
0.480750
0.481700
0.482925
0.491725
0.499675
0.501275
0.501500
0.510725
0.511725
0.514100
0.523400
0.530150
0.531475
0.534425
0.538625
0.539150
0.551000
0.559800
0.569875
0.570350
0.576875
0.581475
0.584825
0.594450
0.595750
0.596125
0.596850
0.602125
0.611675
0.615200
0.616800
0.623000
0.629100
0.633450
0.642700
0.648850
0.653175
0.657300
0.667775
0.668450
0.675500
0.676100
0.680450
0.686650
0.694475
0.694600
0.699150
0.706625
0.708750
0.711475
0.714500
0.716425
0.723125
0.723650
0.724475
0.743550
0.746175
0.748575
0.754425
0.756650
0.759100
0.762800
0.767225
0.778350
0.778675
0.787850
0.799325
0.805400
0.806500
0.818400
0.819850
0.821775
0.825150
0.869600
0.871825
0.872000
0.876000
0.880325
0.883225
0.885250
0.890475
0.898850
0.904125
0.904800
0.934800
0.944725
0.950000
0.950900
0.951925
0.965675
0.966525
0.972275
0.978400
0.982800
1.016650
1.055600
1.071700
1.074850
1.090300
1.101250
1.106100
1.108200
1.119475
1.127175
1.143250
1.172125
1.237975
1.243250
1.251575
1.259300
1.268800
1.285775
1.340800
1.360350
1.362775
1.378750
1.405525
1.478350
1.586675
1.604375
1.773575
1.938350
2.078050
2.231575
232
