0.002400
0.009275
0.011450
0.013575
0.018700
0.021450
0.021625
0.021725
0.028625
0.032125
0.035125
0.036600
0.039300
0.042100
0.048400
0.056125
0.059525
0.074375
0.078700
0.084075
0.085550
0.103725
0.119925
0.129775
0.133650
0.134100
0.135250
0.136050
0.148075
0.149275
0.150150
0.158750
0.161875
0.162350
0.166325
0.172025
0.175300
0.181250
0.181500
0.184875
0.187775
0.189000
0.192675
0.194150
0.197325
0.198425
0.203475
0.209050
0.216175
0.217600
0.217775
0.221350
0.221950
0.227675
0.233000
0.250750
0.268200
0.270400
0.276325
0.279650
0.280600
0.282925
0.287200
0.293850
0.298025
0.309450
0.322925
0.334625
0.336925
0.343250
0.344325
0.348175
0.349450
0.350975
0.360250
0.369500
0.383950
0.391700
0.394500
0.395175
0.396750
0.409175
0.414900
0.417350
0.437950
0.446975
0.449175
0.455550
0.460200
0.462675
0.465300
0.466775
0.466775
0.470175
0.470300
0.473050
0.484250
0.485300
0.486900
0.489600
0.495500
0.497125
0.497825
0.500150
0.501325
0.507150
0.511325
0.513125
0.525600
0.528375
0.528575
0.528825
0.538525
0.538925
0.541375
0.544250
0.550475
0.557650
0.560550
0.562125
0.581150
0.589950
0.597350
0.620625
0.621200
0.627850
0.639700
0.644050
0.646200
0.649975
0.650025
0.651800
0.652725
0.655625
0.655950
0.662725
0.666500
0.668825
0.669550
0.671650
0.677300
0.681050
0.686925
0.691200
0.694225
0.694325
0.694925
0.704000
0.716075
0.716750
0.740000
0.747525
0.764850
0.775375
0.776000
0.778950
0.792200
0.801925
0.802075
0.806325
0.838125
0.858750
0.861275
0.866700
0.890300
0.890950
0.894525
0.902950
0.909375
0.920275
0.951300
0.981300
0.981425
0.993725
1.004650
1.015425
1.017525
1.018275
1.039625
1.040575
1.045075
1.045125
1.045375
1.048500
1.050625
1.063250
1.071475
1.076350
1.078150
1.107100
1.115325
1.122525
1.124575
1.157250
1.157950
1.160375
1.173500
1.215075
1.225000
1.227325
1.231450
1.252250
1.279800
1.282500
1.306825
1.340475
1.346800
1.355275
1.361500
1.375025
1.426825
1.437200
1.441275
1.447000
1.450950
1.453925
1.455450
1.472725
1.479950
1.506825
1.512250
1.818475
1.886025
1.891075
1.954350
2.024750
2.077175
2.388775
2.476075
229
