0.001950
0.015175
0.016950
0.017800
0.019125
0.024750
0.025100
0.028450
0.039900
0.061450
0.076450
0.087625
0.090625
0.091575
0.107150
0.107500
0.111725
0.111975
0.112425
0.115250
0.127125
0.133400
0.136775
0.138050
0.139300
0.140025
0.141750
0.145900
0.146075
0.146525
0.147900
0.153925
0.156025
0.157675
0.159200
0.160825
0.164700
0.172100
0.175875
0.176375
0.179700
0.180275
0.188750
0.191125
0.191475
0.202850
0.205225
0.206325
0.212800
0.213075
0.218175
0.219200
0.219600
0.222800
0.224800
0.228325
0.232625
0.235375
0.242950
0.252000
0.252475
0.253900
0.258000
0.263475
0.274450
0.275550
0.286275
0.287750
0.305625
0.311850
0.315700
0.334325
0.336350
0.339300
0.352200
0.360050
0.364925
0.366675
0.369025
0.372975
0.373550
0.379100
0.385125
0.389700
0.391850
0.391875
0.397750
0.399550
0.399750
0.400475
0.404250
0.405025
0.411825
0.416250
0.432600
0.433225
0.433225
0.437825
0.445225
0.449950
0.455025
0.468275
0.468500
0.472050
0.472475
0.477275
0.480600
0.482825
0.482875
0.484875
0.499300
0.509575
0.509600
0.509900
0.513300
0.518125
0.519800
0.529175
0.533525
0.535500
0.537175
0.538325
0.540525
0.544975
0.545975
0.553225
0.572400
0.574500
0.576050
0.583750
0.584075
0.585475
0.590075
0.596925
0.606075
0.606825
0.607000
0.609400
0.621725
0.622350
0.624150
0.626075
0.627625
0.633975
0.638750
0.641075
0.645225
0.645775
0.648075
0.651150
0.651975
0.652125
0.662825
0.669600
0.680650
0.687125
0.688325
0.690900
0.691625
0.695375
0.697925
0.699375
0.709975
0.714850
0.716025
0.718900
0.723100
0.728350
0.737200
0.741800
0.744300
0.753750
0.753875
0.757800
0.767550
0.778400
0.783800
0.784575
0.791975
0.796850
0.808025
0.817475
0.825100
0.825850
0.833050
0.838875
0.843825
0.850075
0.855800
0.858275
0.860000
0.879625
0.880700
0.888000
0.906800
0.911650
0.915275
0.919150
0.934125
0.938175
0.938500
0.943175
0.943875
0.945600
0.951525
0.954075
0.960700
0.966275
0.969625
0.971650
0.989375
0.995225
0.995525
0.999250
1.015500
1.020500
1.023850
1.035175
1.046425
1.050650
1.066500
1.067925
1.089525
1.090200
1.141025
1.148875
1.151700
1.178600
1.217100
1.231425
1.246975
1.247050
1.248150
1.250600
1.275175
1.326425
1.335875
1.345100
1.375475
1.391875
1.403175
1.510425
1.524425
1.618575
1.688350
1.764350
1.843700
2.095400
2.124875
2.390925
250
