0.003700
0.005625
0.005750
0.007600
0.015475
0.015775
0.023175
0.023775
0.028450
0.029475
0.035750
0.043225
0.060200
0.060675
0.062525
0.073150
0.079050
0.079400
0.082300
0.082825
0.086250
0.087025
0.089450
0.098625
0.102050
0.108350
0.110800
0.118275
0.120575
0.120725
0.120750
0.121475
0.122650
0.127250
0.129850
0.132700
0.133925
0.135600
0.140100
0.143850
0.149250
0.151400
0.153125
0.153550
0.153800
0.154850
0.163625
0.163775
0.190200
0.191175
0.200650
0.203750
0.206700
0.210500
0.211775
0.215850
0.220325
0.230350
0.232800
0.233950
0.236850
0.250750
0.250825
0.253150
0.256475
0.256625
0.260775
0.263275
0.264525
0.264725
0.265175
0.266425
0.267500
0.272750
0.275050
0.276775
0.280000
0.281950
0.291675
0.294800
0.295175
0.301450
0.307575
0.311050
0.311625
0.315000
0.333275
0.340875
0.345375
0.355425
0.359275
0.359925
0.362400
0.362525
0.374600
0.377100
0.388850
0.395500
0.395800
0.400575
0.402350
0.409325
0.410650
0.412675
0.414550
0.418950
0.423725
0.425450
0.429175
0.432500
0.432750
0.434075
0.447275
0.450225
0.462025
0.471600
0.472300
0.482675
0.484725
0.484750
0.485400
0.492100
0.494800
0.501575
0.503575
0.507900
0.509675
0.515825
0.523025
0.526575
0.528350
0.528550
0.528725
0.538475
0.543075
0.551250
0.555875
0.564150
0.570800
0.572100
0.577425
0.579000
0.579250
0.611500
0.615825
0.616300
0.617850
0.623225
0.633200
0.646925
0.653975
0.658725
0.659050
0.660775
0.662575
0.666275
0.666725
0.668000
0.679700
0.681075
0.687050
0.690575
0.696575
0.698550
0.711600
0.713200
0.715875
0.730025
0.735025
0.735775
0.737450
0.738000
0.741950
0.745100
0.745650
0.751475
0.759800
0.760125
0.779775
0.780350
0.792400
0.793750
0.795825
0.797150
0.799875
0.808525
0.809700
0.816425
0.817225
0.823100
0.828350
0.828425
0.834300
0.835125
0.836175
0.838350
0.839300
0.844125
0.848725
0.850300
0.851250
0.867950
0.868175
0.869350
0.870550
0.871750
0.887025
0.896050
0.899575
0.902875
0.908475
0.911000
0.917625
0.930125
0.936450
0.936800
0.956325
0.974225
0.990750
1.004275
1.021900
1.024025
1.026075
1.026525
1.032200
1.063675
1.068000
1.090175
1.100825
1.101425
1.102775
1.149450
1.152250
1.170275
1.178550
1.184300
1.191275
1.231300
1.236300
1.242900
1.301425
1.304100
1.307750
1.321050
1.331950
1.376300
1.411875
1.421775
1.428800
1.480400
1.489400
1.493350
1.546200
1.575525
1.606675
1.648825
1.661350
1.701850
1.774525
1.925500
1.982150
2.129400
2.300150
2.469775
264
