0.001000
0.010575
0.017650
0.018000
0.018175
0.021850
0.027950
0.030250
0.050325
0.052750
0.055600
0.059575
0.060025
0.061725
0.072450
0.076375
0.080450
0.085750
0.099225
0.100475
0.100725
0.105975
0.106075
0.108625
0.126675
0.128700
0.131925
0.138375
0.145375
0.152850
0.166200
0.183050
0.187900
0.192500
0.197175
0.198925
0.204075
0.207500
0.208500
0.211425
0.215850
0.219375
0.226300
0.232375
0.240525
0.242950
0.243900
0.254675
0.261025
0.264575
0.264800
0.273925
0.274175
0.275250
0.276075
0.276550
0.281050
0.281325
0.285925
0.286450
0.286525
0.286600
0.292125
0.292225
0.296625
0.297175
0.297550
0.301475
0.323500
0.324750
0.326175
0.336850
0.338325
0.339800
0.340400
0.341475
0.346525
0.350775
0.356200
0.359850
0.362550
0.371275
0.384175
0.385950
0.392425
0.395625
0.399825
0.400750
0.405725
0.416150
0.416200
0.417775
0.423625
0.429150
0.429225
0.433850
0.446550
0.458025
0.460550
0.462700
0.462925
0.467125
0.482100
0.490825
0.498450
0.501875
0.503800
0.514475
0.515350
0.523675
0.531675
0.534825
0.535875
0.537650
0.541650
0.542700
0.546750
0.547150
0.554025
0.559225
0.561900
0.565675
0.574150
0.575650
0.584300
0.584925
0.588200
0.591375
0.609900
0.612125
0.614625
0.616775
0.617675
0.624025
0.625400
0.629725
0.630125
0.631650
0.645000
0.645075
0.646300
0.647450
0.652525
0.657175
0.662300
0.662500
0.667575
0.668525
0.670900
0.672425
0.672650
0.673525
0.684475
0.704925
0.709725
0.710475
0.714300
0.714675
0.716125
0.734175
0.736775
0.736950
0.741550
0.744825
0.750975
0.754825
0.756275
0.758525
0.759000
0.771325
0.774400
0.785150
0.789725
0.792375
0.792425
0.795825
0.796500
0.815250
0.829425
0.842625
0.844600
0.846550
0.849725
0.850675
0.852425
0.855525
0.859475
0.859775
0.876925
0.885200
0.889375
0.889525
0.894250
0.903425
0.910625
0.912150
0.929850
0.935800
0.943725
0.975550
1.014150
1.027350
1.035600
1.049075
1.067550
1.076400
1.078400
1.084175
1.111075
1.134125
1.137100
1.145400
1.168250
1.175100
1.190975
1.193150
1.200775
1.202975
1.213475
1.218275
1.221000
1.224750
1.259350
1.263025
1.301800
1.311025
1.320850
1.337975
1.368275
1.429525
1.473800
1.476050
1.540500
1.651675
1.656175
1.725275
1.733850
1.796725
1.809700
1.850250
1.902100
1.930875
1.935325
2.000450
2.029950
2.030500
2.333175
247
