0.004150
0.011450
0.014250
0.028700
0.032850
0.044075
0.044400
0.053925
0.060750
0.062675
0.070550
0.071850
0.079525
0.079750
0.080500
0.082450
0.082800
0.084050
0.092775
0.095400
0.096625
0.097300
0.099000
0.121450
0.123450
0.129475
0.132900
0.145075
0.148700
0.152275
0.155800
0.159675
0.162125
0.167100
0.168075
0.170300
0.172700
0.174275
0.174325
0.176075
0.177425
0.199375
0.201100
0.203050
0.204875
0.205975
0.209050
0.210875
0.222400
0.223000
0.232725
0.241500
0.245075
0.245100
0.250225
0.251075
0.251400
0.255025
0.258575
0.261300
0.267575
0.267700
0.269075
0.269600
0.271075
0.271100
0.276350
0.278025
0.279350
0.281900
0.283725
0.294600
0.298875
0.301800
0.318125
0.319150
0.324500
0.325825
0.328625
0.331975
0.337475
0.338400
0.339425
0.348650
0.360225
0.364000
0.369425
0.372625
0.373825
0.376850
0.384900
0.392400
0.394700
0.395525
0.405200
0.410625
0.420725
0.423600
0.423825
0.437050
0.441775
0.443550
0.444100
0.448950
0.453500
0.457000
0.467550
0.480450
0.493200
0.496375
0.498500
0.499250
0.501425
0.502250
0.505025
0.506050
0.507125
0.507625
0.512000
0.512950
0.522900
0.529350
0.534375
0.548125
0.550500
0.554575
0.555500
0.559125
0.560200
0.560275
0.562050
0.569750
0.572175
0.572575
0.573850
0.592825
0.604050
0.604075
0.604100
0.604550
0.607325
0.630800
0.636775
0.641725
0.650500
0.654425
0.655000
0.659550
0.659650
0.659925
0.660250
0.660800
0.661350
0.664775
0.667150
0.681925
0.682500
0.685250
0.688450
0.691025
0.695600
0.698425
0.698750
0.703100
0.705750
0.708825
0.711875
0.713425
0.723825
0.725550
0.735575
0.738850
0.739750
0.742125
0.745200
0.745975
0.750950
0.756550
0.768350
0.769725
0.780600
0.784725
0.801950
0.802925
0.803900
0.815650
0.816825
0.822950
0.832625
0.834675
0.836100
0.848300
0.852425
0.856950
0.864550
0.878775
0.880475
0.887100
0.892450
0.893500
0.922125
0.924050
0.925100
0.935900
0.936350
0.939475
0.945000
0.976375
0.979075
0.987975
1.020250
1.021175
1.022675
1.025450
1.032750
1.046450
1.054025
1.086575
1.112025
1.116250
1.132475
1.146425
1.169875
1.189350
1.205875
1.274175
1.277300
1.288700
1.293800
1.300575
1.303375
1.342475
1.357025
1.378275
1.401450
1.499375
1.524600
1.545075
1.628700
1.697925
1.703950
1.709950
1.833225
1.889250
2.025500
2.148675
2.198100
247
