0.008900
0.009475
0.009600
0.011025
0.012300
0.013050
0.026425
0.027550
0.036225
0.037900
0.043000
0.045075
0.048200
0.049925
0.051500
0.053225
0.069575
0.077225
0.078800
0.085225
0.091000
0.095675
0.098700
0.100075
0.103850
0.121575
0.123350
0.131600
0.138675
0.142975
0.144225
0.147225
0.155025
0.170525
0.172000
0.172050
0.175625
0.177275
0.183350
0.186850
0.192825
0.197525
0.210575
0.210825
0.216575
0.217000
0.217775
0.220475
0.221275
0.226975
0.233900
0.240575
0.243550
0.243725
0.253000
0.253125
0.254500
0.256525
0.258200
0.259650
0.261100
0.261175
0.262375
0.265050
0.283825
0.293475
0.295225
0.299550
0.301675
0.302425
0.306250
0.313575
0.314375
0.316625
0.326925
0.336750
0.341500
0.345225
0.346800
0.346925
0.349000
0.353150
0.357100
0.361650
0.368750
0.369925
0.378200
0.379725
0.380600
0.392900
0.406550
0.432625
0.437725
0.438575
0.449100
0.451325
0.453575
0.458800
0.462950
0.465800
0.476425
0.479025
0.484375
0.486875
0.488025
0.489225
0.493650
0.495550
0.498950
0.502050
0.509400
0.510025
0.513750
0.515525
0.520575
0.525425
0.525925
0.527650
0.528100
0.529300
0.534025
0.535225
0.537400
0.541250
0.552600
0.557925
0.558950
0.560075
0.567200
0.569075
0.571400
0.576450
0.584650
0.586025
0.586275
0.593125
0.594575
0.596575
0.597700
0.601975
0.602025
0.603850
0.606150
0.608650
0.608925
0.615475
0.622400
0.625150
0.626150
0.638200
0.653650
0.659600
0.675950
0.677200
0.681675
0.684475
0.684475
0.691925
0.701175
0.704075
0.716350
0.717200
0.721975
0.728700
0.734525
0.740325
0.745725
0.751950
0.752300
0.753000
0.753425
0.762950
0.764975
0.766675
0.770700
0.777150
0.777700
0.785250
0.786850
0.789225
0.789475
0.791825
0.793700
0.794000
0.799975
0.807275
0.810575
0.812950
0.813750
0.817050
0.825025
0.827150
0.840300
0.845475
0.846725
0.851700
0.860750
0.880950
0.890500
0.896425
0.903975
0.916700
0.919425
0.919625
0.920650
0.922275
0.940650
0.947850
0.953950
0.991950
0.994575
1.002050
1.029175
1.029275
1.033500
1.035100
1.044300
1.045400
1.046250
1.051800
1.052700
1.056200
1.057375
1.069925
1.076925
1.079475
1.109525
1.113425
1.125250
1.127725
1.135050
1.135375
1.135825
1.146350
1.157000
1.166350
1.236975
1.254925
1.265850
1.266775
1.267475
1.289725
1.313900
1.314475
1.322900
1.330775
1.339450
1.359500
1.366325
1.412600
1.434675
1.449600
1.498925
1.521775
1.525325
1.537800
1.538000
1.549475
1.583600
1.590250
1.611050
1.612400
1.621425
1.704950
1.705175
1.744375
1.785800
1.889250
1.905375
1.967825
1.968475
1.981925
2.037900
2.062625
2.177050
2.448175
276
