0.000875
0.000950
0.006125
0.009000
0.011850
0.016575
0.016800
0.017175
0.022575
0.025050
0.036575
0.040500
0.041175
0.041775
0.042900
0.045150
0.058725
0.073975
0.076275
0.080325
0.087975
0.091175
0.092525
0.099250
0.102850
0.106850
0.112775
0.115925
0.116475
0.124275
0.138500
0.150475
0.151400
0.152200
0.155050
0.157050
0.159500
0.161550
0.166700
0.168500
0.181275
0.185950
0.187850
0.189075
0.197050
0.218850
0.222850
0.224400
0.236525
0.236600
0.239300
0.241475
0.246225
0.246475
0.248300
0.263525
0.266275
0.271950
0.276625
0.279600
0.281350
0.289125
0.289400
0.292925
0.295800
0.303400
0.307700
0.309200
0.311100
0.321525
0.336400
0.338650
0.346100
0.349600
0.350500
0.356050
0.360000
0.361150
0.363775
0.366350
0.372800
0.373075
0.376675
0.377625
0.380175
0.391650
0.396675
0.400750
0.402950
0.407975
0.409075
0.409650
0.420300
0.425125
0.425925
0.434725
0.435725
0.437250
0.459150
0.473975
0.482275
0.493850
0.496750
0.497850
0.499200
0.522725
0.529150
0.530950
0.531275
0.548625
0.549350
0.550400
0.552150
0.553175
0.554250
0.559675
0.566200
0.567875
0.568250
0.580775
0.581700
0.583475
0.583975
0.585200
0.587625
0.590450
0.596150
0.598450
0.598625
0.601825
0.606075
0.616875
0.617375
0.617700
0.619625
0.625475
0.630375
0.644725
0.649225
0.653350
0.657150
0.667775
0.669075
0.678325
0.689200
0.696975
0.700500
0.701975
0.712825
0.717850
0.723375
0.724175
0.739250
0.746700
0.751825
0.754850
0.765050
0.767025
0.771375
0.773650
0.777350
0.778525
0.779200
0.780350
0.780925
0.782350
0.798750
0.810975
0.818325
0.823250
0.824225
0.826200
0.826625
0.827850
0.827900
0.833600
0.841525
0.845350
0.850225
0.851675
0.853025
0.854650
0.856275
0.862275
0.865675
0.868400
0.881725
0.887925
0.891925
0.896025
0.897300
0.900800
0.904675
0.929425
0.940975
0.942100
0.942175
0.946725
0.960400
0.980850
0.983000
0.994600
1.000925
1.008075
1.052350
1.056400
1.057925
1.059600
1.067150
1.086025
1.101325
1.107600
1.116975
1.123700
1.130525
1.147375
1.151700
1.158700
1.161050
1.163750
1.164200
1.177975
1.190900
1.191550
1.200825
1.203650
1.229350
1.230275
1.255950
1.284525
1.337800
1.339350
1.373100
1.397075
1.400025
1.403800
1.442450
1.500075
1.515075
1.527925
1.623750
1.640350
1.641000
1.714750
1.809325
2.072275
2.206375
2.330250
248
