0.000825
0.004050
0.004125
0.006300
0.008675
0.014450
0.018225
0.018275
0.020500
0.022925
0.023825
0.025300
0.026850
0.037125
0.041525
0.048850
0.053600
0.053650
0.065600
0.066700
0.067775
0.072500
0.080300
0.087175
0.105325
0.105975
0.107050
0.111425
0.113000
0.116675
0.124475
0.124800
0.126775
0.139000
0.144300
0.145575
0.151175
0.153625
0.159225
0.176025
0.177575
0.180775
0.181700
0.181825
0.183675
0.185525
0.190800
0.204000
0.204200
0.205950
0.211750
0.212700
0.213075
0.226325
0.226800
0.234450
0.243425
0.243850
0.255500
0.265650
0.275225
0.280475
0.282700
0.283450
0.284275
0.285975
0.290625
0.292550
0.295725
0.319125
0.319650
0.321800
0.324175
0.338450
0.348450
0.362975
0.365150
0.370575
0.371525
0.373725
0.373975
0.378950
0.383675
0.383775
0.385875
0.392475
0.392725
0.396300
0.396900
0.400900
0.402250
0.408075
0.414200
0.416500
0.421250
0.422075
0.422525
0.429350
0.435700
0.436025
0.440675
0.449525
0.451550
0.455425
0.469950
0.476250
0.479550
0.485375
0.504500
0.507600
0.515600
0.518100
0.524025
0.533425
0.539450
0.540050
0.540575
0.542075
0.542375
0.542825
0.551325
0.553975
0.554150
0.555375
0.558150
0.558975
0.565800
0.576125
0.578850
0.580075
0.588775
0.590750
0.590950
0.595225
0.601725
0.603950
0.607700
0.612225
0.612475
0.618700
0.620450
0.621525
0.625175
0.632325
0.641575
0.652350
0.654850
0.663850
0.667050
0.674100
0.680075
0.681175
0.682500
0.685525
0.685825
0.688000
0.688625
0.691575
0.691925
0.694000
0.707875
0.711100
0.715400
0.716050
0.719325
0.719875
0.720925
0.722950
0.723175
0.730750
0.731025
0.731775
0.743400
0.746475
0.751450
0.753100
0.759200
0.760025
0.760025
0.760200
0.766975
0.778050
0.783225
0.783500
0.794075
0.799275
0.802025
0.807550
0.809400
0.820125
0.825675
0.827750
0.829875
0.840700
0.841800
0.842100
0.856900
0.857675
0.874375
0.900075
0.900175
0.916675
0.916950
0.918025
0.931800
0.932100
0.954850
0.963900
0.978675
0.987875
0.991725
1.004750
1.005800
1.013825
1.018700
1.020400
1.028300
1.054100
1.069725
1.111500
1.118400
1.125375
1.133625
1.147500
1.156425
1.178225
1.194225
1.194550
1.202675
1.220350
1.240325
1.255275
1.274700
1.315000
1.338050
1.391450
1.425775
1.450975
1.482675
1.512875
1.559775
1.635850
1.638900
1.640800
1.672200
1.708250
1.710600
1.835725
1.922200
2.150950
2.227475
2.252900
252
