0.007525
0.010475
0.023425
0.025625
0.027875
0.030725
0.033450
0.035250
0.043575
0.044025
0.047225
0.049425
0.055475
0.056150
0.057350
0.061075
0.062225
0.064950
0.075675
0.090200
0.097050
0.097500
0.098750
0.099475
0.100775
0.109900
0.119975
0.126900
0.127400
0.133350
0.135975
0.137300
0.139250
0.154150
0.158975
0.162275
0.168125
0.168400
0.188825
0.195075
0.211075
0.219550
0.228250
0.228325
0.253000
0.254375
0.257850
0.262575
0.268600
0.272325
0.273225
0.276875
0.280100
0.287875
0.290600
0.296975
0.310225
0.310400
0.314775
0.316200
0.323800
0.336350
0.343225
0.344700
0.345900
0.354150
0.354250
0.356900
0.361025
0.371350
0.377400
0.387050
0.388450
0.391475
0.396800
0.405925
0.406075
0.408450
0.408825
0.410750
0.412375
0.412800
0.413875
0.441025
0.441625
0.442225
0.442700
0.448650
0.449850
0.461750
0.461900
0.463250
0.474100
0.475500
0.477525
0.496775
0.497600
0.498000
0.499150
0.500975
0.503550
0.506625
0.510025
0.511100
0.520475
0.528125
0.542925
0.545625
0.546225
0.551325
0.553900
0.555550
0.560650
0.567400
0.569775
0.591750
0.601575
0.611300
0.614450
0.616825
0.617300
0.627625
0.628275
0.633300
0.637200
0.637825
0.640225
0.643800
0.653175
0.659075
0.659975
0.664600
0.665875
0.669425
0.670700
0.674125
0.675025
0.675050
0.676000
0.676825
0.677575
0.680175
0.688550
0.691250
0.699175
0.703650
0.715025
0.715625
0.719550
0.731675
0.733500
0.734450
0.740650
0.742450
0.742625
0.749200
0.755300
0.757025
0.757900
0.761550
0.762800
0.763275
0.770475
0.770925
0.777025
0.781600
0.791850
0.797875
0.802275
0.806775
0.808775
0.812825
0.816975
0.819300
0.824525
0.827975
0.828950
0.830400
0.833375
0.860325
0.862075
0.863175
0.869325
0.870225
0.882675
0.884150
0.890975
0.891525
0.892575
0.898650
0.916275
0.934050
0.934575
0.940700
0.942225
0.948425
0.956100
0.957600
0.961575
0.965250
0.971900
0.979300
0.993625
1.002950
1.024625
1.027125
1.032775
1.034750
1.041775
1.048450
1.052975
1.077475
1.078775
1.100825
1.123650
1.156450
1.158375
1.178475
1.178525
1.180025
1.188200
1.189600
1.199250
1.200200
1.205300
1.226150
1.229775
1.245550
1.246000
1.249150
1.249675
1.275600
1.291925
1.317725
1.352300
1.360200
1.439575
1.470900
1.569600
1.585850
1.589150
1.688775
1.730600
1.771600
1.786900
1.844650
2.069875
2.165050
248
