0.001025
0.003025
0.012325
0.014825
0.018850
0.022525
0.025700
0.026000
0.032200
0.041800
0.042825
0.049175
0.049375
0.052325
0.060950
0.066425
0.068925
0.070775
0.071700
0.082325
0.086875
0.088175
0.094200
0.097225
0.098525
0.101575
0.107725
0.112975
0.118125
0.127325
0.128675
0.135150
0.138250
0.139275
0.145325
0.150150
0.159250
0.163075
0.163775
0.165950
0.171200
0.171450
0.184500
0.184550
0.194450
0.195275
0.196850
0.196875
0.198050
0.201025
0.201125
0.203775
0.205650
0.208750
0.210825
0.211050
0.217350
0.225825
0.227175
0.230075
0.235775
0.237975
0.241500
0.244775
0.262300
0.264375
0.276775
0.285450
0.287450
0.289925
0.298625
0.299675
0.302975
0.305825
0.306425
0.321200
0.330925
0.333325
0.340825
0.341350
0.353175
0.353625
0.354225
0.356475
0.357450
0.365325
0.366025
0.367250
0.376075
0.384700
0.388050
0.398350
0.398650
0.400275
0.418475
0.421000
0.451800
0.456550
0.471125
0.486175
0.505225
0.508850
0.514525
0.532025
0.532350
0.535925
0.536450
0.540150
0.541875
0.552750
0.557575
0.559125
0.559425
0.560325
0.561475
0.561750
0.563900
0.564675
0.576175
0.578325
0.590800
0.592200
0.596000
0.597400
0.599325
0.600525
0.611650
0.615875
0.618175
0.622125
0.627700
0.630150
0.647075
0.652775
0.652975
0.660350
0.665150
0.674300
0.679525
0.686300
0.693625
0.693650
0.699425
0.699700
0.706750
0.707050
0.708200
0.719850
0.722650
0.724800
0.728350
0.736525
0.743700
0.749225
0.750700
0.751375
0.754575
0.755850
0.764225
0.770975
0.773675
0.774100
0.775900
0.779600
0.781800
0.781825
0.786725
0.799500
0.807125
0.810000
0.827075
0.832600
0.833075
0.836675
0.859975
0.864975
0.878100
0.887075
0.887750
0.895750
0.902425
0.905700
0.914825
0.918500
0.924975
0.932800
0.936650
0.943400
0.946350
0.950025
0.951750
0.955450
0.960175
0.964900
0.969650
0.973075
0.973825
0.974625
0.991325
0.997500
1.004950
1.007775
1.013475
1.020550
1.026400
1.043000
1.044925
1.051750
1.052050
1.063025
1.070350
1.072000
1.074625
1.080825
1.089525
1.099525
1.164775
1.175800
1.191850
1.197675
1.218000
1.220325
1.239100
1.257925
1.276200
1.278550
1.301050
1.339650
1.393200
1.406300
1.432175
1.433850
1.437075
1.459950
1.460225
1.550200
1.612600
1.620225
1.628250
1.652800
1.659275
1.897175
242
