0.000500
0.002575
0.002650
0.004500
0.010150
0.013425
0.022425
0.023775
0.025975
0.027450
0.037225
0.039275
0.042325
0.043425
0.044425
0.046225
0.054175
0.055375
0.055525
0.066250
0.070300
0.070450
0.070875
0.072325
0.074225
0.079600
0.081375
0.085875
0.086550
0.089625
0.093350
0.097725
0.097800
0.100200
0.101550
0.106175
0.110225
0.117500
0.124500
0.131850
0.136325
0.140600
0.146900
0.149400
0.151825
0.153375
0.159950
0.167825
0.182750
0.186375
0.186500
0.193225
0.193275
0.198275
0.198325
0.198825
0.203225
0.206225
0.207775
0.211600
0.212250
0.225575
0.229925
0.231200
0.232650
0.232825
0.240025
0.247125
0.248400
0.249275
0.263300
0.264500
0.265475
0.277275
0.277400
0.280175
0.288825
0.288975
0.293175
0.297600
0.299100
0.300225
0.302800
0.302900
0.305925
0.306175
0.311425
0.317100
0.324050
0.327775
0.330950
0.333125
0.333775
0.344125
0.358700
0.361675
0.364075
0.378550
0.392475
0.407325
0.412250
0.423525
0.426975
0.444850
0.445825
0.449300
0.455400
0.460375
0.476275
0.476475
0.477075
0.477950
0.485625
0.486050
0.486550
0.487050
0.487600
0.488725
0.493350
0.497975
0.503350
0.504775
0.513225
0.524150
0.527350
0.529075
0.529100
0.531975
0.539325
0.541475
0.549900
0.550575
0.560025
0.560675
0.561350
0.567100
0.573275
0.573325
0.578550
0.580500
0.582875
0.583825
0.588375
0.589675
0.610625
0.617950
0.620825
0.634750
0.639025
0.651375
0.652325
0.658550
0.663925
0.667275
0.676750
0.678650
0.680725
0.682075
0.682375
0.682750
0.687100
0.688175
0.703425
0.716125
0.717125
0.717150
0.719150
0.732250
0.746175
0.747100
0.751350
0.754100
0.759375
0.760000
0.763625
0.769025
0.771875
0.774925
0.790450
0.801825
0.802275
0.803000
0.806700
0.807575
0.808825
0.811925
0.812650
0.815375
0.821675
0.828500
0.832175
0.835325
0.837375
0.845525
0.849250
0.856275
0.876500
0.882025
0.891450
0.897200
0.904050
0.907950
0.922125
0.945850
0.946025
0.946600
0.962375
0.966775
0.969475
0.984225
0.991150
0.996275
1.000700
1.019000
1.026150
1.030050
1.032325
1.038800
1.048275
1.055000
1.055300
1.057325
1.058675
1.134150
1.144475
1.146950
1.194975
1.226925
1.237400
1.239600
1.239775
1.244900
1.250125
1.292150
1.294125
1.346450
1.356825
1.383225
1.393050
1.433400
1.568125
1.585500
1.605250
1.605875
1.674600
1.682850
1.687925
1.708500
1.746200
1.894900
1.992375
2.069925
2.187050
2.195950
2.249175
255
