0.005075
0.006775
0.015650
0.017950
0.024250
0.026450
0.027675
0.028050
0.033975
0.037575
0.038650
0.041125
0.047700
0.047775
0.054525
0.058700
0.061675
0.067750
0.075000
0.094175
0.094300
0.094425
0.094625
0.097000
0.104350
0.108250
0.109650
0.114575
0.123500
0.123925
0.134650
0.135225
0.138450
0.138725
0.139850
0.148450
0.150925
0.151850
0.152600
0.159850
0.160975
0.164525
0.173050
0.177575
0.185850
0.194200
0.195175
0.196550
0.199375
0.205650
0.208700
0.210000
0.213800
0.214700
0.221350
0.221950
0.227725
0.227875
0.230325
0.233450
0.244100
0.251650
0.253300
0.253900
0.273950
0.280250
0.283850
0.285225
0.302075
0.305525
0.314350
0.317650
0.330150
0.330600
0.331125
0.333025
0.336425
0.349575
0.362425
0.371825
0.374425
0.380275
0.381425
0.387750
0.387875
0.395050
0.409300
0.414825
0.418175
0.420025
0.423625
0.433625
0.438275
0.438300
0.440625
0.441775
0.450500
0.451925
0.457875
0.459225
0.459875
0.465925
0.495025
0.495350
0.499525
0.502675
0.504525
0.505450
0.506675
0.507675
0.512350
0.512575
0.521400
0.525875
0.527425
0.533000
0.535675
0.536975
0.537300
0.539600
0.546025
0.548500
0.548900
0.549225
0.552350
0.552850
0.561650
0.562700
0.574575
0.575325
0.585450
0.588975
0.593925
0.596825
0.603500
0.619350
0.627450
0.633875
0.638425
0.643100
0.647900
0.647975
0.650500
0.658125
0.658525
0.661650
0.663200
0.664875
0.667350
0.667475
0.670975
0.690100
0.691825
0.695525
0.698750
0.702850
0.729550
0.737175
0.739500
0.742925
0.744325
0.748500
0.753000
0.760825
0.766200
0.791100
0.797375
0.804050
0.818325
0.818425
0.826100
0.828225
0.832450
0.832700
0.838775
0.839150
0.839875
0.853300
0.856600
0.861475
0.864600
0.865925
0.866825
0.868800
0.874575
0.874625
0.879975
0.884325
0.889850
0.905000
0.910400
0.911475
0.931625
0.935050
0.940100
0.950125
0.951950
0.961225
0.971950
0.975375
0.978275
0.988675
1.034275
1.047050
1.059550
1.066550
1.073500
1.081000
1.081450
1.083125
1.111125
1.115550
1.120125
1.147950
1.192475
1.197175
1.201375
1.212075
1.246175
1.291825
1.300475
1.325450
1.341100
1.348625
1.378225
1.382575
1.428325
1.449850
1.462875
1.483375
1.601300
1.625475
1.728600
1.750750
1.802700
1.881900
1.899975
1.986200
2.003650
2.129200
240
