0.003950
0.014200
0.015100
0.017600
0.029975
0.031075
0.031175
0.032150
0.035600
0.037050
0.038500
0.041275
0.049825
0.053125
0.056500
0.060725
0.061525
0.064250
0.067050
0.071300
0.081550
0.083625
0.084750
0.091550
0.096075
0.096625
0.096875
0.098475
0.101425
0.122525
0.125500
0.129050
0.132500
0.134950
0.148575
0.151800
0.154775
0.156700
0.161225
0.181550
0.181725
0.183300
0.187950
0.192075
0.199825
0.204625
0.206025
0.217800
0.220075
0.220975
0.226425
0.227925
0.237775
0.237775
0.240050
0.242325
0.247125
0.248150
0.257100
0.257200
0.257900
0.262500
0.267450
0.271550
0.277950
0.284100
0.286150
0.289675
0.295800
0.300925
0.308950
0.310100
0.310425
0.322600
0.326300
0.327600
0.336600
0.349975
0.350050
0.354125
0.356550
0.358475
0.366025
0.366825
0.367850
0.382600
0.388300
0.394950
0.406300
0.410450
0.412050
0.416775
0.422125
0.428100
0.432150
0.433775
0.440800
0.445125
0.445375
0.448150
0.453375
0.460650
0.489025
0.495350
0.495575
0.500575
0.502450
0.516800
0.517125
0.518300
0.521300
0.522625
0.524375
0.533050
0.539300
0.546875
0.551350
0.553200
0.559800
0.564050
0.565550
0.566200
0.570050
0.579600
0.588225
0.600000
0.600550
0.603075
0.607875
0.615875
0.620100
0.633950
0.639775
0.641375
0.643725
0.647300
0.649900
0.650025
0.652825
0.662275
0.670800
0.673350
0.675675
0.675975
0.677350
0.677850
0.679775
0.681650
0.692625
0.695550
0.697250
0.699000
0.712975
0.722400
0.724625
0.728000
0.732650
0.733025
0.743225
0.751100
0.751375
0.751400
0.754175
0.760750
0.764575
0.765375
0.767225
0.769200
0.777625
0.780850
0.790825
0.796950
0.801275
0.817900
0.820450
0.822300
0.824425
0.831625
0.843650
0.844275
0.844475
0.851650
0.861550
0.862275
0.890875
0.898425
0.901150
0.915750
0.925725
0.928750
0.929300
0.933250
0.940900
0.944575
0.947325
0.959450
0.961000
0.968450
1.000425
1.004000
1.043350
1.044225
1.047550
1.081425
1.095975
1.157700
1.170150
1.171850
1.174775
1.177475
1.178450
1.184650
1.198150
1.217300
1.248525
1.251225
1.284975
1.315600
1.343575
1.367575
1.388050
1.418300
1.426850
1.455400
1.459400
1.482925
1.522875
1.529375
1.548550
1.557400
1.587025
1.598875
1.650800
1.668700
1.669200
1.741525
1.859350
1.905525
1.919950
2.035750
2.045275
2.054600
2.122675
2.245025
2.248750
245
