0.000175
0.004175
0.006375
0.023675
0.026075
0.026925
0.037075
0.040850
0.047050
0.050050
0.053450
0.060875
0.067875
0.073450
0.075350
0.081700
0.086400
0.088800
0.091925
0.097150
0.103625
0.109600
0.112850
0.119325
0.120175
0.132025
0.150425
0.153425
0.155600
0.160475
0.163875
0.164175
0.174475
0.176925
0.182000
0.185925
0.187725
0.189400
0.197475
0.198475
0.200375
0.200450
0.201600
0.204350
0.206825
0.207625
0.211025
0.219025
0.226275
0.227050
0.228700
0.230425
0.230725
0.233750
0.251175
0.257300
0.259900
0.263250
0.264300
0.268425
0.268650
0.269025
0.281150
0.282325
0.283700
0.284575
0.285500
0.293250
0.293475
0.295400
0.295700
0.299125
0.304275
0.304400
0.308850
0.311050
0.323675
0.328275
0.329950
0.331125
0.332800
0.336400
0.337525
0.339250
0.349575
0.377075
0.378975
0.383025
0.390000
0.390375
0.393625
0.394000
0.406100
0.408550
0.409950
0.412150
0.417025
0.422250
0.423825
0.427550
0.430575
0.437925
0.438600
0.439625
0.443100
0.449375
0.449650
0.452750
0.452900
0.454675
0.455100
0.462500
0.464825
0.477525
0.480625
0.480700
0.481150
0.490700
0.495800
0.496500
0.502150
0.505675
0.506550
0.511975
0.519650
0.520700
0.521550
0.521775
0.534975
0.537275
0.539150
0.540775
0.542125
0.549925
0.551850
0.558525
0.563625
0.569975
0.571600
0.573550
0.574125
0.576550
0.579625
0.580575
0.585400
0.587750
0.590600
0.595025
0.597550
0.598075
0.606950
0.610225
0.623975
0.625300
0.625900
0.626475
0.638850
0.639950
0.649775
0.650050
0.657700
0.657875
0.658900
0.659225
0.660725
0.666825
0.668350
0.671275
0.678950
0.679125
0.681350
0.691125
0.696500
0.703450
0.703550
0.705525
0.708150
0.712725
0.713925
0.720875
0.722225
0.722225
0.725875
0.728950
0.730700
0.732200
0.736600
0.738950
0.745550
0.746275
0.749425
0.753025
0.761325
0.763300
0.781375
0.782275
0.786750
0.791575
0.796425
0.796625
0.801750
0.807775
0.830500
0.831625
0.835750
0.836375
0.836625
0.845175
0.847925
0.849625
0.856075
0.859050
0.860475
0.860575
0.863775
0.866325
0.868025
0.872600
0.880675
0.902100
0.909375
0.914425
0.929875
0.937525
0.945425
0.945675
0.952125
0.959775
0.960225
0.960825
0.966575
0.991925
1.005075
1.009625
1.012025
1.018675
1.038300
1.038800
1.101525
1.107875
1.137650
1.138750
1.145875
1.151475
1.154175
1.192150
1.195650
1.204625
1.204850
1.242400
1.265225
1.360025
1.364800
1.390475
1.511275
1.553425
1.589675
1.594125
1.610375
1.703825
1.712825
1.761075
1.802925
1.827475
1.842400
1.925550
2.002900
2.123575
2.131800
2.148050
2.171825
2.381575
272
