0.002325
0.002450
0.018150
0.026950
0.027850
0.033475
0.042775
0.051200
0.052125
0.054075
0.055575
0.061100
0.073525
0.077975
0.080550
0.080825
0.081875
0.086525
0.091175
0.092825
0.106300
0.120775
0.126350
0.126800
0.129750
0.139775
0.147450
0.155375
0.166325
0.167075
0.175475
0.178850
0.183025
0.187900
0.193850
0.197750
0.202800
0.204400
0.207425
0.207450
0.213350
0.215300
0.227150
0.231750
0.241500
0.248775
0.254100
0.254950
0.256725
0.260525
0.269650
0.270025
0.279000
0.279325
0.287950
0.289400
0.289550
0.298350
0.301375
0.301675
0.302300
0.303650
0.305975
0.308675
0.312600
0.316500
0.325300
0.328150
0.334650
0.338675
0.343175
0.346225
0.348225
0.348275
0.348600
0.349075
0.350900
0.358275
0.363075
0.363400
0.365125
0.367050
0.371300
0.373125
0.376250
0.384650
0.386500
0.389100
0.390375
0.391650
0.397150
0.406625
0.407100
0.407550
0.409650
0.411450
0.411950
0.415800
0.418650
0.421125
0.423325
0.425175
0.437775
0.438375
0.443250
0.449150
0.450550
0.452450
0.453050
0.457575
0.462500
0.470475
0.470825
0.475050
0.479375
0.482350
0.488900
0.498800
0.499125
0.502425
0.503425
0.505925
0.512525
0.513925
0.517625
0.518200
0.519800
0.522825
0.526350
0.528000
0.546975
0.550100
0.552950
0.557025
0.558575
0.558600
0.559625
0.571275
0.573000
0.573450
0.577625
0.579600
0.581900
0.591900
0.593025
0.594450
0.603150
0.604900
0.607525
0.614075
0.614300
0.616600
0.617675
0.622325
0.646650
0.649675
0.669525
0.670275
0.671325
0.674950
0.675300
0.681750
0.682750
0.682950
0.698225
0.704750
0.705775
0.706050
0.708025
0.708775
0.721050
0.721825
0.728800
0.733250
0.734875
0.735675
0.737625
0.738325
0.748950
0.753575
0.758100
0.762200
0.768725
0.774475
0.776425
0.777975
0.796675
0.798400
0.800550
0.806650
0.821125
0.821375
0.830275
0.837350
0.841750
0.844625
0.854925
0.868550
0.869475
0.879325
0.879725
0.879850
0.888200
0.894600
0.902275
0.902525
0.915700
0.920000
0.933700
0.936225
0.951575
0.958100
0.959050
0.959125
0.962075
0.973450
0.975700
1.040025
1.046525
1.051150
1.082700
1.095125
1.098775
1.132700
1.139125
1.139450
1.146175
1.154875
1.160675
1.162575
1.164625
1.194625
1.201550
1.221175
1.224250
1.228025
1.238200
1.250900
1.251450
1.252525
1.312250
1.374150
1.389875
1.408450
1.419875
1.520075
1.572500
1.592275
1.663500
1.912300
1.934975
2.182925
252
