0.000875
0.002625
0.007300
0.008575
0.019075
0.021725
0.034300
0.038425
0.039800
0.042625
0.047075
0.047600
0.054150
0.066375
0.069000
0.080525
0.085050
0.085350
0.086775
0.088850
0.093650
0.097225
0.097375
0.099175
0.114125
0.118075
0.131625
0.134775
0.138050
0.146550
0.149450
0.150500
0.154125
0.158825
0.159075
0.161550
0.164475
0.164850
0.165075
0.171350
0.173400
0.174050
0.184675
0.185575
0.186050
0.211925
0.220225
0.226900
0.232425
0.233825
0.249075
0.252275
0.257150
0.261425
0.265675
0.267525
0.274200
0.277475
0.285650
0.290250
0.292375
0.298250
0.300975
0.301750
0.303025
0.303550
0.304025
0.304300
0.305125
0.305900
0.308475
0.311925
0.316875
0.337075
0.340250
0.343925
0.345475
0.348350
0.352550
0.380700
0.385600
0.387625
0.393350
0.395025
0.397325
0.399050
0.402100
0.402275
0.402925
0.412450
0.412725
0.419250
0.421950
0.432150
0.435800
0.437225
0.448825
0.453700
0.454700
0.462325
0.465850
0.467025
0.476125
0.477475
0.477625
0.482525
0.491475
0.494575
0.496025
0.503200
0.504275
0.504350
0.512250
0.514625
0.529625
0.529625
0.535700
0.536900
0.546625
0.558725
0.564525
0.573250
0.582975
0.589225
0.593550
0.597100
0.597200
0.597750
0.606650
0.616175
0.620050
0.621825
0.632150
0.635700
0.641925
0.642150
0.654000
0.656375
0.657500
0.660675
0.667000
0.670475
0.673125
0.679825
0.685025
0.687175
0.692250
0.706600
0.708925
0.709750
0.711975
0.719350
0.727150
0.730700
0.734450
0.741700
0.745825
0.746650
0.755025
0.765200
0.769775
0.774875
0.776900
0.780850
0.781625
0.793875
0.794050
0.799200
0.799500
0.807725
0.816500
0.817675
0.827125
0.834925
0.835300
0.835775
0.845950
0.856025
0.867450
0.897825
0.899725
0.905300
0.914150
0.923725
0.936575
0.946750
0.955100
0.961200
0.962050
0.968675
0.970100
0.978700
0.986450
0.987850
0.993900
0.997100
0.998050
0.999275
1.001175
1.002950
1.010750
1.026400
1.037550
1.048125
1.059325
1.061975
1.075350
1.091475
1.105625
1.107900
1.113450
1.117975
1.120150
1.124800
1.133425
1.139350
1.144300
1.153725
1.176375
1.183525
1.196125
1.207550
1.209600
1.211475
1.215025
1.248725
1.253200
1.268975
1.293725
1.299375
1.314550
1.335100
1.342550
1.359675
1.398475
1.461800
1.513525
1.543400
1.574000
1.585875
1.649275
1.678525
1.695975
1.805325
1.823925
1.861625
1.874125
2.065575
2.145950
2.278750
250
