0.005525
0.017575
0.026650
0.030700
0.033475
0.035525
0.038050
0.039725
0.040375
0.041400
0.042175
0.047925
0.052025
0.053650
0.054150
0.060325
0.079675
0.088500
0.091725
0.093325
0.094450
0.094775
0.096975
0.098400
0.099475
0.100775
0.102675
0.104125
0.106050
0.109075
0.111150
0.112375
0.113150
0.116925
0.119350
0.132450
0.133400
0.135700
0.142575
0.149050
0.151425
0.155125
0.161025
0.162725
0.163600
0.167850
0.168475
0.169700
0.173000
0.180350
0.191500
0.202000
0.202850
0.210600
0.213275
0.222550
0.233175
0.237250
0.238850
0.240900
0.252550
0.258125
0.261375
0.262400
0.264850
0.276875
0.280900
0.283650
0.290400
0.292700
0.294625
0.297225
0.300275
0.306425
0.323275
0.324600
0.327025
0.350025
0.358900
0.359800
0.363075
0.369075
0.375050
0.379425
0.383900
0.388225
0.388850
0.390550
0.391150
0.395875
0.396500
0.396625
0.398625
0.407900
0.409000
0.420250
0.420325
0.421550
0.442400
0.445950
0.452325
0.456950
0.457525
0.462350
0.466475
0.470500
0.473725
0.487025
0.510700
0.515125
0.524725
0.529275
0.533925
0.543375
0.567950
0.570650
0.571600
0.573700
0.581550
0.583650
0.587325
0.595925
0.597375
0.607100
0.607225
0.610025
0.614925
0.623700
0.624875
0.626575
0.639600
0.641675
0.650325
0.660000
0.671900
0.684300
0.685475
0.687050
0.688875
0.690100
0.695425
0.697650
0.702975
0.710900
0.712950
0.718075
0.722225
0.730875
0.736525
0.739250
0.742600
0.747150
0.747975
0.750675
0.754450
0.755300
0.756025
0.758900
0.759475
0.762100
0.766775
0.766900
0.766925
0.768575
0.775025
0.782250
0.784250
0.785025
0.789225
0.790700
0.798875
0.806025
0.810075
0.825775
0.838325
0.853075
0.883175
0.884100
0.892450
0.893550
0.894950
0.897950
0.898350
0.898950
0.912325
0.912650
0.916500
0.917400
0.923675
0.925500
0.959225
0.961875
0.963850
0.964700
0.965100
0.966750
0.968325
0.971875
0.978225
0.986950
1.004325
1.005475
1.027925
1.045125
1.045275
1.046600
1.067975
1.081350
1.091800
1.135825
1.136900
1.141950
1.144725
1.146925
1.154150
1.157400
1.158975
1.165850
1.203975
1.222975
1.233175
1.234100
1.236175
1.253200
1.284850
1.298175
1.301650
1.312475
1.360725
1.373600
1.388250
1.392625
1.395125
1.417250
1.417500
1.483500
1.487825
1.493950
1.513875
1.539175
1.578100
1.595150
1.627550
1.721675
1.759750
1.788850
1.814025
1.846225
1.861225
1.939200
1.964500
2.063800
2.238550
253
