0.002425
0.012125
0.037425
0.038475
0.042425
0.048300
0.049875
0.053000
0.056725
0.058325
0.059700
0.065050
0.075750
0.077825
0.079050
0.093350
0.100975
0.106075
0.108800
0.112250
0.127525
0.129375
0.137925
0.147725
0.152175
0.152425
0.155450
0.158350
0.159450
0.161500
0.169800
0.173900
0.180650
0.184250
0.187750
0.207600
0.211950
0.215875
0.218550
0.222350
0.223825
0.224975
0.228600
0.232825
0.234400
0.241800
0.255425
0.259025
0.262950
0.267725
0.268300
0.270775
0.274275
0.286350
0.286425
0.288150
0.289725
0.289875
0.291675
0.291700
0.300175
0.301400
0.306375
0.314400
0.322500
0.324600
0.326150
0.326950
0.330100
0.331975
0.351000
0.351075
0.354850
0.357750
0.362200
0.363625
0.363950
0.364275
0.364750
0.367550
0.368300
0.369125
0.369675
0.371700
0.378050
0.378700
0.382450
0.398000
0.398125
0.405250
0.407325
0.407875
0.416050
0.417575
0.427500
0.430400
0.435625
0.442025
0.451950
0.456550
0.459375
0.459925
0.461725
0.465500
0.470075
0.471600
0.471925
0.474425
0.476450
0.478575
0.501900
0.502025
0.502800
0.503350
0.505200
0.508925
0.509750
0.511775
0.512175
0.513450
0.513600
0.514075
0.514125
0.514300
0.515625
0.516325
0.517375
0.517375
0.522550
0.525400
0.529525
0.547650
0.550700
0.553375
0.557450
0.559850
0.561125
0.561700
0.568525
0.573700
0.577000
0.587125
0.596675
0.615975
0.619925
0.620800
0.636250
0.641000
0.644600
0.654825
0.655900
0.658475
0.667475
0.668225
0.671625
0.672950
0.674925
0.679575
0.680150
0.681075
0.694925
0.695850
0.697600
0.700700
0.702025
0.702550
0.705100
0.708925
0.716075
0.726700
0.732950
0.734125
0.735700
0.735725
0.743750
0.750950
0.764825
0.766875
0.790750
0.790925
0.792225
0.793050
0.797250
0.800075
0.804175
0.808200
0.813325
0.818950
0.837625
0.841400
0.844725
0.846975
0.851525
0.870975
0.877475
0.880350
0.888250
0.889250
0.891250
0.891950
0.905400
0.908325
0.927375
0.930150
0.932425
0.938225
0.945875
0.947875
0.952250
0.956075
0.960875
0.987150
0.997200
1.003200
1.016950
1.024900
1.039800
1.040975
1.044575
1.052675
1.055075
1.062475
1.074125
1.078775
1.106450
1.109225
1.128625
1.149350
1.164800
1.172825
1.175725
1.201375
1.208725
1.230850
1.244800
1.249500
1.263650
1.301925
1.308725
1.335875
1.356725
1.364425
1.370075
1.371850
1.374450
1.398500
1.400250
1.475325
1.508050
1.514450
1.519050
1.534275
1.562300
1.626025
1.655325
1.728325
1.750300
1.754500
1.818875
1.907475
2.113850
2.158975
2.460750
263
