0.006825
0.013550
0.019600
0.022500
0.023300
0.026150
0.029625
0.031800
0.033275
0.034050
0.041750
0.043175
0.046325
0.048850
0.059575
0.067850
0.068750
0.074425
0.094075
0.101800
0.108900
0.111400
0.111950
0.125925
0.126400
0.140975
0.141225
0.141350
0.147850
0.150750
0.151425
0.172100
0.183150
0.197475
0.197975
0.198800
0.200950
0.202950
0.205075
0.209950
0.222425
0.225950
0.232525
0.236200
0.240675
0.243775
0.244625
0.253650
0.258475
0.263775
0.265950
0.272175
0.274550
0.276725
0.281150
0.289250
0.297275
0.297825
0.302675
0.303275
0.304950
0.310700
0.311225
0.312775
0.318350
0.324275
0.328925
0.329175
0.337925
0.355775
0.356675
0.358700
0.358925
0.360400
0.365950
0.372625
0.373125
0.375675
0.378275
0.379025
0.380450
0.388325
0.400375
0.403400
0.404300
0.404350
0.406300
0.408625
0.413000
0.413850
0.415200
0.418225
0.429950
0.446925
0.448300
0.451500
0.456100
0.456875
0.457050
0.464300
0.466700
0.469125
0.470925
0.477350
0.478000
0.479750
0.487125
0.489075
0.490250
0.493100
0.504275
0.507525
0.512875
0.515375
0.518275
0.520650
0.522200
0.525125
0.529875
0.530300
0.538125
0.538725
0.541325
0.548650
0.552075
0.553350
0.556525
0.559350
0.562775
0.575950
0.582300
0.585475
0.590250
0.600150
0.610975
0.617400
0.625350
0.626725
0.629175
0.632000
0.639125
0.640675
0.641250
0.642900
0.651425
0.653025
0.656950
0.658825
0.660275
0.665725
0.668525
0.670950
0.674950
0.675275
0.675800
0.678650
0.683150
0.688625
0.691500
0.698200
0.709050
0.717200
0.717975
0.720500
0.731500
0.736275
0.746850
0.749325
0.758500
0.762675
0.780250
0.791700
0.792675
0.798975
0.803825
0.806950
0.809200
0.812475
0.813275
0.813325
0.819675
0.846750
0.854775
0.856825
0.876375
0.876500
0.878900
0.894200
0.895350
0.902425
0.906650
0.909050
0.916000
0.921925
0.938475
0.940100
0.951200
0.953600
0.959825
0.960625
0.972200
0.972550
0.981325
1.003850
1.007000
1.048150
1.054975
1.059100
1.061000
1.066950
1.070950
1.104950
1.113825
1.115675
1.158300
1.171675
1.176550
1.218000
1.219075
1.224125
1.230250
1.251275
1.254175
1.261875
1.262000
1.265050
1.275825
1.279450
1.280825
1.282950
1.294600
1.298475
1.346425
1.347100
1.356075
1.397225
1.422025
1.465375
1.478725
1.515350
1.530125
1.539100
1.541750
1.548175
1.595275
1.650350
1.694225
1.761975
1.817825
1.848950
1.910675
1.980000
2.031550
2.104700
2.133475
2.263125
2.363575
2.449175
258
