0.007350
0.010625
0.018475
0.019025
0.030500
0.031075
0.032325
0.032975
0.036825
0.038375
0.041025
0.046375
0.054250
0.063300
0.066850
0.085475
0.087925
0.091500
0.095700
0.095800
0.096475
0.096575
0.098850
0.106675
0.113025
0.128325
0.130225
0.131350
0.134525
0.142850
0.150700
0.152875
0.153825
0.155775
0.156700
0.157200
0.159725
0.162575
0.166125
0.178825
0.184500
0.190850
0.212575
0.215975
0.220475
0.237200
0.238475
0.238900
0.246500
0.249750
0.258200
0.259850
0.265250
0.266550
0.271900
0.277925
0.279200
0.280575
0.289100
0.297025
0.301850
0.311700
0.319775
0.328375
0.333550
0.333650
0.333950
0.339275
0.350325
0.358050
0.361575
0.362050
0.363000
0.364575
0.365050
0.376950
0.378875
0.380525
0.386925
0.389275
0.407050
0.410375
0.412000
0.416550
0.423150
0.424300
0.424400
0.424400
0.425475
0.429925
0.433200
0.443850
0.460700
0.462750
0.463650
0.463800
0.463900
0.468100
0.468550
0.471400
0.476100
0.478550
0.481200
0.488950
0.491275
0.497375
0.507275
0.509525
0.524550
0.529750
0.534950
0.540475
0.541175
0.544750
0.547000
0.558275
0.560875
0.567950
0.577300
0.587725
0.587975
0.591425
0.592600
0.594100
0.594200
0.600300
0.603650
0.605875
0.609925
0.612125
0.614100
0.615275
0.617300
0.622225
0.622425
0.631025
0.633850
0.641700
0.642450
0.655150
0.661200
0.662875
0.670175
0.671200
0.680525
0.682250
0.687475
0.687850
0.692625
0.698600
0.707100
0.714450
0.715200
0.717725
0.720000
0.721900
0.725450
0.730550
0.741950
0.744000
0.744750
0.748125
0.756775
0.758350
0.761000
0.775650
0.781300
0.781975
0.792250
0.795025
0.795300
0.800350
0.813550
0.819825
0.821575
0.823075
0.831550
0.835350
0.852325
0.857775
0.863750
0.872125
0.880950
0.887600
0.887850
0.891900
0.892650
0.901625
0.903450
0.912350
0.922725
0.924825
0.936200
0.943775
0.945375
0.946675
0.955100
0.955175
0.955825
0.958200
0.978275
0.982650
0.986525
0.993100
0.993875
1.003900
1.004375
1.014550
1.023700
1.031100
1.042925
1.054875
1.063600
1.072500
1.075200
1.077775
1.078250
1.103050
1.111875
1.133000
1.151125
1.161475
1.167750
1.190250
1.202500
1.202975
1.203575
1.224475
1.235825
1.247025
1.269950
1.271350
1.285850
1.316075
1.393575
1.402125
1.428875
1.438225
1.478525
1.486675
1.512325
1.525975
1.589025
1.630800
1.675300
1.783025
1.915525
2.394950
248
