0.008125
0.008250
0.008975
0.009825
0.013950
0.018525
0.021250
0.024100
0.026600
0.028425
0.028875
0.034300
0.044050
0.044075
0.050625
0.067975
0.070850
0.074800
0.076225
0.087125
0.104500
0.109050
0.111200
0.115375
0.119075
0.123575
0.128050
0.128050
0.128750
0.135775
0.137300
0.142525
0.145625
0.146125
0.147300
0.155750
0.157725
0.170100
0.170575
0.179225
0.181150
0.189075
0.194325
0.194800
0.199950
0.200050
0.205450
0.213300
0.214750
0.216250
0.221225
0.225425
0.225700
0.225925
0.227400
0.229250
0.249650
0.253175
0.254275
0.254900
0.261175
0.262550
0.263250
0.273925
0.285025
0.286000
0.304150
0.306000
0.312550
0.321950
0.322250
0.325075
0.325400
0.333000
0.335725
0.337125
0.338425
0.340075
0.346150
0.357325
0.362250
0.366750
0.372850
0.376775
0.379625
0.388675
0.393800
0.398400
0.398775
0.403025
0.407600
0.407975
0.423200
0.424350
0.426900
0.438300
0.439725
0.441775
0.442025
0.453575
0.458350
0.460100
0.462600
0.476325
0.478050
0.481425
0.481825
0.486325
0.488000
0.492550
0.496425
0.496575
0.498150
0.501450
0.507950
0.510850
0.511650
0.515750
0.522700
0.525325
0.532850
0.535900
0.536300
0.544050
0.544750
0.550550
0.551175
0.556650
0.558000
0.573575
0.575450
0.576675
0.584650
0.588575
0.597900
0.599650
0.610825
0.616550
0.624075
0.626450
0.631275
0.633000
0.635700
0.635900
0.639875
0.645500
0.646550
0.659775
0.666500
0.676625
0.678250
0.682375
0.683275
0.683800
0.688125
0.694525
0.696825
0.697075
0.697275
0.708875
0.710700
0.711100
0.713575
0.728075
0.730600
0.730775
0.732675
0.740800
0.741775
0.746000
0.750725
0.752750
0.754700
0.757925
0.765675
0.771025
0.773075
0.789375
0.791075
0.804975
0.826725
0.827500
0.831000
0.833525
0.842350
0.860725
0.863725
0.870675
0.873275
0.879075
0.879425
0.881200
0.887425
0.892775
0.896850
0.897575
0.900875
0.904625
0.944550
0.962525
0.968075
0.977150
1.001225
1.017850
1.022525
1.036700
1.042025
1.047025
1.057800
1.071800
1.079350
1.093825
1.105750
1.110950
1.132800
1.138325
1.153650
1.168100
1.184775
1.228300
1.237200
1.244050
1.247325
1.257325
1.261800
1.292250
1.310425
1.325000
1.338625
1.367600
1.386150
1.395450
1.396100
1.438150
1.452800
1.481650
1.483650
1.489375
1.500225
1.503250
1.652350
1.655650
1.667900
1.680875
1.705875
1.718125
2.206775
2.264250
248
