0.001900
0.003425
0.006325
0.016300
0.017975
0.024375
0.034700
0.035300
0.036725
0.040700
0.041575
0.053050
0.063300
0.065450
0.075200
0.078250
0.085400
0.085650
0.086825
0.090050
0.090225
0.091075
0.096650
0.100900
0.101700
0.106600
0.110575
0.122575
0.123875
0.123950
0.128550
0.131450
0.134625
0.141700
0.143600
0.145400
0.155125
0.161975
0.164075
0.174350
0.176450
0.182025
0.189875
0.190675
0.193950
0.196775
0.199400
0.200900
0.202975
0.203525
0.205325
0.205925
0.207525
0.209375
0.214100
0.219375
0.229500
0.230350
0.232450
0.240225
0.248475
0.249525
0.250450
0.253875
0.258050
0.260400
0.271025
0.289975
0.291375
0.293750
0.295575
0.298425
0.306000
0.307200
0.309475
0.312125
0.332200
0.347875
0.352400
0.354350
0.359725
0.359775
0.368800
0.378275
0.382425
0.393200
0.399650
0.409725
0.411300
0.417950
0.418550
0.420675
0.440075
0.441200
0.441825
0.443000
0.447900
0.450250
0.458925
0.471550
0.477950
0.481850
0.488475
0.504175
0.510850
0.513675
0.514500
0.524875
0.524900
0.524950
0.535450
0.545800
0.552050
0.553050
0.557625
0.567750
0.568725
0.574375
0.590475
0.591075
0.591725
0.597700
0.602475
0.603825
0.603850
0.608100
0.608800
0.609800
0.614375
0.621325
0.623900
0.631075
0.631925
0.633475
0.634900
0.636400
0.637325
0.645325
0.653725
0.662500
0.662650
0.664425
0.666800
0.667575
0.669750
0.672450
0.681050
0.684475
0.695725
0.697375
0.710450
0.717625
0.720350
0.723850
0.725875
0.731700
0.733150
0.736225
0.744825
0.746925
0.751500
0.755200
0.763050
0.771975
0.783900
0.787475
0.796750
0.797625
0.801200
0.813750
0.815025
0.825500
0.836750
0.846625
0.852525
0.854600
0.855775
0.856250
0.860200
0.861575
0.885225
0.895025
0.897900
0.898675
0.906500
0.913200
0.923725
0.932550
0.933400
0.947475
0.960300
0.964500
0.970100
1.008450
1.008475
1.030975
1.039675
1.040575
1.048250
1.057675
1.061475
1.077125
1.082600
1.105600
1.117525
1.121525
1.130050
1.130600
1.164950
1.166975
1.169675
1.183725
1.194575
1.196075
1.199900
1.221975
1.237525
1.253825
1.260575
1.276550
1.281475
1.283700
1.296875
1.331175
1.337125
1.363850
1.439275
1.462800
1.498175
1.499075
1.521100
1.595125
1.778475
1.789200
1.897225
1.908200
1.910100
2.113900
2.176525
2.200950
2.305775
2.320650
242
