0.004175
0.005850
0.016775
0.017000
0.027900
0.042675
0.043725
0.044525
0.054750
0.054850
0.071175
0.071450
0.076800
0.091275
0.091575
0.091800
0.096975
0.108700
0.112900
0.115725
0.118650
0.125175
0.127000
0.128900
0.129900
0.144100
0.147150
0.151525
0.152925
0.154925
0.155575
0.166225
0.167200
0.167250
0.167500
0.173125
0.174575
0.178275
0.187075
0.190125
0.194025
0.194150
0.195300
0.209575
0.218950
0.227500
0.239175
0.241775
0.243950
0.245425
0.250675
0.252600
0.256650
0.259525
0.263750
0.265400
0.265825
0.270700
0.274400
0.275225
0.285775
0.286775
0.288825
0.289800
0.293275
0.294450
0.300125
0.300275
0.302800
0.305350
0.322775
0.324800
0.325325
0.329100
0.334150
0.334300
0.340100
0.351575
0.356025
0.360800
0.368225
0.373925
0.381800
0.384150
0.389450
0.390650
0.394825
0.395825
0.400000
0.405050
0.405375
0.413075
0.421900
0.427625
0.439475
0.439550
0.442900
0.455300
0.455400
0.456825
0.459725
0.462200
0.467375
0.467800
0.469150
0.470975
0.484875
0.489200
0.500275
0.501925
0.504025
0.507925
0.521500
0.524400
0.535400
0.537050
0.540800
0.541450
0.543550
0.548875
0.549000
0.553150
0.572075
0.573600
0.576350
0.578850
0.582875
0.597200
0.600200
0.612275
0.615350
0.616775
0.620175
0.622750
0.623225
0.625175
0.625700
0.627100
0.631300
0.633175
0.634375
0.635700
0.637625
0.639800
0.653700
0.663675
0.671525
0.671875
0.675925
0.683600
0.686850
0.687450
0.689175
0.689475
0.695075
0.703875
0.706300
0.710050
0.717900
0.721350
0.723125
0.725625
0.733925
0.739750
0.741800
0.741825
0.742850
0.743100
0.746200
0.746325
0.748325
0.750300
0.752600
0.756825
0.760825
0.760950
0.761575
0.763400
0.767975
0.772975
0.774375
0.777225
0.777825
0.778900
0.781800
0.784075
0.797950
0.801275
0.805600
0.811775
0.832100
0.834450
0.835875
0.845575
0.849100
0.855600
0.857825
0.862800
0.881250
0.886450
0.890200
0.895400
0.909350
0.911200
0.911475
0.913100
0.917600
0.929125
0.945400
0.954750
0.962000
0.964075
0.995350
1.002625
1.003975
1.013475
1.036000
1.037325
1.044350
1.070450
1.096725
1.103350
1.144975
1.158050
1.170050
1.174000
1.182225
1.216025
1.219000
1.245700
1.272325
1.279725
1.289250
1.311525
1.314475
1.317750
1.346525
1.347850
1.350900
1.351850
1.357750
1.360800
1.382250
1.385550
1.395875
1.447750
1.456725
1.461350
1.463375
1.468125
1.470900
1.496625
1.517375
1.518975
1.553250
1.585775
1.588650
1.598850
1.622675
1.776400
1.786525
1.893375
1.915400
1.939925
1.941450
1.960125
2.287050
2.400175
268
