0.007500
0.016250
0.023500
0.024975
0.029075
0.029750
0.031650
0.032475
0.035950
0.037450
0.046750
0.056600
0.059175
0.060025
0.063875
0.067550
0.071000
0.075150
0.081375
0.083125
0.096925
0.097350
0.106175
0.108125
0.109850
0.112575
0.117725
0.120500
0.121725
0.139575
0.152025
0.153300
0.163425
0.166025
0.167275
0.170450
0.192100
0.192425
0.196175
0.200500
0.203175
0.203525
0.203775
0.207675
0.212750
0.216075
0.219300
0.219575
0.222625
0.225100
0.228550
0.231500
0.233125
0.236575
0.240650
0.241200
0.248250
0.260475
0.263825
0.266625
0.266925
0.267675
0.273275
0.278275
0.295575
0.304425
0.309175
0.315375
0.318975
0.319875
0.321000
0.324675
0.326200
0.326200
0.326700
0.335000
0.337625
0.347725
0.351125
0.353100
0.354775
0.357775
0.358125
0.361600
0.362000
0.370925
0.374050
0.376475
0.377150
0.379500
0.379675
0.394700
0.403050
0.403925
0.403975
0.408725
0.412075
0.418225
0.424250
0.424350
0.425350
0.426850
0.427025
0.427525
0.428000
0.428475
0.428850
0.433600
0.434850
0.439200
0.442525
0.451775
0.452500
0.454000
0.457050
0.458725
0.460350
0.466675
0.467725
0.475975
0.486675
0.494225
0.499250
0.510775
0.514350
0.516325
0.517325
0.520150
0.520250
0.520800
0.524650
0.531675
0.534325
0.536800
0.550725
0.553125
0.553575
0.556225
0.561500
0.565000
0.565275
0.567125
0.571525
0.575125
0.580750
0.581025
0.584975
0.597650
0.604675
0.610275
0.624075
0.628000
0.628800
0.629150
0.630975
0.632575
0.634950
0.643400
0.643575
0.649900
0.650325
0.653600
0.655050
0.657125
0.657200
0.662125
0.662325
0.670550
0.675950
0.681125
0.693050
0.694075
0.697725
0.699450
0.700300
0.701550
0.702425
0.714825
0.717925
0.719525
0.733275
0.733500
0.743975
0.753925
0.760050
0.768900
0.773475
0.774425
0.775450
0.780100
0.782350
0.784250
0.785475
0.786850
0.795350
0.796475
0.798925
0.810850
0.813050
0.818575
0.820950
0.823600
0.824125
0.832675
0.835625
0.842475
0.844575
0.845750
0.855700
0.875325
0.878100
0.895675
0.895900
0.898125
0.900075
0.903100
0.905225
0.906850
0.911650
0.921500
0.924575
0.927800
0.929150
0.931075
0.935800
0.946300
0.969500
0.987725
0.997275
1.015325
1.015925
1.016550
1.038650
1.040100
1.049275
1.050300
1.069075
1.072750
1.084200
1.087550
1.099825
1.100450
1.106250
1.126425
1.133975
1.135800
1.141100
1.171400
1.184150
1.192550
1.235950
1.239250
1.239750
1.243125
1.256200
1.271725
1.316725
1.333850
1.361050
1.361300
1.383025
1.388000
1.407700
1.595200
1.633325
1.674425
1.705825
1.813150
1.834975
1.855450
1.901475
2.077775
2.150125
2.210850
2.261400
2.335975
276
