0.000150
0.008975
0.014225
0.018300
0.022500
0.025300
0.047550
0.048350
0.048400
0.049325
0.050350
0.057975
0.076850
0.076975
0.083975
0.086475
0.091750
0.093050
0.093125
0.094650
0.096700
0.099175
0.103000
0.103325
0.111100
0.115325
0.119225
0.128825
0.129250
0.132100
0.132825
0.137225
0.138750
0.138775
0.144975
0.148725
0.150300
0.159075
0.160625
0.167100
0.170200
0.174125
0.176550
0.179675
0.184250
0.192175
0.201775
0.203500
0.206925
0.208450
0.217175
0.220125
0.222550
0.223350
0.225025
0.229800
0.245225
0.246525
0.249575
0.253625
0.256150
0.262575
0.268850
0.276050
0.282725
0.285975
0.294750
0.305275
0.306250
0.312275
0.320775
0.323250
0.324600
0.343000
0.345850
0.346350
0.370175
0.379700
0.395900
0.399025
0.408225
0.413475
0.420950
0.421725
0.427850
0.429300
0.452825
0.465125
0.483150
0.493650
0.495225
0.499200
0.501275
0.503225
0.509300
0.512700
0.522775
0.533150
0.533200
0.534675
0.539775
0.541525
0.542025
0.551800
0.553925
0.561275
0.563775
0.565850
0.567575
0.570125
0.576850
0.576975
0.578300
0.585750
0.588725
0.589025
0.604400
0.607175
0.616400
0.618650
0.632225
0.632450
0.639275
0.651150
0.657700
0.668175
0.683600
0.684800
0.695650
0.714325
0.721675
0.721800
0.726950
0.729375
0.734375
0.738375
0.738750
0.741500
0.746750
0.749375
0.752900
0.757350
0.758450
0.761700
0.763750
0.768900
0.769400
0.787250
0.793750
0.793850
0.795150
0.810200
0.852225
0.859150
0.861200
0.863900
0.867400
0.876875
0.881725
0.882450
0.888250
0.898750
0.904475
0.906025
0.908425
0.912875
0.929425
0.941050
0.942700
0.956650
0.962200
0.974325
0.981650
0.994725
1.004425
1.005950
1.019700
1.025250
1.027475
1.036525
1.041925
1.056025
1.079375
1.093775
1.137550
1.168750
1.170650
1.177500
1.181475
1.204775
1.208150
1.249950
1.251125
1.264525
1.274200
1.299625
1.308300
1.312725
1.334875
1.340650
1.371925
1.394325
1.541625
1.574800
1.630550
1.674525
1.685650
1.725575
1.733725
1.883000
1.937375
1.946600
2.083975
213
