0.001600
0.010900
0.017075
0.018675
0.024900
0.029025
0.032025
0.042450
0.043675
0.045550
0.046375
0.047250
0.048000
0.051575
0.055275
0.062575
0.064200
0.067100
0.072175
0.075825
0.078425
0.084500
0.087125
0.092825
0.097450
0.099025
0.112650
0.118875
0.119425
0.120625
0.120900
0.125225
0.126875
0.128075
0.128925
0.130400
0.132575
0.137325
0.141325
0.145450
0.162725
0.169850
0.173875
0.181725
0.184375
0.188225
0.191650
0.198275
0.199775
0.205000
0.208325
0.213100
0.219450
0.224875
0.224900
0.245425
0.246100
0.253400
0.256350
0.259475
0.262425
0.266625
0.269400
0.282475
0.282925
0.286325
0.289300
0.293325
0.294500
0.297825
0.301875
0.303950
0.313850
0.316175
0.316625
0.324300
0.325250
0.334975
0.337325
0.343625
0.358525
0.361975
0.363425
0.363725
0.366425
0.376375
0.378475
0.380175
0.384775
0.387150
0.402450
0.402875
0.402925
0.411500
0.413775
0.427675
0.430600
0.434025
0.436975
0.437500
0.440975
0.442650
0.465675
0.469075
0.472825
0.477100
0.480400
0.481325
0.483825
0.487400
0.488150
0.492300
0.495600
0.495650
0.495975
0.501650
0.509400
0.512450
0.513025
0.518550
0.527450
0.530775
0.531075
0.535975
0.537950
0.539625
0.542975
0.549200
0.550075
0.552850
0.559175
0.560300
0.575250
0.587450
0.591600
0.594175
0.595625
0.598050
0.598175
0.600600
0.612775
0.613925
0.615875
0.615975
0.617325
0.621850
0.627300
0.631975
0.633900
0.649700
0.650750
0.651725
0.657425
0.659775
0.661850
0.667375
0.673575
0.681400
0.687075
0.692025
0.692850
0.694025
0.696500
0.705550
0.712600
0.714650
0.715275
0.717175
0.717250
0.724675
0.743325
0.744525
0.748650
0.750475
0.755725
0.766775
0.773825
0.786100
0.787425
0.790775
0.792475
0.793775
0.794325
0.801625
0.801625
0.814525
0.830275
0.830650
0.833400
0.857650
0.858075
0.861975
0.862975
0.865525
0.884900
0.893800
0.899675
0.904150
0.912925
0.925525
0.928425
0.933800
0.936700
0.941850
0.942600
0.955375
0.957125
0.960725
0.977125
0.981125
0.989775
0.992900
0.998200
1.003900
1.018100
1.023125
1.028625
1.042100
1.043925
1.049675
1.064700
1.068475
1.074225
1.079875
1.081400
1.082925
1.085250
1.085625
1.123925
1.125025
1.130150
1.136475
1.142700
1.145475
1.153925
1.194175
1.195075
1.259875
1.264300
1.296375
1.308150
1.324800
1.341925
1.357975
1.369575
1.373875
1.376625
1.409825
1.423275
1.427950
1.430000
1.439500
1.527650
1.533575
1.561900
1.604125
1.605475
1.623875
1.626875
1.670325
1.693725
1.751675
1.791800
1.886625
2.121025
2.464400
266
