0.002125
0.005100
0.006025
0.007550
0.011975
0.013400
0.025300
0.028800
0.030875
0.036675
0.039425
0.041425
0.052250
0.063850
0.064950
0.066400
0.067175
0.078200
0.087525
0.087775
0.090000
0.104325
0.106950
0.110000
0.112075
0.114525
0.117275
0.125900
0.128400
0.128450
0.135825
0.136475
0.137100
0.147200
0.147300
0.151425
0.156525
0.163675
0.183225
0.186125
0.190525
0.202825
0.208675
0.213325
0.213475
0.220200
0.220375
0.222425
0.223325
0.229050
0.229600
0.231200
0.242875
0.248550
0.252450
0.253400
0.257150
0.260100
0.261175
0.261450
0.271150
0.273100
0.281525
0.292900
0.297700
0.302000
0.303700
0.304950
0.312125
0.316700
0.316800
0.317950
0.319450
0.327550
0.336075
0.337425
0.343150
0.347100
0.348275
0.351750
0.354825
0.355375
0.356275
0.361700
0.365225
0.369475
0.369875
0.371250
0.379900
0.380675
0.380700
0.382400
0.385950
0.391625
0.391900
0.413625
0.416700
0.417200
0.419275
0.428300
0.429525
0.441775
0.443725
0.450950
0.459075
0.461050
0.462975
0.465275
0.470500
0.471925
0.486000
0.487175
0.491800
0.497175
0.498625
0.498650
0.502675
0.510175
0.511450
0.523125
0.526775
0.528800
0.531400
0.532250
0.533325
0.542775
0.548300
0.553225
0.557800
0.558650
0.570325
0.571400
0.571725
0.572800
0.575175
0.576925
0.580100
0.582150
0.583900
0.586025
0.587225
0.587400
0.594075
0.600400
0.609150
0.620850
0.624400
0.626075
0.626575
0.644725
0.646300
0.650475
0.651425
0.655200
0.658675
0.659000
0.660250
0.661975
0.664600
0.667475
0.672425
0.673175
0.675000
0.679475
0.686350
0.687000
0.693150
0.695800
0.699625
0.702100
0.706925
0.708925
0.709100
0.716375
0.716425
0.718050
0.718075
0.718625
0.727825
0.729450
0.736225
0.740500
0.740825
0.752250
0.761475
0.761500
0.762775
0.763900
0.767850
0.771175
0.771750
0.780200
0.783050
0.786725
0.792900
0.793025
0.793075
0.799950
0.800650
0.805400
0.806725
0.811775
0.818675
0.825475
0.829150
0.831875
0.836125
0.842850
0.844150
0.846775
0.852150
0.853950
0.854000
0.857250
0.858550
0.866050
0.867675
0.867900
0.875475
0.880825
0.883375
0.883825
0.886050
0.886225
0.892600
0.895975
0.896625
0.912000
0.919350
0.930800
0.941950
0.942300
0.942425
0.949550
0.958100
0.968975
0.990650
1.022600
1.036475
1.073850
1.082200
1.085125
1.093225
1.131000
1.137150
1.141900
1.146225
1.163575
1.185500
1.209225
1.212400
1.222350
1.227675
1.228925
1.229700
1.307300
1.326950
1.358650
1.371875
1.396600
1.409775
1.442400
1.484575
1.573225
1.587575
1.611500
1.671525
1.696675
1.756100
1.761200
1.779025
1.808650
1.850150
1.852500
2.002350
2.073550
2.076825
2.163150
2.408125
279
