0.002475
0.006600
0.007400
0.007850
0.015550
0.018150
0.022125
0.022475
0.030500
0.030850
0.034425
0.039700
0.042325
0.044100
0.048850
0.051875
0.052325
0.054750
0.059425
0.063675
0.064550
0.064675
0.070825
0.085200
0.090400
0.098375
0.101200
0.106075
0.114900
0.117750
0.118550
0.122250
0.123750
0.131175
0.132575
0.132900
0.133700
0.142225
0.150625
0.159525
0.166950
0.168400
0.169725
0.169850
0.172250
0.173275
0.176200
0.179325
0.179975
0.181950
0.182325
0.184550
0.187250
0.190725
0.194500
0.195650
0.196300
0.200475
0.207100
0.209250
0.213200
0.214050
0.218425
0.220875
0.223175
0.223675
0.234900
0.236200
0.241375
0.242075
0.247425
0.255425
0.259100
0.260425
0.262350
0.267775
0.271400
0.274600
0.277675
0.295100
0.300075
0.305900
0.312975
0.314450
0.318150
0.318475
0.325775
0.328525
0.328750
0.332200
0.340950
0.341900
0.351550
0.353200
0.360075
0.366750
0.372175
0.374150
0.374200
0.375000
0.376900
0.376975
0.381600
0.390625
0.390900
0.396125
0.396750
0.398775
0.400425
0.402350
0.408800
0.412125
0.413875
0.414775
0.418775
0.419575
0.427275
0.436350
0.436675
0.441950
0.451450
0.457025
0.465925
0.477375
0.489450
0.493000
0.494850
0.502475
0.515100
0.515725
0.516775
0.516925
0.517150
0.521875
0.524050
0.524950
0.526575
0.536175
0.539600
0.558250
0.558325
0.558400
0.565850
0.571925
0.576250
0.584575
0.587825
0.591200
0.599650
0.605175
0.610800
0.613025
0.615800
0.617750
0.620425
0.623375
0.624500
0.626175
0.627550
0.636175
0.636525
0.641050
0.641875
0.643725
0.647550
0.653825
0.655875
0.656450
0.660125
0.664400
0.672250
0.689875
0.695425
0.700600
0.700850
0.705450
0.709375
0.722600
0.723125
0.723575
0.724775
0.725675
0.734650
0.736700
0.740250
0.741350
0.743325
0.745500
0.749150
0.762325
0.765925
0.766125
0.768450
0.769950
0.776550
0.777450
0.778800
0.779850
0.781975
0.783000
0.791375
0.797650
0.798800
0.799325
0.801925
0.808225
0.825000
0.827075
0.831050
0.831175
0.833000
0.835175
0.836850
0.839050
0.839850
0.841800
0.844800
0.845300
0.849500
0.853825
0.862200
0.866875
0.867925
0.895400
0.895475
0.919525
0.920425
0.920525
0.923950
0.924550
0.941850
0.949475
0.954600
0.960425
0.966675
0.973500
0.986000
0.994350
0.994950
0.998750
1.001500
1.001625
1.003350
1.035375
1.037225
1.043050
1.075875
1.088550
1.101025
1.119300
1.132225
1.148925
1.170800
1.185400
1.189125
1.203175
1.203600
1.223625
1.228625
1.258725
1.263200
1.310825
1.316725
1.318900
1.345500
1.345575
1.405800
1.406275
1.424700
1.435050
1.437250
1.446175
1.448775
1.468450
1.482050
1.518625
1.596625
1.687625
1.707575
1.758525
1.762300
1.805650
1.822575
1.874925
2.357650
2.383225
286
