0.001500
0.002125
0.003825
0.008175
0.010650
0.013825
0.018150
0.023025
0.033100
0.039350
0.043200
0.048625
0.049325
0.049625
0.049900
0.068950
0.071400
0.072000
0.075625
0.079025
0.086075
0.095625
0.107375
0.113350
0.114675
0.116775
0.121025
0.121875
0.122500
0.126850
0.131250
0.131875
0.131875
0.137500
0.138150
0.141825
0.141900
0.150525
0.150675
0.151300
0.151975
0.163400
0.165000
0.165425
0.189975
0.190225
0.191050
0.192350
0.196225
0.200275
0.204000
0.206125
0.207700
0.208775
0.209325
0.209950
0.216975
0.218975
0.222100
0.225275
0.225900
0.235000
0.236675
0.247350
0.248425
0.249075
0.252075
0.264900
0.266925
0.270500
0.279200
0.292725
0.293725
0.294875
0.299550
0.303650
0.306900
0.311200
0.314050
0.316425
0.317150
0.324525
0.331425
0.339450
0.339650
0.341375
0.342775
0.343050
0.343400
0.347025
0.351050
0.363125
0.368825
0.369450
0.374250
0.376050
0.381750
0.381975
0.395875
0.403275
0.403525
0.408450
0.415775
0.416475
0.420750
0.420950
0.421175
0.421325
0.429275
0.429600
0.431275
0.441300
0.445675
0.450475
0.451075
0.453250
0.458275
0.461325
0.467975
0.477250
0.481350
0.490025
0.491650
0.494350
0.506450
0.509525
0.510075
0.513375
0.517975
0.519025
0.524375
0.531125
0.533375
0.540200
0.540200
0.547925
0.549950
0.555225
0.562975
0.591525
0.592750
0.593575
0.594150
0.605775
0.613175
0.616600
0.619125
0.626800
0.628125
0.636200
0.638025
0.644250
0.648250
0.651700
0.652325
0.658250
0.659650
0.664600
0.666625
0.669325
0.675050
0.680450
0.688000
0.690950
0.691625
0.703900
0.705200
0.711025
0.712275
0.714275
0.716150
0.721425
0.724725
0.725375
0.729300
0.730825
0.737175
0.745700
0.756225
0.757275
0.761550
0.761975
0.764175
0.766075
0.766725
0.778050
0.779450
0.782250
0.783200
0.797500
0.804850
0.812875
0.820400
0.821750
0.829675
0.836125
0.846475
0.848325
0.856750
0.857825
0.861375
0.865750
0.866150
0.876975
0.878375
0.881100
0.899000
0.906625
0.918675
0.920275
0.926800
0.927650
0.943825
0.976325
0.982650
0.992225
1.011125
1.017225
1.019125
1.031850
1.046225
1.047075
1.050425
1.051700
1.066700
1.069550
1.080175
1.081100
1.090200
1.092650
1.094125
1.105300
1.139525
1.212250
1.215425
1.224275
1.229875
1.234075
1.236850
1.237250
1.270575
1.284375
1.344825
1.347700
1.348450
1.351775
1.369850
1.391150
1.421700
1.481825
1.486450
1.491025
1.508250
1.517275
1.542250
1.557900
1.566925
1.692975
1.716425
1.787675
1.802950
1.904275
1.962750
2.080175
2.099775
2.118550
2.122225
2.289250
2.431025
269
