0.000175
0.006000
0.012475
0.016500
0.036450
0.036625
0.051275
0.055625
0.056375
0.063275
0.064000
0.064150
0.073750
0.078350
0.084975
0.099475
0.102725
0.107600
0.112725
0.113150
0.113325
0.119000
0.135125
0.135850
0.136350
0.139075
0.149550
0.156425
0.160400
0.175525
0.177825
0.194725
0.194925
0.201350
0.202650
0.209550
0.209575
0.213050
0.217100
0.222250
0.227875
0.230700
0.231975
0.232300
0.239350
0.240100
0.244425
0.247450
0.249800
0.252000
0.253350
0.260025
0.260700
0.265800
0.267400
0.267700
0.281800
0.285925
0.292075
0.295250
0.299325
0.299725
0.303675
0.319625
0.336750
0.354050
0.361700
0.364400
0.365700
0.369925
0.374300
0.377500
0.396500
0.397775
0.403725
0.406200
0.410500
0.416875
0.417850
0.419400
0.422225
0.422250
0.435600
0.438175
0.438850
0.451325
0.456225
0.463175
0.463625
0.467800
0.492800
0.500050
0.500650
0.507725
0.510675
0.518325
0.519850
0.522450
0.533925
0.539850
0.540975
0.546325
0.550675
0.553600
0.553675
0.556050
0.560200
0.573100
0.581425
0.587225
0.587425
0.601525
0.610375
0.610425
0.611175
0.611975
0.614775
0.616425
0.621000
0.627525
0.627600
0.630225
0.632450
0.635150
0.639375
0.647975
0.648375
0.648400
0.652550
0.654000
0.660075
0.660875
0.661375
0.667850
0.670925
0.671400
0.676950
0.681225
0.681475
0.682000
0.689650
0.698825
0.701300
0.708400
0.712500
0.717400
0.718575
0.718700
0.719900
0.720775
0.722800
0.723775
0.732575
0.739450
0.740375
0.743075
0.743900
0.745125
0.749025
0.757300
0.768700
0.769825
0.775725
0.787125
0.793100
0.793675
0.796275
0.797100
0.800800
0.802275
0.815325
0.826975
0.844950
0.860650
0.873550
0.874725
0.877375
0.885375
0.906550
0.915125
0.927375
0.982300
0.996725
0.997475
0.997650
0.997900
0.998600
0.999300
1.001725
1.002000
1.038325
1.052125
1.057275
1.065600
1.083275
1.090500
1.100475
1.106600
1.131000
1.135350
1.141050
1.154850
1.163325
1.168350
1.183050
1.185450
1.192200
1.210500
1.213550
1.224625
1.244475
1.298775
1.319150
1.342925
1.384050
1.432500
1.438800
1.460600
1.491375
1.506075
1.509025
1.559800
1.616475
1.642425
1.742200
1.761675
1.766975
1.799400
1.926425
2.057375
2.063375
2.199400
232
