0.001425
0.003275
0.004925
0.009000
0.012625
0.013975
0.014325
0.016525
0.019525
0.019725
0.027575
0.032350
0.035275
0.035325
0.039225
0.046125
0.046975
0.056900
0.060375
0.062200
0.062875
0.063025
0.075550
0.081275
0.083750
0.085800
0.088650
0.089325
0.089425
0.091025
0.095275
0.099600
0.115500
0.127025
0.127750
0.133125
0.137325
0.140100
0.143275
0.143550
0.148400
0.149550
0.156075
0.156400
0.161975
0.180475
0.181975
0.182225
0.182950
0.186925
0.193700
0.201875
0.203875
0.207975
0.217950
0.225325
0.231000
0.233275
0.237975
0.239550
0.251100
0.252500
0.257050
0.257450
0.259525
0.267125
0.269025
0.284500
0.286000
0.289925
0.295125
0.300025
0.302575
0.303575
0.311375
0.319575
0.321200
0.329300
0.331200
0.331450
0.332325
0.337925
0.339550
0.345725
0.353900
0.358175
0.360675
0.362500
0.367925
0.368350
0.376925
0.392300
0.392475
0.409350
0.413800
0.417200
0.426575
0.430300
0.431800
0.432400
0.434100
0.438275
0.438900
0.440175
0.443975
0.450350
0.451750
0.456825
0.482325
0.488300
0.492300
0.495100
0.506450
0.508275
0.509775
0.513025
0.513450
0.518975
0.519400
0.521775
0.522625
0.524350
0.528450
0.532800
0.533050
0.535275
0.538825
0.540150
0.543675
0.555500
0.557000
0.561125
0.563875
0.572450
0.573000
0.577200
0.577450
0.594700
0.600450
0.605750
0.608100
0.611075
0.613275
0.619000
0.621350
0.622025
0.627000
0.627325
0.644250
0.647450
0.649500
0.650025
0.654750
0.656600
0.657625
0.660850
0.661475
0.662600
0.664500
0.674275
0.680525
0.682900
0.684500
0.684975
0.690025
0.692075
0.693575
0.694425
0.696800
0.701650
0.705125
0.708175
0.711375
0.723100
0.724575
0.737425
0.738575
0.740800
0.743950
0.755300
0.757300
0.757650
0.759775
0.772700
0.775125
0.777400
0.777600
0.778700
0.780800
0.782450
0.793500
0.802050
0.804150
0.804175
0.808475
0.813800
0.820400
0.827175
0.830500
0.831700
0.837725
0.841650
0.842350
0.843300
0.843900
0.844675
0.845300
0.872075
0.884800
0.887325
0.889375
0.895575
0.896000
0.908850
0.910725
0.914050
0.922150
0.924425
0.937400
0.952725
0.953025
0.953575
0.959750
1.014475
1.014925
1.025925
1.027100
1.029875
1.032125
1.035700
1.050700
1.051125
1.066325
1.069375
1.083950
1.085900
1.091525
1.093450
1.123450
1.127700
1.148100
1.160275
1.166575
1.183500
1.207250
1.212150
1.221425
1.236250
1.301300
1.333775
1.334975
1.336475
1.376250
1.428725
1.431275
1.442025
1.450325
1.462575
1.491250
1.533600
1.623375
1.685300
1.709725
1.725075
1.740250
1.849750
1.853800
1.889450
1.966275
2.024600
2.062050
2.066300
2.071975
2.110200
2.144300
275
