0.001750
0.004950
0.010750
0.017800
0.019600
0.021050
0.022875
0.023025
0.032275
0.040075
0.040825
0.043750
0.050525
0.052850
0.057775
0.065200
0.066325
0.068550
0.077000
0.082000
0.086000
0.088300
0.093250
0.096100
0.098550
0.102250
0.109325
0.114800
0.119875
0.126700
0.133525
0.141625
0.142700
0.148925
0.150625
0.153000
0.153475
0.158500
0.165875
0.173425
0.180850
0.181650
0.187875
0.190750
0.193575
0.195625
0.200725
0.202600
0.204125
0.217550
0.217575
0.219425
0.222225
0.227975
0.228675
0.228875
0.229775
0.232325
0.238675
0.250875
0.252000
0.255175
0.256375
0.265350
0.267125
0.268625
0.269800
0.273775
0.277200
0.277650
0.285450
0.286275
0.292725
0.295675
0.300650
0.302325
0.307500
0.308325
0.313900
0.318050
0.319275
0.324250
0.326675
0.332225
0.334175
0.334600
0.335425
0.336600
0.337325
0.341650
0.343600
0.347900
0.354450
0.355300
0.369650
0.371200
0.371300
0.380675
0.391000
0.392350
0.400600
0.409150
0.410750
0.415300
0.416125
0.427175
0.429450
0.431100
0.433550
0.441450
0.447750
0.450225
0.451700
0.463375
0.477650
0.479600
0.484700
0.486600
0.488075
0.491175
0.494575
0.498900
0.499575
0.506400
0.508150
0.519350
0.527400
0.530600
0.531125
0.531150
0.533825
0.535650
0.538350
0.539125
0.539750
0.539975
0.556825
0.561275
0.563525
0.574625
0.575100
0.576675
0.591425
0.601575
0.603900
0.612250
0.614600
0.628025
0.629425
0.633575
0.639300
0.656900
0.656925
0.667925
0.674250
0.676450
0.676925
0.681225
0.682325
0.685125
0.690175
0.693125
0.697925
0.699925
0.702575
0.704900
0.706750
0.710625
0.720100
0.723550
0.725125
0.735075
0.753400
0.761650
0.765750
0.774950
0.775325
0.776975
0.781425
0.784375
0.794825
0.798500
0.809800
0.811800
0.815275
0.818600
0.828625
0.833350
0.835200
0.838050
0.850625
0.862725
0.865200
0.873625
0.878925
0.884750
0.907550
0.910850
0.914225
0.915100
0.929850
0.933250
0.935225
0.935475
0.936950
0.944650
0.950425
0.958525
0.965725
0.968550
0.981375
0.983900
0.996275
1.002775
1.023800
1.032375
1.053900
1.054050
1.056050
1.067450
1.091575
1.094650
1.100300
1.101825
1.107800
1.111100
1.131025
1.148200
1.156450
1.160400
1.174000
1.187950
1.191625
1.193400
1.201625
1.244450
1.245275
1.250000
1.255400
1.294200
1.306100
1.326225
1.331325
1.339675
1.342925
1.355925
1.358400
1.412200
1.420350
1.487025
1.492450
1.497175
1.502225
1.503225
1.534000
1.593250
1.615325
1.638875
1.688850
1.796425
1.838875
1.898300
1.917600
1.972425
2.009425
2.080675
2.087425
2.251175
2.268700
2.422950
270
