0.013950
0.016100
0.017700
0.023450
0.023700
0.026200
0.029100
0.035300
0.038225
0.044750
0.059600
0.061600
0.064575
0.064625
0.065375
0.067675
0.069025
0.069300
0.075950
0.076225
0.077275
0.082400
0.082775
0.086200
0.089475
0.089825
0.101625
0.109950
0.112025
0.118250
0.118300
0.138200
0.142900
0.150575
0.150850
0.151900
0.156175
0.157000
0.159150
0.159900
0.162725
0.163650
0.163725
0.165600
0.167550
0.175275
0.176675
0.179925
0.182825
0.183100
0.184450
0.186925
0.187625
0.189725
0.192000
0.196025
0.201300
0.203600
0.208850
0.212525
0.216450
0.218475
0.223475
0.223800
0.231425
0.233075
0.235925
0.245075
0.250250
0.252875
0.258650
0.259850
0.262400
0.263250
0.270175
0.272000
0.273375
0.278825
0.279650
0.283075
0.292100
0.294150
0.296625
0.297450
0.300500
0.303250
0.306675
0.312800
0.315250
0.317050
0.320250
0.321375
0.323025
0.328325
0.328700
0.337800
0.338100
0.338200
0.340750
0.340850
0.343350
0.343975
0.356675
0.360850
0.364400
0.364950
0.375500
0.389450
0.395950
0.405300
0.417950
0.424475
0.425500
0.440375
0.441675
0.443000
0.443375
0.448225
0.448975
0.451825
0.452375
0.458450
0.462850
0.469975
0.472725
0.475325
0.479200
0.502400
0.508275
0.513600
0.515400
0.531475
0.532100
0.532450
0.532550
0.532725
0.533625
0.539450
0.540600
0.542925
0.546750
0.554300
0.560725
0.567225
0.586025
0.587475
0.594225
0.595750
0.595975
0.603675
0.604450
0.608425
0.609650
0.615550
0.631475
0.632050
0.632225
0.633175
0.636650
0.637375
0.645975
0.646650
0.658125
0.659975
0.661650
0.666075
0.667400
0.678800
0.680900
0.688125
0.693275
0.695200
0.699050
0.704600
0.710875
0.711750
0.714050
0.717250
0.719150
0.720375
0.720650
0.721500
0.729900
0.732650
0.733075
0.735000
0.736025
0.737150
0.746550
0.747500
0.753525
0.760850
0.760950
0.764100
0.773700
0.777800
0.784050
0.790325
0.792900
0.795100
0.796000
0.799000
0.799875
0.803675
0.806575
0.816100
0.816525
0.823900
0.831200
0.837500
0.839225
0.841675
0.849050
0.855025
0.858850
0.860175
0.869625
0.873100
0.877725
0.878000
0.882475
0.884875
0.885275
0.885800
0.904625
0.908525
0.919950
0.923850
0.934125
0.935225
0.942650
0.945125
0.952650
0.964900
0.988100
0.989750
0.991150
0.995800
0.995900
1.005925
1.013000
1.028725
1.035825
1.053125
1.062850
1.099025
1.107825
1.125425
1.136800
1.143125
1.160950
1.218850
1.221800
1.224100
1.231300
1.272450
1.277175
1.292325
1.302100
1.312400
1.331875
1.350275
1.358025
1.390325
1.417725
1.419525
1.488525
1.496000
1.538300
1.543375
1.572900
1.592075
1.601225
1.693000
1.713400
1.820200
1.912125
1.930000
1.986675
2.002225
2.258425
281
