0.004925
0.011100
0.018025
0.024100
0.029500
0.044550
0.045525
0.053200
0.053625
0.056900
0.057850
0.061400
0.064525
0.072650
0.073400
0.074725
0.078050
0.089550
0.102175
0.106075
0.109100
0.110850
0.116600
0.116650
0.118550
0.121000
0.124550
0.139975
0.144550
0.145575
0.147300
0.149150
0.162950
0.162950
0.166750
0.168375
0.171150
0.176175
0.182025
0.187425
0.189525
0.192700
0.195925
0.196125
0.202700
0.206375
0.207725
0.212475
0.215600
0.217100
0.223350
0.227050
0.236800
0.239475
0.240675
0.243325
0.243325
0.246500
0.247925
0.255300
0.264025
0.266075
0.274550
0.277725
0.285375
0.285600
0.290050
0.301650
0.306075
0.308925
0.312800
0.315450
0.316225
0.320400
0.325600
0.330200
0.340650
0.348450
0.354500
0.354850
0.357375
0.359450
0.359550
0.370400
0.370900
0.374750
0.375600
0.380075
0.380375
0.387675
0.388150
0.388500
0.389475
0.405450
0.411200
0.413100
0.417125
0.420100
0.420250
0.421175
0.422475
0.433675
0.438750
0.445675
0.446300
0.452825
0.468150
0.489750
0.511075
0.515350
0.517975
0.524975
0.525450
0.543050
0.547000
0.553225
0.562550
0.577350
0.579550
0.581225
0.595875
0.598700
0.605500
0.609425
0.619900
0.624000
0.635350
0.643950
0.649225
0.653850
0.656525
0.657575
0.659125
0.668500
0.671300
0.671800
0.677450
0.679425
0.686350
0.688825
0.690650
0.710050
0.721975
0.737800
0.745025
0.746950
0.750200
0.754975
0.755000
0.755025
0.762475
0.763500
0.776525
0.776725
0.776875
0.786850
0.792525
0.796875
0.803950
0.807075
0.821325
0.824325
0.836200
0.838925
0.844425
0.848725
0.856025
0.858900
0.864900
0.870675
0.875625
0.879075
0.887850
0.895200
0.895950
0.905200
0.906175
0.916375
0.916675
0.918925
0.922575
0.932300
0.935600
0.944750
0.949500
0.988625
1.009725
1.024975
1.052775
1.058400
1.067025
1.074050
1.078400
1.087575
1.101425
1.116725
1.146925
1.148350
1.158325
1.162150
1.173600
1.183975
1.237125
1.240825
1.260500
1.265350
1.292050
1.298725
1.316250
1.317125
1.321100
1.349650
1.390025
1.414450
1.457800
1.472650
1.494800
1.504900
1.550800
1.571550
1.574800
1.586500
1.857575
1.914400
1.931575
1.940375
1.960225
2.064375
2.089400
229
