0.003825
0.016000
0.020575
0.024150
0.025975
0.028550
0.032725
0.033825
0.035700
0.040450
0.049950
0.050350
0.051150
0.053875
0.054000
0.056475
0.069925
0.080475
0.081700
0.083175
0.085825
0.087700
0.092025
0.094200
0.094975
0.104725
0.109500
0.112675
0.114425
0.121075
0.121575
0.125325
0.132300
0.134450
0.136800
0.138200
0.140750
0.141325
0.144700
0.148375
0.149675
0.156300
0.163150
0.170925
0.176275
0.178300
0.179875
0.182400
0.183150
0.187025
0.194975
0.195050
0.200100
0.205975
0.213100
0.217800
0.223500
0.227100
0.228300
0.232475
0.232875
0.233000
0.250375
0.250775
0.251200
0.251725
0.252225
0.253825
0.253975
0.260825
0.267925
0.268225
0.269850
0.275100
0.283375
0.283400
0.286000
0.294875
0.296625
0.302350
0.303625
0.307600
0.309875
0.313325
0.318025
0.321775
0.326650
0.328150
0.329100
0.333400
0.334300
0.340275
0.340800
0.343850
0.344050
0.349950
0.353850
0.355325
0.360175
0.361375
0.363450
0.369075
0.372300
0.372625
0.377725
0.388150
0.390125
0.395875
0.399075
0.400075
0.405800
0.411225
0.420750
0.421350
0.426600
0.432475
0.434000
0.436325
0.437500
0.442500
0.450025
0.450600
0.458000
0.469775
0.471075
0.473375
0.473425
0.479425
0.491950
0.496175
0.496525
0.496550
0.509425
0.510750
0.522650
0.522950
0.538700
0.551775
0.553050
0.558500
0.566600
0.566850
0.572500
0.573700
0.574575
0.575325
0.592100
0.603650
0.605700
0.616500
0.639800
0.640800
0.643075
0.648225
0.649725
0.655750
0.661525
0.666325
0.672025
0.682150
0.688575
0.693525
0.699425
0.701450
0.726050
0.727600
0.735900
0.739600
0.744800
0.744825
0.751600
0.759550
0.769000
0.773425
0.778475
0.787750
0.791050
0.804050
0.811475
0.812425
0.821975
0.827125
0.827450
0.829400
0.832375
0.835475
0.840375
0.848125
0.848800
0.850650
0.854325
0.855475
0.856975
0.861075
0.865800
0.867900
0.868500
0.870350
0.871125
0.884050
0.891575
0.918825
0.919075
0.931150
0.941025
0.960300
0.981100
0.989325
0.994625
1.000125
1.015850
1.017925
1.021375
1.023175
1.039900
1.053050
1.056650
1.073800
1.077175
1.083125
1.097275
1.116300
1.119025
1.134850
1.135275
1.167300
1.211350
1.219150
1.224600
1.294800
1.299600
1.302550
1.354350
1.492425
1.498625
1.542900
1.545175
1.563775
1.566950
1.603400
1.617550
1.637375
1.652550
1.705150
1.708000
1.708375
1.715575
1.733350
1.925400
1.928150
1.952425
2.029525
2.367325
2.465425
254
