0.004000
0.004200
0.006300
0.006875
0.023300
0.026825
0.036375
0.039525
0.051500
0.051800
0.054650
0.070650
0.075500
0.076075
0.080675
0.087250
0.094875
0.097175
0.103425
0.114050
0.118275
0.123325
0.125325
0.127600
0.129175
0.132300
0.134550
0.137150
0.138175
0.141675
0.143150
0.154175
0.161150
0.181025
0.181275
0.182325
0.183325
0.186900
0.187850
0.195875
0.204575
0.205325
0.207550
0.212050
0.214550
0.225725
0.228175
0.238125
0.240925
0.249050
0.258375
0.261700
0.266425
0.272125
0.275950
0.284075
0.289950
0.298375
0.300450
0.300925
0.301400
0.306975
0.308250
0.310750
0.311100
0.313250
0.320050
0.324200
0.328750
0.329025
0.335275
0.336950
0.337800
0.354125
0.356975
0.357525
0.366150
0.373150
0.378125
0.384425
0.387375
0.390400
0.400725
0.401900
0.405375
0.408900
0.409925
0.410575
0.420075
0.422725
0.424600
0.429500
0.430500
0.433950
0.435525
0.436925
0.442200
0.442925
0.444650
0.446875
0.447525
0.452725
0.457775
0.458275
0.458375
0.461550
0.465150
0.472400
0.473225
0.476975
0.478850
0.479150
0.479250
0.479475
0.491375
0.503850
0.509100
0.511200
0.511975
0.513800
0.516425
0.519575
0.520125
0.523175
0.525375
0.526975
0.529950
0.533375
0.539375
0.541775
0.542475
0.543100
0.549450
0.554850
0.554900
0.556625
0.562775
0.568825
0.569150
0.569725
0.579325
0.581475
0.594450
0.596000
0.596950
0.597000
0.599375
0.599750
0.600250
0.600450
0.602500
0.606550
0.614075
0.630200
0.634975
0.638450
0.642875
0.643450
0.647325
0.653375
0.662950
0.665700
0.668850
0.668975
0.675025
0.685150
0.688400
0.688975
0.696100
0.696575
0.700300
0.706100
0.706450
0.707025
0.709500
0.710125
0.715375
0.718150
0.720075
0.721150
0.734225
0.735875
0.747450
0.755275
0.780700
0.786950
0.790550
0.792125
0.793750
0.793850
0.803925
0.814000
0.826125
0.832050
0.847650
0.847675
0.867050
0.881150
0.885875
0.887975
0.894450
0.908675
0.916550
0.919075
0.920625
0.924750
0.928475
0.928875
0.977625
0.983100
0.984600
0.991725
0.994400
1.012600
1.018100
1.021350
1.026550
1.028400
1.035675
1.042100
1.069300
1.073825
1.079925
1.079950
1.083875
1.087600
1.093175
1.093525
1.115700
1.127550
1.166050
1.184850
1.196725
1.220200
1.268350
1.270050
1.310425
1.322025
1.351750
1.391525
1.420225
1.452025
1.476550
1.477600
1.484500
1.499925
1.509125
1.521975
1.524900
1.568725
1.598775
1.631275
1.642250
1.657225
1.684550
1.727775
1.746475
1.765800
1.946500
2.150125
2.495800
261
