0.005250
0.006325
0.009550
0.011500
0.048275
0.055625
0.058225
0.071025
0.077675
0.083400
0.084950
0.099025
0.104375
0.106225
0.107675
0.112375
0.120650
0.121375
0.124925
0.128475
0.131225
0.142225
0.149025
0.152725
0.153975
0.156325
0.156625
0.161625
0.163200
0.176750
0.196400
0.197925
0.202775
0.203575
0.207650
0.214950
0.215000
0.215050
0.217800
0.218550
0.220225
0.222025
0.230200
0.234725
0.242000
0.248925
0.251150
0.252800
0.256725
0.257375
0.273550
0.278350
0.285000
0.285575
0.295575
0.302375
0.306125
0.308950
0.313475
0.320250
0.323500
0.325900
0.327625
0.328875
0.334050
0.340675
0.341675
0.342350
0.346300
0.355100
0.356550
0.357175
0.359175
0.365325
0.371725
0.375175
0.392325
0.393475
0.398825
0.401700
0.407175
0.414500
0.414625
0.416200
0.422800
0.423575
0.424625
0.428850
0.428975
0.430775
0.431425
0.433775
0.441825
0.443700
0.443800
0.444350
0.444875
0.447700
0.453325
0.454375
0.454425
0.460100
0.461525
0.463025
0.463450
0.464200
0.464550
0.464775
0.468825
0.479200
0.489000
0.499925
0.504450
0.506375
0.506650
0.507350
0.511725
0.516550
0.522975
0.532775
0.537450
0.539275
0.559750
0.560100
0.560300
0.562625
0.563800
0.570400
0.571900
0.572575
0.581475
0.583000
0.584200
0.612475
0.616350
0.617550
0.619325
0.621675
0.631400
0.635275
0.654000
0.666125
0.671450
0.680950
0.682375
0.696125
0.714375
0.715800
0.719925
0.724650
0.727075
0.743375
0.748550
0.750000
0.761700
0.763275
0.763525
0.764150
0.768600
0.773050
0.784000
0.790475
0.792875
0.795100
0.796600
0.796650
0.800575
0.801300
0.810875
0.813600
0.824975
0.837650
0.842550
0.842725
0.847175
0.853900
0.859500
0.859850
0.876650
0.877525
0.878525
0.887900
0.888300
0.896075
0.918575
0.921275
0.938150
0.939225
0.943375
0.946500
0.951925
0.954350
0.959625
0.962875
0.973200
0.982400
1.003325
1.005775
1.009575
1.021125
1.023800
1.028575
1.040300
1.046000
1.049000
1.057350
1.084900
1.093450
1.095225
1.105800
1.108625
1.115225
1.118950
1.119025
1.140400
1.149025
1.155050
1.176275
1.191725
1.206450
1.209950
1.284075
1.284175
1.296375
1.323500
1.433300
1.479700
1.524150
1.571475
1.681350
1.696225
1.860575
2.288250
2.362200
234
