0.012400
0.012575
0.014175
0.021000
0.027100
0.027275
0.027850
0.029575
0.030050
0.034100
0.034300
0.035450
0.036350
0.036425
0.039350
0.040675
0.050775
0.073525
0.073625
0.078950
0.082750
0.083200
0.094225
0.101400
0.104700
0.105750
0.111175
0.133600
0.137175
0.142875
0.143275
0.149800
0.153100
0.156825
0.168475
0.170875
0.173725
0.176750
0.180200
0.187125
0.192875
0.197525
0.201750
0.208650
0.210825
0.233825
0.252625
0.254450
0.255575
0.276425
0.276450
0.283900
0.284475
0.284600
0.285350
0.289425
0.289575
0.293900
0.294650
0.295375
0.308975
0.313475
0.314225
0.320800
0.326650
0.329025
0.331350
0.332550
0.335175
0.350125
0.377850
0.378200
0.379275
0.383775
0.384050
0.392000
0.392650
0.400525
0.403775
0.413375
0.416350
0.417700
0.426200
0.432050
0.434300
0.446850
0.447850
0.448425
0.448550
0.448900
0.451750
0.452425
0.458675
0.462250
0.463600
0.465500
0.465525
0.467725
0.469775
0.469875
0.473800
0.475625
0.489725
0.490850
0.494575
0.500550
0.501200
0.513100
0.517350
0.525350
0.526225
0.529875
0.530275
0.530775
0.533525
0.541475
0.543825
0.546075
0.549750
0.554700
0.555150
0.563175
0.568925
0.571400
0.573200
0.583600
0.591225
0.595000
0.611500
0.616750
0.621825
0.624325
0.628675
0.629450
0.631425
0.633550
0.637925
0.638200
0.639375
0.641600
0.645950
0.648300
0.652925
0.653800
0.659825
0.663525
0.676450
0.684825
0.693525
0.693925
0.694900
0.695000
0.705975
0.708700
0.709975
0.721975
0.738250
0.746075
0.749300
0.751050
0.761100
0.765725
0.771050
0.771100
0.776900
0.787425
0.789125
0.795975
0.798525
0.800600
0.801475
0.816300
0.817025
0.831600
0.838250
0.858075
0.872625
0.876925
0.890725
0.891425
0.919500
0.925575
0.953050
0.959975
0.960850
0.961975
0.970675
0.978550
0.982750
0.989025
0.996125
1.001650
1.012550
1.015450
1.026550
1.062200
1.082825
1.096725
1.112950
1.125550
1.168025
1.177475
1.186000
1.192900
1.193925
1.221825
1.228150
1.239100
1.310175
1.340025
1.345900
1.346975
1.379050
1.394775
1.405475
1.409700
1.410950
1.463050
1.527025
1.541200
1.560300
1.593000
1.603800
1.680825
1.774100
1.866400
1.880350
1.915150
1.932300
1.975300
1.987350
2.070075
2.157475
2.359950
2.390150
2.456850
236
