0.003100
0.003200
0.005425
0.012950
0.023675
0.030725
0.031375
0.056525
0.059825
0.060175
0.066625
0.077575
0.080250
0.080500
0.083325
0.090750
0.091125
0.091950
0.098975
0.106225
0.119000
0.120100
0.121200
0.124400
0.131900
0.134325
0.137025
0.137200
0.138400
0.142550
0.145225
0.154400
0.158000
0.159350
0.167525
0.173250
0.183825
0.187475
0.189050
0.190300
0.193350
0.196200
0.203975
0.204175
0.209150
0.213225
0.219625
0.228575
0.237825
0.243175
0.244100
0.244375
0.250500
0.251250
0.253325
0.257900
0.268200
0.272225
0.274075
0.276350
0.282675
0.283200
0.290175
0.290300
0.290350
0.294150
0.295125
0.298050
0.299425
0.302850
0.313250
0.322000
0.322875
0.323025
0.323050
0.327000
0.329000
0.330025
0.342575
0.343025
0.361850
0.364525
0.371575
0.373025
0.390950
0.393350
0.393575
0.394475
0.400600
0.407275
0.411825
0.422450
0.422475
0.443075
0.446525
0.449175
0.450125
0.450450
0.470125
0.473525
0.484575
0.491325
0.493950
0.502075
0.504000
0.505775
0.521075
0.523100
0.537925
0.541250
0.551525
0.553525
0.553975
0.561925
0.585950
0.592475
0.597650
0.605100
0.606950
0.608000
0.614275
0.622475
0.622950
0.624025
0.624800
0.630775
0.632475
0.641000
0.650850
0.651900
0.652675
0.655700
0.662000
0.674525
0.676625
0.679150
0.693950
0.701425
0.707900
0.712075
0.712125
0.718850
0.720025
0.721775
0.727200
0.739300
0.741675
0.744375
0.747000
0.749600
0.755700
0.760775
0.763825
0.770375
0.771025
0.773250
0.777475
0.779875
0.798550
0.803450
0.807025
0.809025
0.810650
0.813375
0.816175
0.831350
0.838275
0.839275
0.842400
0.854575
0.858975
0.865050
0.866600
0.868500
0.873200
0.873450
0.877575
0.886475
0.894550
0.896550
0.922450
0.928625
0.932650
0.948575
0.959575
0.976575
0.977775
0.979275
0.979475
0.980175
0.998475
0.999750
1.016075
1.027000
1.035750
1.039350
1.049275
1.058050
1.071650
1.075500
1.077925
1.085500
1.088425
1.095325
1.099200
1.105350
1.116550
1.119275
1.121525
1.126475
1.136550
1.137000
1.138900
1.142900
1.146150
1.170750
1.208400
1.229400
1.280025
1.308625
1.362950
1.367675
1.402325
1.446150
1.453150
1.454950
1.494100
1.518875
1.549700
1.552675
1.624950
1.684200
1.687100
1.744350
1.750200
1.969600
2.034250
2.045625
2.183475
2.337550
2.362125
241
