0.002700
0.003600
0.004175
0.005100
0.019625
0.025500
0.026550
0.041400
0.046550
0.047250
0.048400
0.051275
0.061550
0.069975
0.075300
0.077075
0.081350
0.082500
0.096600
0.099550
0.100150
0.100150
0.105725
0.109075
0.110700
0.110775
0.115575
0.116550
0.122225
0.125100
0.127525
0.137075
0.141300
0.143300
0.147150
0.147300
0.147875
0.150925
0.151925
0.157675
0.162525
0.168500
0.172700
0.174825
0.176825
0.181775
0.182650
0.190000
0.190525
0.191750
0.193850
0.202675
0.207925
0.208000
0.212325
0.219325
0.223425
0.236700
0.237375
0.249400
0.252825
0.255500
0.256625
0.260175
0.263050
0.277875
0.278250
0.278275
0.278650
0.279850
0.281575
0.282775
0.282925
0.287650
0.297525
0.305300
0.308400
0.320325
0.326000
0.328600
0.329775
0.333175
0.333450
0.334700
0.344300
0.346750
0.371375
0.371950
0.378200
0.379225
0.391250
0.394650
0.395850
0.406525
0.410025
0.411300
0.417325
0.425775
0.435925
0.436100
0.437425
0.438650
0.447250
0.457800
0.458925
0.470750
0.471400
0.475425
0.487450
0.492500
0.502750
0.506175
0.508950
0.510975
0.511550
0.512025
0.515475
0.518925
0.524850
0.537100
0.537300
0.538100
0.543225
0.543750
0.550775
0.562600
0.571350
0.589600
0.599400
0.599650
0.604225
0.606950
0.609075
0.612475
0.614125
0.616525
0.621650
0.623625
0.630450
0.634550
0.644450
0.645325
0.646200
0.647275
0.649650
0.654225
0.657100
0.660800
0.662050
0.673275
0.681200
0.688075
0.695125
0.700375
0.701700
0.704050
0.712875
0.717800
0.721050
0.727850
0.731225
0.732400
0.745225
0.747475
0.749125
0.751400
0.765250
0.768050
0.773300
0.777975
0.780575
0.782100
0.783100
0.783200
0.786850
0.789900
0.796400
0.815350
0.821100
0.823475
0.840975
0.842125
0.848925
0.849950
0.851500
0.853050
0.853725
0.864525
0.871650
0.885825
0.898750
0.904375
0.926400
0.936350
0.939225
0.940300
0.946875
0.947025
0.961850
0.967950
0.974100
0.983600
0.992225
1.058175
1.058275
1.077225
1.093650
1.100150
1.114275
1.118275
1.120475
1.127425
1.127850
1.145625
1.150650
1.200550
1.229950
1.233550
1.241775
1.283225
1.310375
1.345225
1.380225
1.423650
1.485800
1.500950
1.528400
1.555975
1.567250
1.594575
1.650300
1.782850
1.912275
1.927925
1.962125
2.073575
2.119300
2.284925
2.413600
2.492000
240
