0.002750
0.012575
0.019475
0.026425
0.034250
0.043150
0.050475
0.053150
0.054025
0.057275
0.058100
0.059650
0.064700
0.071650
0.072300
0.074900
0.075125
0.082825
0.084600
0.097275
0.099500
0.101850
0.111775
0.115725
0.118650
0.120050
0.124250
0.126550
0.131425
0.133825
0.134875
0.143350
0.148650
0.152250
0.153475
0.153800
0.156275
0.172475
0.173550
0.185500
0.187525
0.193225
0.193400
0.198100
0.206950
0.217350
0.219775
0.221100
0.225375
0.238500
0.249075
0.250775
0.252350
0.252775
0.253750
0.254650
0.255300
0.265175
0.265875
0.278750
0.284325
0.286800
0.295450
0.300250
0.301950
0.304975
0.305675
0.317650
0.323825
0.324850
0.325425
0.326175
0.328250
0.338300
0.340575
0.359925
0.363300
0.364125
0.366775
0.366950
0.373575
0.374450
0.374625
0.382325
0.384075
0.386600
0.400700
0.404750
0.417250
0.421650
0.424250
0.426600
0.435325
0.443050
0.446800
0.448025
0.462100
0.467350
0.473350
0.475325
0.478725
0.483225
0.484350
0.485700
0.495175
0.496550
0.499100
0.501275
0.501450
0.525975
0.528500
0.529650
0.535400
0.542575
0.542925
0.557025
0.557575
0.569475
0.581700
0.582775
0.589875
0.605325
0.605550
0.611175
0.613400
0.615250
0.619850
0.626625
0.628375
0.630400
0.634750
0.635425
0.636650
0.641375
0.647325
0.657925
0.659025
0.667975
0.668325
0.668675
0.674100
0.674750
0.674975
0.678350
0.685300
0.700175
0.701825
0.705325
0.708675
0.712700
0.714050
0.721925
0.723050
0.724150
0.734250
0.739750
0.750550
0.751250
0.764900
0.765875
0.767625
0.770200
0.774025
0.789100
0.790125
0.799175
0.801800
0.803125
0.813025
0.824150
0.843200
0.845450
0.849475
0.851500
0.858100
0.871575
0.887350
0.890650
0.893300
0.894575
0.899100
0.899725
0.901125
0.917725
0.930675
0.937225
0.938750
0.952275
0.984375
0.991325
1.000225
1.001700
1.020500
1.070075
1.074200
1.074750
1.074850
1.095300
1.121600
1.150250
1.184575
1.193775
1.197525
1.223100
1.227925
1.247100
1.259475
1.274200
1.293675
1.314050
1.320175
1.320975
1.352425
1.354775
1.359175
1.438650
1.490225
1.545075
1.583400
1.723825
1.726075
1.871150
2.067525
2.249725
2.358000
2.398625
2.478475
227
