0.001075
0.001775
0.005625
0.010825
0.016600
0.024600
0.026400
0.040000
0.043300
0.045425
0.055625
0.067850
0.071350
0.071775
0.073775
0.080175
0.099725
0.102250
0.112800
0.123175
0.130125
0.131375
0.135500
0.140125
0.149975
0.153725
0.159450
0.161300
0.162500
0.169625
0.185850
0.192000
0.195150
0.200575
0.207600
0.208925
0.211800
0.215250
0.231825
0.233275
0.243275
0.255175
0.265375
0.284700
0.286275
0.287375
0.291675
0.291825
0.298775
0.308600
0.313625
0.320925
0.320975
0.324250
0.327525
0.328725
0.332025
0.334950
0.343675
0.348125
0.351450
0.359900
0.363925
0.367025
0.367500
0.374800
0.376575
0.389425
0.394975
0.407475
0.408300
0.408325
0.412100
0.420575
0.426400
0.432550
0.432800
0.437825
0.439950
0.442000
0.445100
0.459750
0.462550
0.463300
0.463425
0.468525
0.476750
0.480825
0.486525
0.488900
0.489275
0.489675
0.490425
0.491325
0.503675
0.510000
0.514525
0.522425
0.523600
0.527600
0.543675
0.543975
0.549350
0.555275
0.558875
0.566950
0.580925
0.599025
0.603850
0.606875
0.607950
0.613525
0.617800
0.619400
0.621550
0.622775
0.629325
0.636825
0.637725
0.641775
0.653000
0.654400
0.657850
0.660775
0.661475
0.663000
0.670925
0.671600
0.693100
0.694100
0.694900
0.700450
0.710450
0.712225
0.717750
0.723825
0.730300
0.735150
0.742625
0.750125
0.751575
0.751675
0.756900
0.760800
0.765600
0.777875
0.784150
0.784225
0.787825
0.788550
0.790875
0.790950
0.793200
0.798900
0.804975
0.809300
0.815150
0.816800
0.818700
0.820300
0.824500
0.836775
0.846150
0.858050
0.861175
0.861525
0.862825
0.867125
0.867375
0.875900
0.883825
0.884625
0.891750
0.892175
0.902225
0.904275
0.921425
0.923050
0.945850
0.945900
0.967050
0.970950
1.023375
1.031100
1.042300
1.042700
1.059525
1.063175
1.068725
1.072425
1.077850
1.081750
1.107950
1.118650
1.145575
1.148150
1.183075
1.209775
1.212200
1.216450
1.310450
1.322750
1.341325
1.426850
1.438850
1.500625
1.517325
1.638850
1.653275
1.683225
1.706425
1.774100
1.840875
2.126450
2.178925
215
