0.006125
0.008025
0.009275
0.012625
0.014475
0.018075
0.021750
0.038450
0.044325
0.051550
0.059800
0.060800
0.067525
0.070475
0.073825
0.074350
0.076225
0.077125
0.079375
0.080825
0.080950
0.085800
0.093125
0.100300
0.103850
0.109175
0.114775
0.121325
0.130025
0.132300
0.141250
0.141875
0.146950
0.147300
0.152525
0.156250
0.166425
0.169375
0.170825
0.171700
0.173275
0.185525
0.189350
0.191775
0.201525
0.207150
0.209925
0.214100
0.216000
0.217700
0.224650
0.228375
0.231000
0.234200
0.244150
0.255300
0.263900
0.268075
0.269450
0.270925
0.273700
0.275525
0.278725
0.279525
0.287725
0.288550
0.292575
0.293775
0.294625
0.297175
0.300475
0.306900
0.314600
0.317650
0.325375
0.330375
0.330675
0.336100
0.337400
0.348025
0.356175
0.358875
0.371000
0.378950
0.385850
0.390150
0.395275
0.397850
0.404250
0.412500
0.415300
0.415475
0.416275
0.418200
0.418475
0.427725
0.429400
0.430300
0.430550
0.442350
0.445675
0.449925
0.454575
0.456675
0.461375
0.463725
0.464625
0.465675
0.469550
0.479575
0.483875
0.485625
0.487075
0.488300
0.493875
0.494950
0.498125
0.512050
0.520600
0.531000
0.536225
0.540400
0.540975
0.549800
0.556150
0.557850
0.572925
0.576125
0.597025
0.598425
0.599350
0.610000
0.613900
0.615625
0.621300
0.628900
0.631425
0.632425
0.637675
0.639325
0.643175
0.650575
0.655800
0.657275
0.662075
0.667450
0.669350
0.672900
0.677075
0.680925
0.689825
0.695000
0.695475
0.695700
0.700725
0.702500
0.707650
0.715175
0.715625
0.716525
0.718600
0.720675
0.725700
0.726475
0.736875
0.738200
0.751600
0.760175
0.762875
0.768575
0.774250
0.774725
0.778475
0.781875
0.783250
0.790950
0.792600
0.793200
0.799225
0.799600
0.799925
0.801075
0.820900
0.826425
0.850975
0.858250
0.887975
0.888100
0.896550
0.946250
0.953525
0.964050
0.965175
0.968400
0.976050
0.976125
0.978900
0.985650
0.989075
0.990800
0.993125
0.993250
1.018550
1.028975
1.079500
1.120475
1.124500
1.124550
1.138775
1.139475
1.139800
1.156400
1.159725
1.194175
1.238125
1.268925
1.334225
1.362550
1.388300
1.431350
1.446925
1.519600
1.534050
1.577100
1.607225
1.716750
1.736425
1.742850
1.781000
1.827100
1.868300
1.920675
232
