0.000325
0.017800
0.025875
0.037750
0.040200
0.043000
0.043900
0.048200
0.054625
0.058950
0.059275
0.062625
0.072650
0.075675
0.076450
0.076875
0.080075
0.080800
0.094050
0.109975
0.110350
0.117175
0.117350
0.117875
0.132050
0.132225
0.136200
0.136975
0.139475
0.142400
0.148350
0.150200
0.151325
0.154150
0.161950
0.169700
0.178050
0.187125
0.191325
0.192225
0.197250
0.201375
0.201650
0.202950
0.218050
0.219600
0.221325
0.222175
0.225425
0.227575
0.234025
0.237350
0.240975
0.249775
0.257500
0.262150
0.265300
0.266250
0.284000
0.306375
0.312025
0.312675
0.322075
0.325725
0.326750
0.328675
0.330575
0.333125
0.338200
0.343725
0.355775
0.357650
0.359625
0.366850
0.372000
0.379525
0.384650
0.397150
0.401100
0.401125
0.406725
0.411200
0.414625
0.416650
0.427850
0.428500
0.429650
0.443750
0.453850
0.464725
0.478675
0.485650
0.485950
0.499325
0.508250
0.519625
0.522550
0.546075
0.549875
0.557350
0.559725
0.563875
0.565950
0.567650
0.568300
0.569025
0.578525
0.583125
0.585175
0.587325
0.592775
0.593025
0.597050
0.598400
0.602525
0.603550
0.607975
0.614125
0.616225
0.634375
0.637300
0.653700
0.671000
0.674225
0.675425
0.676075
0.677325
0.680350
0.683100
0.683450
0.686225
0.689400
0.697025
0.701500
0.705675
0.717700
0.721300
0.722950
0.732400
0.734125
0.734225
0.736675
0.745500
0.748525
0.750400
0.753100
0.756925
0.772700
0.779625
0.782825
0.789075
0.789275
0.790100
0.801975
0.803100
0.812300
0.826225
0.827500
0.829200
0.832550
0.835850
0.836450
0.837025
0.840325
0.864375
0.866650
0.876500
0.877900
0.882500
0.882850
0.884950
0.898425
0.901400
0.905725
0.913575
0.914000
0.924525
0.931375
0.933575
0.935000
0.940600
0.943825
0.954375
0.967450
0.971650
0.973050
0.983325
0.984375
0.989850
0.990675
0.994875
1.003675
1.004325
1.005100
1.005400
1.011100
1.013100
1.020425
1.023650
1.025575
1.025750
1.047900
1.060825
1.066200
1.071775
1.071925
1.085575
1.087800
1.088350
1.094900
1.107250
1.108375
1.117875
1.128975
1.137875
1.152775
1.155050
1.252775
1.258350
1.270300
1.273700
1.310200
1.440625
1.446475
1.454775
1.491550
1.529875
1.560700
1.573350
1.635300
1.712350
2.351025
2.421750
233
