0.000425
0.017125
0.019125
0.020050
0.020125
0.023550
0.028025
0.030050
0.030350
0.030925
0.032450
0.034500
0.038175
0.038650
0.039175
0.039325
0.046550
0.050800
0.059300
0.060825
0.065675
0.066350
0.068575
0.068975
0.070625
0.071400
0.076850
0.081650
0.100400
0.103900
0.104850
0.115725
0.116725
0.119050
0.119325
0.129125
0.132500
0.133050
0.136750
0.137850
0.140650
0.141275
0.156400
0.159125
0.161200
0.165225
0.168725
0.171675
0.185925
0.190400
0.199175
0.203875
0.210500
0.215075
0.225050
0.237700
0.240550
0.244550
0.251875
0.252450
0.259900
0.263250
0.263775
0.269775
0.271325
0.283975
0.284900
0.290425
0.290600
0.296825
0.302075
0.315475
0.326050
0.333700
0.341250
0.345200
0.347550
0.353950
0.360450
0.361325
0.366675
0.383300
0.391150
0.391325
0.391550
0.399025
0.412750
0.426000
0.426875
0.433200
0.435975
0.437250
0.460275
0.461525
0.471425
0.472650
0.479625
0.480450
0.481900
0.483325
0.487925
0.488425
0.490875
0.491275
0.500000
0.503350
0.505250
0.509300
0.511400
0.513450
0.516775
0.517900
0.519800
0.534075
0.534200
0.534975
0.539150
0.549075
0.562850
0.566650
0.580975
0.593075
0.595200
0.595900
0.619800
0.624925
0.627075
0.640700
0.650625
0.665975
0.669525
0.669700
0.673200
0.674775
0.679375
0.680300
0.712275
0.716200
0.724100
0.724500
0.730725
0.737875
0.743875
0.760150
0.761775
0.769225
0.771675
0.779750
0.785875
0.799025
0.804100
0.812175
0.812350
0.813850
0.814575
0.815775
0.817700
0.820950
0.830775
0.834050
0.836725
0.839350
0.853075
0.858150
0.860500
0.871275
0.871325
0.884100
0.885600
0.894550
0.896150
0.896275
0.897175
0.901825
0.903675
0.915875
0.934300
0.957700
0.960325
0.960450
0.960700
0.966600
0.967325
0.990700
0.992925
1.001450
1.001525
1.019150
1.025975
1.026325
1.035350
1.052550
1.077200
1.081450
1.090025
1.091500
1.103550
1.144050
1.145950
1.152450
1.157425
1.183450
1.203025
1.209150
1.214300
1.244050
1.249600
1.301475
1.311050
1.321350
1.378300
1.414275
1.446700
1.455250
1.459125
1.495350
1.522825
1.546750
1.577400
1.672625
1.692625
1.706550
1.728750
1.758975
1.797175
1.815900
1.843275
1.906025
1.928100
1.965600
2.022375
2.085075
2.143500
2.272600
2.364700
2.385875
236
