0.003375
0.006575
0.010450
0.016275
0.023350
0.023800
0.032775
0.033750
0.041625
0.041700
0.046675
0.050400
0.054550
0.057675
0.060650
0.063250
0.067000
0.082525
0.084475
0.088400
0.095125
0.100750
0.107325
0.118725
0.119500
0.126525
0.127150
0.127275
0.127950
0.132750
0.136675
0.142225
0.142275
0.151175
0.153475
0.159750
0.162275
0.163025
0.171975
0.172875
0.174325
0.180225
0.193500
0.196850
0.201875
0.212200
0.214600
0.215550
0.216025
0.235175
0.244025
0.248500
0.255600
0.256725
0.258625
0.260250
0.263800
0.269425
0.286825
0.307250
0.315050
0.315275
0.316000
0.329800
0.332575
0.343450
0.347250
0.362725
0.367525
0.369125
0.371925
0.375175
0.375300
0.376125
0.377650
0.380825
0.383175
0.390675
0.399800
0.402750
0.411650
0.412750
0.412850
0.422525
0.424050
0.424825
0.425850
0.433925
0.434850
0.436650
0.440075
0.441750
0.444950
0.446250
0.450300
0.452675
0.471225
0.483300
0.485425
0.486400
0.493575
0.493950
0.500000
0.502125
0.503500
0.505800
0.509975
0.510525
0.522375
0.522600
0.531175
0.537875
0.547000
0.548125
0.549375
0.551975
0.555175
0.572525
0.576275
0.577425
0.578325
0.579850
0.581900
0.587700
0.595850
0.598600
0.600350
0.600400
0.605550
0.607325
0.612775
0.613500
0.616900
0.619975
0.620725
0.620725
0.622600
0.624100
0.624650
0.628200
0.636925
0.638100
0.651525
0.658000
0.663225
0.665950
0.671175
0.684750
0.688125
0.688400
0.689800
0.691225
0.700200
0.705425
0.712025
0.712675
0.736225
0.740825
0.745950
0.762650
0.766150
0.766425
0.766725
0.777125
0.790850
0.793225
0.793625
0.798875
0.799525
0.802775
0.810775
0.822750
0.825525
0.828400
0.851925
0.870175
0.872600
0.885050
0.917050
0.922650
0.929050
0.931900
0.938625
0.944225
0.955125
0.999025
1.001525
1.002225
1.017850
1.020800
1.030750
1.065900
1.066125
1.069075
1.074950
1.123075
1.128075
1.130575
1.158800
1.161500
1.167275
1.180775
1.182725
1.190225
1.207925
1.246550
1.247500
1.247975
1.295700
1.308175
1.374475
1.400575
1.401200
1.405375
1.478250
1.509925
1.518050
1.520575
1.533650
1.595375
1.599950
1.663925
1.743450
1.823150
1.839700
1.843375
1.868800
1.910275
2.138775
2.201925
2.245625
2.265900
2.279000
2.343375
234
