0.008925
0.010050
0.027325
0.037950
0.040000
0.046750
0.051875
0.063500
0.072125
0.075475
0.081000
0.087750
0.088125
0.094900
0.099625
0.105350
0.105875
0.107225
0.112550
0.114900
0.115925
0.121175
0.129925
0.139525
0.141900
0.146950
0.150300
0.150375
0.154775
0.162575
0.164925
0.167525
0.182900
0.184900
0.186025
0.192375
0.192775
0.199125
0.207650
0.209450
0.217650
0.220150
0.229925
0.231650
0.231750
0.232550
0.237175
0.240375
0.241600
0.246625
0.248100
0.248225
0.267425
0.270375
0.274950
0.279775
0.280825
0.281000
0.284575
0.290075
0.295175
0.295850
0.300100
0.303975
0.308750
0.309450
0.327450
0.328525
0.349000
0.365650
0.367700
0.368950
0.384500
0.392250
0.401875
0.416875
0.418775
0.422250
0.429175
0.435525
0.444375
0.463050
0.468900
0.471575
0.472100
0.478350
0.479075
0.482925
0.493075
0.498475
0.504850
0.505025
0.513675
0.521775
0.523100
0.524375
0.524650
0.533575
0.540025
0.542675
0.543100
0.560100
0.564700
0.569725
0.570025
0.585100
0.592575
0.592825
0.594300
0.595275
0.596975
0.597250
0.598475
0.602600
0.603150
0.604750
0.607100
0.609050
0.615575
0.629125
0.631325
0.634925
0.635900
0.638075
0.638125
0.642075
0.644175
0.644325
0.649725
0.651350
0.657650
0.668775
0.670225
0.672500
0.672800
0.680800
0.683050
0.685500
0.695300
0.699025
0.702225
0.705750
0.718075
0.718900
0.719800
0.725025
0.725275
0.738950
0.743375
0.746400
0.747200
0.750575
0.751200
0.751525
0.769900
0.772300
0.780025
0.789300
0.799800
0.800650
0.817450
0.823450
0.824200
0.825000
0.826975
0.852100
0.855575
0.863575
0.865225
0.867625
0.868625
0.870050
0.882950
0.887325
0.890125
0.901475
0.926075
0.932125
0.934475
0.942375
0.946175
0.988000
0.994500
1.000850
1.002250
1.006325
1.013025
1.027875
1.057175
1.058550
1.079650
1.081825
1.098125
1.102625
1.118875
1.124225
1.125800
1.131650
1.145750
1.148475
1.155525
1.156500
1.157750
1.160350
1.162600
1.165875
1.170200
1.170975
1.181525
1.183525
1.208475
1.209750
1.231325
1.235500
1.254575
1.267600
1.281350
1.288275
1.296750
1.311900
1.314050
1.318075
1.324350
1.369325
1.370850
1.380500
1.385475
1.463825
1.528100
1.529275
1.553300
1.558650
1.560900
1.582950
1.585250
1.616525
1.635850
1.732775
1.735875
1.749150
1.760000
1.924150
1.953550
2.029075
2.163575
2.165975
2.279775
2.283625
248
