0.002175
0.008250
0.029300
0.031950
0.032200
0.034575
0.037000
0.048950
0.050025
0.050350
0.053625
0.060075
0.064950
0.067325
0.068075
0.068925
0.070425
0.074050
0.080525
0.082475
0.089550
0.108175
0.115000
0.115400
0.118225
0.122275
0.127375
0.135750
0.139975
0.150350
0.152350
0.155000
0.155400
0.166075
0.166800
0.168800
0.168850
0.172900
0.174200
0.177125
0.190075
0.194200
0.208200
0.212875
0.214175
0.215500
0.215875
0.219425
0.222450
0.223525
0.229100
0.229875
0.239250
0.248550
0.249375
0.249625
0.252275
0.256600
0.263675
0.264100
0.267500
0.268875
0.278825
0.284225
0.285350
0.293750
0.301050
0.301175
0.306150
0.316275
0.319000
0.321825
0.323125
0.326775
0.327225
0.337300
0.338975
0.345875
0.348600
0.350225
0.359875
0.360875
0.362300
0.366550
0.373575
0.375725
0.376750
0.380350
0.392225
0.409575
0.419725
0.421650
0.422650
0.427600
0.428450
0.428875
0.434125
0.441475
0.442550
0.442850
0.445700
0.455475
0.455625
0.457400
0.457950
0.476850
0.484800
0.489425
0.501375
0.501600
0.504975
0.508550
0.511125
0.521700
0.522325
0.524500
0.531175
0.535675
0.539225
0.541750
0.547725
0.549275
0.549425
0.552175
0.555650
0.563250
0.569025
0.570375
0.570750
0.574125
0.581150
0.584175
0.584975
0.586800
0.589300
0.590600
0.600100
0.607125
0.609850
0.610100
0.616225
0.616825
0.618725
0.619900
0.620700
0.621175
0.631550
0.640625
0.653275
0.654950
0.655575
0.656025
0.656300
0.658300
0.659300
0.665275
0.665875
0.666800
0.672500
0.678175
0.679850
0.686500
0.693800
0.694275
0.706225
0.716825
0.726625
0.731475
0.735775
0.737425
0.756175
0.757125
0.774100
0.781025
0.785250
0.786525
0.793750
0.797375
0.802675
0.807600
0.809700
0.811975
0.815875
0.822425
0.826100
0.826550
0.827650
0.831725
0.841625
0.855325
0.859625
0.861375
0.863625
0.865100
0.870275
0.872600
0.872925
0.879100
0.888825
0.908325
0.909350
0.914925
0.924425
0.950475
0.963100
0.969550
0.975650
0.977475
0.981050
0.987275
0.991400
0.993300
0.999825
1.003275
1.007625
1.035100
1.046725
1.047950
1.050025
1.058675
1.063925
1.075525
1.077075
1.084875
1.086100
1.086150
1.091050
1.101200
1.116075
1.117225
1.121850
1.126675
1.165750
1.171475
1.204425
1.213850
1.227525
1.259500
1.263950
1.264775
1.294525
1.297050
1.339675
1.339725
1.366475
1.448900
1.451200
1.578325
1.629675
1.675450
2.173350
2.191650
2.205925
2.219025
2.448725
255
