0.001975
0.006150
0.019350
0.032375
0.032600
0.037600
0.047925
0.056150
0.060300
0.060325
0.065000
0.065850
0.068700
0.080900
0.084400
0.094025
0.095700
0.097800
0.107200
0.110525
0.126200
0.127925
0.131575
0.135450
0.138800
0.138825
0.148775
0.152750
0.161025
0.167050
0.169975
0.172075
0.174075
0.177000
0.179450
0.179975
0.186675
0.194575
0.195675
0.198650
0.202025
0.203450
0.209175
0.210800
0.215075
0.216050
0.219800
0.229550
0.245050
0.245150
0.246100
0.247550
0.255350
0.261850
0.269900
0.283675
0.300600
0.301175
0.307025
0.321675
0.330925
0.338125
0.344250
0.368600
0.369675
0.375175
0.379775
0.397450
0.413025
0.417150
0.421700
0.425600
0.426150
0.426500
0.429375
0.433650
0.434875
0.454000
0.458175
0.459175
0.459400
0.461550
0.467175
0.471425
0.473100
0.478325
0.481600
0.482200
0.482925
0.483275
0.485925
0.486025
0.492975
0.493375
0.496050
0.496150
0.496375
0.509525
0.512050
0.513650
0.518700
0.520950
0.521625
0.526300
0.529600
0.533825
0.535025
0.535475
0.540350
0.542625
0.544400
0.546625
0.548725
0.565500
0.571475
0.585825
0.588050
0.590775
0.592000
0.592350
0.592475
0.593725
0.593750
0.594050
0.600875
0.603875
0.606100
0.625025
0.629200
0.630425
0.632275
0.641925
0.657600
0.658925
0.661125
0.666200
0.668300
0.668800
0.672300
0.675950
0.682650
0.684425
0.691525
0.695750
0.698500
0.707350
0.712725
0.713375
0.715225
0.716600
0.720675
0.724525
0.728275
0.729950
0.730225
0.738750
0.738900
0.740900
0.746775
0.751875
0.756575
0.759225
0.759250
0.761600
0.761800
0.765800
0.772025
0.772650
0.776625
0.779625
0.798950
0.803900
0.812675
0.815800
0.817550
0.836450
0.840875
0.849800
0.859675
0.883600
0.884150
0.893750
0.906025
0.915050
0.942900
0.947175
0.951925
0.956050
0.958300
0.969525
0.973200
0.973725
0.977750
0.985125
0.997625
1.001275
1.010450
1.014475
1.023425
1.035625
1.036250
1.041775
1.043075
1.058700
1.068075
1.093925
1.095150
1.109200
1.115675
1.138500
1.138500
1.151125
1.169875
1.194050
1.196950
1.215325
1.220275
1.222475
1.235975
1.268800
1.316800
1.333825
1.382250
1.428625
1.435375
1.441175
1.441775
1.465600
1.484875
1.497175
1.536125
1.548000
1.612850
1.657950
1.662900
1.668225
1.682325
1.716075
1.766200
1.782700
1.937725
1.942500
1.959150
2.053250
2.159175
245
