0.002725
0.005050
0.012500
0.017250
0.017250
0.019700
0.020900
0.021475
0.029525
0.032475
0.034450
0.037175
0.038900
0.043550
0.051450
0.053825
0.056100
0.057850
0.058825
0.059275
0.070550
0.085700
0.087675
0.092650
0.096025
0.098900
0.100075
0.106575
0.109225
0.114875
0.118425
0.124950
0.125800
0.131725
0.152575
0.154175
0.157525
0.167700
0.173125
0.175700
0.187300
0.187375
0.188225
0.190675
0.196000
0.199600
0.199950
0.204025
0.207675
0.211775
0.212350
0.213875
0.225825
0.232150
0.235250
0.249375
0.251575
0.273750
0.280175
0.283925
0.296775
0.301125
0.304675
0.311825
0.312875
0.319725
0.328950
0.329050
0.337475
0.337800
0.338400
0.339850
0.348925
0.365600
0.367525
0.368075
0.370500
0.372275
0.377750
0.380025
0.384775
0.386900
0.389175
0.391325
0.393225
0.407725
0.409375
0.411900
0.418375
0.424550
0.425425
0.425450
0.438850
0.452500
0.454575
0.461000
0.463275
0.465650
0.472825
0.475375
0.479850
0.483475
0.487100
0.492125
0.492475
0.493125
0.502150
0.505100
0.506400
0.515900
0.526500
0.528425
0.533550
0.536875
0.537225
0.538700
0.542125
0.551000
0.555250
0.559375
0.560325
0.561950
0.571225
0.571300
0.576200
0.579600
0.584725
0.585350
0.586825
0.588075
0.593625
0.599325
0.605350
0.610350
0.614900
0.628600
0.633550
0.641200
0.645900
0.653825
0.654525
0.661725
0.664300
0.665075
0.667425
0.669875
0.677950
0.685600
0.686275
0.687750
0.695050
0.695150
0.698450
0.698550
0.701825
0.707050
0.714475
0.720525
0.726750
0.732175
0.734575
0.740225
0.746600
0.751225
0.753700
0.756325
0.772375
0.775350
0.780500
0.780550
0.784500
0.791875
0.792925
0.795650
0.796200
0.814000
0.822225
0.827825
0.833125
0.833675
0.835600
0.863900
0.865875
0.866200
0.867600
0.869825
0.880400
0.888250
0.889450
0.889600
0.892200
0.897475
0.906350
0.906650
0.910050
0.925925
0.939800
0.945500
0.945625
0.945925
0.947725
0.955500
0.955975
0.956225
0.977575
0.980750
0.992575
1.015875
1.019325
1.024175
1.043850
1.054600
1.056075
1.058150
1.061075
1.074100
1.088350
1.094775
1.096200
1.108375
1.119625
1.124750
1.159575
1.159800
1.160075
1.161450
1.172575
1.183350
1.184675
1.190150
1.204025
1.207250
1.212475
1.214500
1.239075
1.267475
1.285950
1.328350
1.391200
1.403600
1.420150
1.447825
1.448900
1.461475
1.472275
1.507275
1.521575
1.573325
1.617275
1.623475
1.701050
1.766250
1.818100
1.831375
1.833050
1.844650
2.029700
257
