0.015775
0.016900
0.018175
0.022925
0.022950
0.038575
0.043950
0.045350
0.046075
0.051325
0.053875
0.058675
0.059025
0.068325
0.069925
0.071600
0.071825
0.075025
0.078925
0.080875
0.082250
0.103700
0.103800
0.104225
0.107350
0.115250
0.118675
0.124800
0.126125
0.129300
0.134725
0.139000
0.143200
0.145725
0.146300
0.146825
0.148375
0.149325
0.149425
0.152175
0.153225
0.153375
0.153550
0.153900
0.158175
0.162925
0.164600
0.165250
0.166700
0.168100
0.169825
0.178150
0.189575
0.201925
0.202850
0.203475
0.206625
0.208625
0.219275
0.223700
0.227700
0.236675
0.246225
0.252025
0.252050
0.252800
0.269800
0.270750
0.278525
0.279600
0.281200
0.285150
0.290175
0.290750
0.299725
0.305475
0.308025
0.308425
0.309150
0.320725
0.325800
0.326725
0.339550
0.340975
0.342825
0.344250
0.344550
0.347350
0.352200
0.354850
0.361650
0.369175
0.373500
0.376125
0.380950
0.382275
0.387575
0.391150
0.398625
0.399050
0.399500
0.399675
0.402350
0.403400
0.427475
0.434375
0.435800
0.441900
0.444550
0.445900
0.453800
0.454425
0.463850
0.468850
0.472275
0.473050
0.474725
0.477175
0.479350
0.485700
0.486050
0.486250
0.488825
0.491575
0.493775
0.496850
0.502900
0.503975
0.505025
0.508075
0.516775
0.522250
0.525250
0.531350
0.543800
0.545000
0.549275
0.549400
0.554150
0.557675
0.559500
0.564950
0.565100
0.566800
0.568300
0.572000
0.582275
0.582300
0.590700
0.597375
0.600725
0.601475
0.601650
0.608650
0.608750
0.620750
0.622500
0.629500
0.629575
0.635625
0.636750
0.639175
0.640750
0.654125
0.656850
0.659750
0.667575
0.668475
0.675000
0.677075
0.691975
0.699700
0.705850
0.706275
0.709200
0.721125
0.721850
0.727075
0.728050
0.729600
0.735425
0.741325
0.741750
0.742625
0.747850
0.749350
0.757825
0.759500
0.760875
0.768775
0.769125
0.775950
0.782725
0.789325
0.790900
0.792450
0.795100
0.795475
0.800050
0.821750
0.825575
0.830750
0.834650
0.844050
0.852800
0.874200
0.876600
0.878050
0.879600
0.880350
0.884000
0.884525
0.889950
0.902700
0.910525
0.914025
0.920275
0.925175
0.925675
0.925900
0.926100
0.926375
0.934300
0.938700
0.962525
0.969600
0.973125
0.985525
0.992275
0.998950
0.999625
1.000875
1.002250
1.033675
1.041125
1.057200
1.082775
1.119250
1.150775
1.164475
1.204475
1.242975
1.260250
1.263400
1.267100
1.309725
1.309850
1.352775
1.362750
1.397100
1.515325
1.534025
1.539975
1.639800
1.704550
1.709475
1.792375
1.810525
1.949900
1.999875
2.064900
2.216875
2.250775
2.293950
2.325450
265
