0.003800
0.008375
0.015250
0.027500
0.030250
0.040725
0.044300
0.045950
0.046425
0.051750
0.051850
0.055625
0.058525
0.061325
0.064525
0.066800
0.070075
0.070550
0.073175
0.094100
0.095975
0.097925
0.098775
0.106750
0.108850
0.117075
0.118700
0.125450
0.129125
0.135550
0.142025
0.143550
0.153450
0.159825
0.160950
0.162050
0.163750
0.167300
0.170975
0.171400
0.171475
0.171500
0.172175
0.175650
0.180850
0.181375
0.184400
0.187150
0.191775
0.198750
0.203100
0.203875
0.207400
0.219725
0.222825
0.225850
0.231100
0.231650
0.233600
0.234600
0.235075
0.236625
0.240425
0.240900
0.243875
0.244675
0.249725
0.251600
0.252800
0.263350
0.266550
0.272725
0.285150
0.286525
0.290100
0.291575
0.301075
0.306425
0.306700
0.322925
0.325725
0.335425
0.338750
0.339550
0.346675
0.347225
0.353050
0.353825
0.354500
0.369775
0.370250
0.373850
0.376050
0.376450
0.382900
0.390650
0.396400
0.397500
0.398250
0.398425
0.400725
0.404425
0.407250
0.409300
0.416725
0.420975
0.423175
0.426100
0.449875
0.450475
0.451975
0.456275
0.462650
0.464000
0.468900
0.472400
0.477525
0.479050
0.482500
0.485525
0.491950
0.507425
0.513925
0.518950
0.526275
0.526550
0.529625
0.538800
0.542875
0.544575
0.547300
0.552100
0.552625
0.554025
0.554850
0.561675
0.562450
0.563625
0.563775
0.566575
0.569975
0.571500
0.579600
0.581225
0.585450
0.589500
0.596925
0.601925
0.603450
0.604625
0.611400
0.611925
0.614425
0.615125
0.617350
0.621325
0.624350
0.627175
0.632325
0.633375
0.643775
0.643875
0.647700
0.656900
0.668400
0.668900
0.669375
0.677150
0.681400
0.697275
0.699275
0.700725
0.701225
0.701250
0.717650
0.722300
0.724300
0.725550
0.726925
0.733150
0.779800
0.782050
0.782600
0.785200
0.786125
0.795375
0.797050
0.800625
0.805925
0.811950
0.812650
0.820500
0.832525
0.848825
0.850450
0.850975
0.862350
0.862725
0.864800
0.871550
0.875325
0.875675
0.889475
0.891325
0.894650
0.896100
0.897400
0.902550
0.903375
0.904550
0.920750
0.924575
0.928500
0.933850
0.938525
0.939675
0.945800
0.948275
0.957275
0.960225
0.961575
0.966800
0.992850
1.003800
1.003975
1.025925
1.027050
1.037450
1.038250
1.046275
1.073050
1.078425
1.078525
1.107675
1.120000
1.129700
1.133775
1.140425
1.145200
1.159500
1.197175
1.216325
1.225975
1.228000
1.245175
1.272725
1.277975
1.302325
1.306075
1.306250
1.370000
1.424850
1.460725
1.468925
1.472275
1.518125
1.518175
1.575750
1.634175
1.634775
1.683325
1.813100
1.838425
1.941225
2.283400
2.311350
266
