0.000500
0.000800
0.004150
0.008200
0.008475
0.010025
0.010850
0.015900
0.019225
0.028875
0.028975
0.032500
0.032975
0.040275
0.042725
0.048625
0.056475
0.066500
0.072500
0.078300
0.081800
0.090525
0.092225
0.093350
0.099225
0.104075
0.110575
0.110800
0.110800
0.120450
0.129750
0.130950
0.134400
0.157575
0.159350
0.159675
0.159800
0.161500
0.164550
0.168975
0.176450
0.184350
0.185550
0.187975
0.191825
0.194675
0.203950
0.209150
0.210925
0.221075
0.221125
0.221700
0.225250
0.246075
0.248000
0.253050
0.255575
0.256450
0.260500
0.261400
0.271175
0.278675
0.283200
0.283375
0.288150
0.297225
0.318775
0.335450
0.336725
0.338325
0.344625
0.347650
0.354300
0.355225
0.376025
0.384450
0.389800
0.396225
0.398750
0.399550
0.401750
0.402550
0.418050
0.419875
0.431175
0.437475
0.444150
0.449925
0.453400
0.458500
0.465375
0.476700
0.483675
0.487400
0.487850
0.493925
0.496675
0.497200
0.506850
0.512600
0.519200
0.519400
0.521800
0.525250
0.526025
0.531850
0.538525
0.541525
0.546000
0.554250
0.566425
0.577375
0.580125
0.581575
0.582200
0.584775
0.588925
0.603525
0.611825
0.619325
0.621350
0.625250
0.628300
0.634000
0.639350
0.644200
0.653250
0.667000
0.668350
0.670375
0.675025
0.680200
0.683875
0.685200
0.688725
0.691825
0.698775
0.699975
0.705400
0.706375
0.706750
0.706775
0.716425
0.718025
0.729575
0.732450
0.733000
0.736275
0.737875
0.738675
0.739575
0.751525
0.759600
0.760025
0.762350
0.763700
0.764950
0.774425
0.792775
0.793150
0.800100
0.803375
0.809725
0.810950
0.833775
0.834275
0.840275
0.849900
0.853275
0.892550
0.900125
0.905500
0.906350
0.909100
0.915075
0.922400
0.927425
0.929300
0.940000
0.949075
0.952450
0.955975
0.980200
0.982775
0.983100
0.992050
1.016375
1.023250
1.036050
1.042175
1.045275
1.046675
1.055150
1.060750
1.070400
1.076575
1.083775
1.085600
1.095025
1.096475
1.140150
1.152575
1.184875
1.195575
1.245175
1.246850
1.265075
1.269075
1.276675
1.310350
1.341025
1.351575
1.371600
1.378850
1.436825
1.469025
1.470525
1.595175
1.602125
1.646325
1.677550
1.829300
1.843500
1.947825
1.953275
1.978625
2.248075
227
