0.016375
0.018500
0.018900
0.024575
0.027900
0.030125
0.039875
0.040725
0.050100
0.064775
0.067100
0.088975
0.089725
0.094000
0.096475
0.097375
0.099650
0.102300
0.104100
0.104575
0.105400
0.106850
0.113025
0.113800
0.115900
0.116675
0.116750
0.131800
0.133625
0.136450
0.141325
0.147125
0.147350
0.158450
0.161350
0.164875
0.172550
0.173175
0.175925
0.179600
0.189875
0.196700
0.196825
0.200750
0.206600
0.208325
0.209975
0.210750
0.215050
0.215600
0.219825
0.220275
0.223550
0.225025
0.227400
0.229525
0.237400
0.240400
0.243925
0.245875
0.254400
0.255175
0.258725
0.259625
0.261900
0.271225
0.274600
0.276125
0.276700
0.279825
0.284950
0.286200
0.288875
0.290425
0.290525
0.294000
0.295325
0.315625
0.318125
0.321125
0.323750
0.325350
0.328000
0.328200
0.328500
0.329100
0.331300
0.334450
0.342600
0.347850
0.350700
0.352550
0.353750
0.358525
0.362800
0.363450
0.366675
0.367050
0.367525
0.368950
0.373050
0.382300
0.384175
0.390175
0.391000
0.391175
0.392425
0.398450
0.404450
0.405100
0.423150
0.424425
0.428475
0.432800
0.434825
0.436550
0.442625
0.445500
0.447825
0.451950
0.452425
0.456275
0.475325
0.476325
0.484600
0.485950
0.487125
0.489950
0.497325
0.497950
0.499600
0.504600
0.506875
0.513050
0.519675
0.524125
0.533075
0.533650
0.536175
0.538425
0.541700
0.545000
0.548475
0.558900
0.559475
0.573275
0.573625
0.597500
0.599775
0.609550
0.616550
0.624250
0.627450
0.633375
0.634025
0.636675
0.639425
0.642975
0.649750
0.650850
0.652925
0.653150
0.657325
0.662050
0.668375
0.676100
0.677000
0.679275
0.684625
0.686300
0.689150
0.695275
0.695425
0.698000
0.703475
0.704000
0.705325
0.720650
0.725475
0.726625
0.731125
0.735900
0.737125
0.740575
0.742150
0.742225
0.752175
0.755550
0.756950
0.766450
0.770475
0.774650
0.776325
0.776675
0.782200
0.786825
0.791750
0.793400
0.794400
0.797950
0.816925
0.818425
0.833400
0.836225
0.837875
0.845475
0.861050
0.862775
0.892350
0.902050
0.902150
0.922900
0.929350
0.935075
0.939375
0.960100
0.962750
0.965650
0.986800
0.987300
0.993400
0.993750
0.999100
1.019475
1.025500
1.072650
1.091025
1.099125
1.110525
1.123725
1.128900
1.162200
1.162825
1.166000
1.172900
1.177925
1.185675
1.215075
1.243125
1.245500
1.247475
1.251225
1.275050
1.295150
1.316575
1.327600
1.338325
1.380625
1.384475
1.408650
1.458600
1.469275
1.484325
1.587725
1.642125
1.661200
1.686100
1.763275
1.793625
1.797650
1.873700
2.004900
2.021300
2.334125
2.432925
2.441050
266
