0.002825
0.009950
0.011950
0.012175
0.021225
0.024800
0.026100
0.029825
0.031300
0.031575
0.037375
0.042800
0.043725
0.051675
0.064625
0.065775
0.068150
0.069200
0.070475
0.080700
0.085475
0.092500
0.097825
0.104400
0.111000
0.116675
0.116825
0.117525
0.123925
0.126200
0.132400
0.143300
0.152225
0.154175
0.155775
0.157525
0.159575
0.163550
0.167875
0.168075
0.171175
0.171475
0.174450
0.176800
0.181925
0.187275
0.191250
0.202675
0.205125
0.206575
0.219575
0.228475
0.231425
0.233550
0.238700
0.243425
0.246000
0.249300
0.249350
0.250800
0.253850
0.254275
0.260750
0.261100
0.262550
0.264150
0.275525
0.276275
0.278450
0.278500
0.278650
0.278825
0.282025
0.288175
0.289575
0.290075
0.294475
0.295950
0.300300
0.300300
0.314425
0.319000
0.322800
0.326025
0.326875
0.337300
0.346850
0.351050
0.354375
0.360575
0.363225
0.365125
0.366200
0.369250
0.369875
0.373350
0.376150
0.379725
0.382400
0.399525
0.400825
0.402000
0.402475
0.406500
0.413050
0.413350
0.415750
0.416600
0.422650
0.439025
0.453700
0.455725
0.458750
0.474300
0.480525
0.484275
0.501850
0.509250
0.526450
0.539825
0.541925
0.543175
0.544775
0.558950
0.559125
0.575075
0.584150
0.589000
0.590700
0.594025
0.594750
0.594800
0.594875
0.599425
0.600300
0.603175
0.604125
0.606700
0.610025
0.616825
0.619375
0.622925
0.633700
0.636800
0.637225
0.644625
0.645650
0.658200
0.664425
0.680300
0.686400
0.690500
0.699100
0.709275
0.711475
0.719400
0.720475
0.725275
0.725675
0.726500
0.731025
0.733450
0.735150
0.736250
0.736875
0.746825
0.747125
0.747575
0.749050
0.750050
0.750075
0.755550
0.761950
0.777350
0.783400
0.786300
0.789225
0.793550
0.798350
0.808075
0.815025
0.824575
0.831000
0.852450
0.874025
0.876725
0.905625
0.923400
0.933425
0.934675
0.940850
0.943025
0.944425
0.945625
0.952600
0.965100
0.977250
0.997575
1.000500
1.009700
1.013050
1.016000
1.016325
1.024400
1.032775
1.039500
1.063225
1.088900
1.100975
1.107900
1.112400
1.112675
1.118400
1.122025
1.128350
1.169625
1.184125
1.185525
1.198275
1.213925
1.227425
1.228575
1.230525
1.232325
1.234175
1.237800
1.268425
1.276350
1.283175
1.296775
1.309525
1.322700
1.350525
1.447600
1.456375
1.491500
1.533875
1.585950
1.591950
1.767775
1.799125
1.869300
1.887975
1.905775
1.998875
2.021900
2.097700
2.100450
2.125775
2.172025
2.478425
251
