0.000450
0.010100
0.023100
0.024075
0.028550
0.032800
0.041775
0.043050
0.050925
0.051425
0.052875
0.054750
0.060375
0.066825
0.067675
0.068300
0.068400
0.069725
0.075425
0.078575
0.084325
0.085275
0.090775
0.098800
0.121250
0.126500
0.131375
0.132325
0.136775
0.137325
0.139325
0.139975
0.147925
0.148100
0.154575
0.157050
0.165775
0.167050
0.171600
0.171975
0.172400
0.177075
0.181150
0.195525
0.204075
0.207400
0.210425
0.213125
0.233975
0.240625
0.241775
0.243025
0.243325
0.252475
0.254250
0.255725
0.256175
0.265725
0.268475
0.268600
0.271000
0.275325
0.278800
0.289150
0.291250
0.294750
0.307175
0.315425
0.324075
0.326925
0.327975
0.328400
0.333150
0.341250
0.343450
0.358975
0.361475
0.361500
0.367525
0.372700
0.375300
0.380000
0.383400
0.386600
0.395225
0.395975
0.400850
0.410450
0.410625
0.422500
0.431825
0.446150
0.453275
0.454700
0.455550
0.456850
0.458875
0.465225
0.467000
0.468875
0.470400
0.470675
0.478400
0.481450
0.490850
0.493550
0.495325
0.495850
0.496350
0.500625
0.504600
0.509450
0.510850
0.523575
0.526825
0.529500
0.530100
0.530725
0.531200
0.534875
0.545250
0.545850
0.550500
0.560075
0.562600
0.565950
0.566800
0.567075
0.575250
0.576900
0.580550
0.595075
0.600975
0.608550
0.611000
0.619550
0.622000
0.624375
0.625700
0.647700
0.648450
0.652775
0.655350
0.655900
0.656925
0.667175
0.671025
0.677850
0.680850
0.681900
0.683725
0.692900
0.695450
0.699775
0.700875
0.703775
0.705800
0.711350
0.717100
0.718900
0.722850
0.728150
0.730475
0.734425
0.740725
0.743625
0.749175
0.750175
0.760000
0.769900
0.778275
0.790975
0.793300
0.805075
0.809650
0.811825
0.812525
0.820650
0.836250
0.844075
0.854350
0.873100
0.881275
0.884150
0.920025
0.927425
0.930350
0.941050
0.943800
0.955225
0.965950
0.969175
0.970425
0.976450
0.981675
0.984750
0.993425
1.002800
1.005600
1.006550
1.013300
1.036125
1.036600
1.040500
1.097775
1.111275
1.139475
1.143975
1.147350
1.149425
1.163800
1.190225
1.196250
1.197550
1.205650
1.209725
1.216875
1.223525
1.234425
1.280500
1.283550
1.291950
1.299900
1.311450
1.318650
1.351575
1.366850
1.373925
1.395950
1.435250
1.466500
1.527875
1.570725
1.715750
1.737000
1.790750
1.894550
1.908300
1.921450
1.963100
2.009975
2.216650
242
