0.002525
0.005975
0.012800
0.014975
0.019850
0.022925
0.023550
0.025400
0.030450
0.032025
0.049500
0.051075
0.051525
0.055750
0.055925
0.058400
0.071925
0.075175
0.082500
0.088375
0.092400
0.106600
0.108375
0.109500
0.110050
0.116225
0.121875
0.128875
0.129875
0.135600
0.158925
0.160325
0.167275
0.174550
0.183175
0.183900
0.186950
0.191350
0.192850
0.195200
0.200725
0.211625
0.214375
0.219075
0.226675
0.234650
0.241850
0.255100
0.255925
0.260325
0.265600
0.266425
0.275550
0.275900
0.293600
0.293925
0.306625
0.316150
0.319450
0.320225
0.330950
0.333350
0.343275
0.343750
0.349675
0.354325
0.364475
0.365050
0.375600
0.385000
0.393925
0.412750
0.414225
0.414275
0.418675
0.421350
0.426150
0.435100
0.435650
0.438200
0.439025
0.457150
0.460625
0.460975
0.468800
0.469125
0.481450
0.483275
0.487650
0.489950
0.496325
0.500025
0.501800
0.506400
0.524075
0.525800
0.528600
0.534975
0.543325
0.543450
0.548950
0.549500
0.549950
0.550775
0.552100
0.553275
0.588825
0.594000
0.597375
0.603250
0.608575
0.615700
0.616375
0.619725
0.624000
0.628050
0.635800
0.637000
0.638400
0.640875
0.653825
0.660525
0.660825
0.662325
0.663050
0.671550
0.672075
0.672975
0.674300
0.681025
0.681225
0.683325
0.684200
0.685450
0.687100
0.688250
0.704675
0.707200
0.707650
0.710350
0.716975
0.718475
0.724625
0.726575
0.731700
0.737400
0.741950
0.742175
0.742500
0.742825
0.759925
0.760800
0.761175
0.763350
0.763575
0.784175
0.792200
0.800175
0.802975
0.813000
0.820025
0.822900
0.825825
0.832500
0.833650
0.842350
0.873100
0.873175
0.874175
0.887050
0.897300
0.899500
0.899650
0.904650
0.907800
0.910050
0.924150
0.931000
0.949425
0.956775
0.957950
0.964325
0.968075
0.969550
0.970350
0.974450
0.975500
0.976825
0.978250
0.983550
0.985975
0.992675
1.004825
1.006975
1.031975
1.047675
1.050900
1.060575
1.060750
1.076025
1.076675
1.100625
1.108750
1.133450
1.141350
1.143275
1.147975
1.166350
1.168300
1.169200
1.169725
1.174225
1.175325
1.180750
1.207525
1.214425
1.249875
1.256300
1.270700
1.302225
1.315900
1.319425
1.375825
1.434875
1.435450
1.468150
1.493575
1.510475
1.511800
1.585800
1.598450
1.640950
1.641600
1.642125
1.710400
1.821250
1.899825
1.920125
1.922575
1.979850
2.110000
2.120000
2.195450
243
