0.010000
0.016675
0.043575
0.064600
0.069700
0.070275
0.077550
0.080375
0.084625
0.089375
0.090550
0.100000
0.108150
0.110550
0.112625
0.113225
0.113600
0.113700
0.114650
0.129900
0.139950
0.148800
0.162050
0.167425
0.167900
0.188075
0.190000
0.190600
0.203325
0.207250
0.207950
0.209175
0.224375
0.226950
0.229125
0.229550
0.231425
0.232800
0.235700
0.239000
0.252175
0.258025
0.261450
0.263225
0.263375
0.268300
0.268425
0.274150
0.283300
0.283375
0.292600
0.294800
0.304700
0.309500
0.311975
0.316625
0.318000
0.319800
0.320900
0.322775
0.328825
0.329900
0.330700
0.331450
0.334375
0.336925
0.342975
0.343650
0.347525
0.353350
0.356950
0.359025
0.364275
0.365775
0.369575
0.370425
0.375850
0.376550
0.377825
0.377975
0.379175
0.380925
0.382825
0.392250
0.393175
0.395550
0.395650
0.397900
0.399275
0.402625
0.403950
0.407750
0.416500
0.424175
0.426600
0.427525
0.431925
0.443550
0.445400
0.447450
0.460800
0.464200
0.466750
0.469325
0.481350
0.487200
0.488125
0.491025
0.493950
0.497725
0.499750
0.508650
0.515925
0.527875
0.539350
0.541325
0.543450
0.548750
0.551025
0.555350
0.556950
0.578600
0.581325
0.590375
0.592025
0.596575
0.597700
0.601850
0.616850
0.623700
0.629225
0.630050
0.630975
0.636450
0.638050
0.653150
0.658875
0.663925
0.677950
0.678425
0.679850
0.680750
0.687975
0.688175
0.689650
0.690250
0.693225
0.698250
0.705075
0.707100
0.714400
0.714500
0.714525
0.722875
0.722950
0.723825
0.726800
0.729225
0.735025
0.758125
0.768800
0.777125
0.780975
0.784725
0.787275
0.788100
0.813925
0.814950
0.815675
0.816000
0.829675
0.836800
0.852850
0.863950
0.864350
0.872450
0.876025
0.886300
0.890700
0.891600
0.900800
0.909450
0.910250
0.931125
0.933250
0.956450
0.967100
0.969400
0.988300
0.988950
1.003500
1.011325
1.013625
1.024325
1.036850
1.039600
1.039775
1.043250
1.047400
1.053175
1.061025
1.070100
1.081575
1.113900
1.114475
1.126650
1.127125
1.128600
1.148475
1.162450
1.169575
1.229650
1.246500
1.261425
1.277525
1.314050
1.317600
1.361900
1.372700
1.373475
1.377875
1.378000
1.378575
1.415850
1.455400
1.468000
1.477150
1.483500
1.488300
1.521175
1.544900
1.577075
1.584550
1.598950
1.738225
1.846650
2.297625
2.350975
2.356000
239
