0.000125
0.006850
0.018400
0.021450
0.024650
0.031600
0.032725
0.035325
0.046025
0.048375
0.051175
0.054100
0.054100
0.056775
0.062900
0.067300
0.076300
0.083400
0.088175
0.091600
0.092325
0.095150
0.096125
0.096200
0.101175
0.103275
0.104125
0.111375
0.122650
0.129500
0.132850
0.139650
0.145625
0.151950
0.152250
0.156550
0.162475
0.172150
0.175800
0.178250
0.181100
0.197450
0.204725
0.205750
0.210225
0.212325
0.214375
0.221950
0.228100
0.228675
0.231150
0.233225
0.246600
0.246825
0.250600
0.250800
0.274675
0.275225
0.276450
0.276675
0.278600
0.279725
0.286100
0.287725
0.289975
0.297775
0.298075
0.309050
0.311025
0.314000
0.315675
0.318925
0.329825
0.334425
0.335025
0.336525
0.341425
0.353450
0.358450
0.374400
0.381125
0.383325
0.384200
0.384325
0.388900
0.415225
0.451925
0.458775
0.461125
0.479575
0.479575
0.483450
0.492050
0.494900
0.495425
0.498950
0.499625
0.501525
0.506650
0.517650
0.518100
0.518700
0.526050
0.531350
0.534150
0.544525
0.546075
0.548875
0.552575
0.555000
0.555100
0.555500
0.556775
0.566700
0.571450
0.574600
0.584800
0.590650
0.592175
0.593250
0.600425
0.602925
0.606225
0.607975
0.608675
0.611725
0.623125
0.632175
0.633925
0.634775
0.638625
0.664575
0.667625
0.668200
0.670200
0.672900
0.676275
0.677025
0.680625
0.682350
0.703350
0.703600
0.705500
0.708550
0.710775
0.714925
0.721900
0.723825
0.726725
0.727000
0.736675
0.737325
0.743400
0.750075
0.752050
0.757175
0.757225
0.759175
0.762650
0.765625
0.770425
0.776775
0.777600
0.804700
0.813050
0.820450
0.845500
0.854350
0.861675
0.868725
0.879975
0.883225
0.905075
0.909975
0.910200
0.916725
0.919800
0.930425
0.933075
0.938100
0.939200
0.939825
0.947850
0.950175
0.952350
0.968825
0.972100
0.978925
0.989525
0.990525
0.993425
1.000950
1.001050
1.013950
1.036300
1.047050
1.048575
1.054750
1.057350
1.086725
1.110750
1.147075
1.159900
1.181600
1.202025
1.203050
1.204075
1.204800
1.220200
1.261800
1.281700
1.305725
1.312350
1.316025
1.320325
1.334450
1.338900
1.340800
1.350750
1.378450
1.402225
1.407425
1.421450
1.428525
1.494025
1.529925
1.530150
1.537650
1.597200
1.636775
1.844600
1.861050
1.952950
2.169175
2.279900
2.301400
2.315700
2.454375
2.497775
239
