0.007950
0.010100
0.020800
0.022900
0.023025
0.026825
0.026875
0.027850
0.029850
0.031775
0.033600
0.036700
0.036900
0.044150
0.049175
0.049950
0.051625
0.051750
0.052000
0.059325
0.060250
0.061725
0.063775
0.065575
0.066725
0.074400
0.086175
0.087025
0.088375
0.090375
0.092300
0.093275
0.097325
0.097825
0.108475
0.114200
0.117750
0.118850
0.118925
0.129725
0.131675
0.134350
0.137275
0.140775
0.143325
0.144775
0.148225
0.150325
0.152300
0.154950
0.156725
0.160000
0.166950
0.168750
0.187625
0.189250
0.196200
0.201400
0.205775
0.208575
0.209475
0.210500
0.211025
0.213525
0.231725
0.234175
0.242475
0.242650
0.251025
0.256150
0.274225
0.280250
0.284625
0.285050
0.295975
0.296175
0.312025
0.318075
0.318450
0.328700
0.330050
0.341050
0.348175
0.360250
0.365200
0.369250
0.370250
0.371100
0.373475
0.387500
0.390300
0.391425
0.399650
0.401475
0.401700
0.404200
0.409625
0.411675
0.413225
0.426775
0.427150
0.428775
0.430250
0.450850
0.465850
0.466650
0.469925
0.480025
0.492150
0.496200
0.502800
0.522950
0.526175
0.539500
0.539850
0.551275
0.559250
0.561150
0.566250
0.571700
0.574175
0.576925
0.579425
0.579925
0.583150
0.586600
0.601050
0.604625
0.608425
0.608725
0.616550
0.620750
0.622025
0.630800
0.633975
0.636150
0.639550
0.639975
0.641450
0.642900
0.642950
0.642975
0.643725
0.650975
0.652150
0.658500
0.659375
0.661875
0.663725
0.666525
0.673775
0.676550
0.684950
0.687050
0.694425
0.694925
0.695600
0.695900
0.705325
0.710050
0.714200
0.737850
0.751675
0.764225
0.776300
0.784650
0.785075
0.796375
0.796550
0.797725
0.797975
0.805375
0.808125
0.814850
0.819600
0.821450
0.826725
0.834875
0.839225
0.843275
0.851600
0.852975
0.880675
0.881075
0.881625
0.886375
0.890650
0.894625
0.899800
0.902700
0.915600
0.923125
0.945825
0.948125
0.959550
0.961275
0.967825
0.975550
0.980975
0.984150
0.994275
1.018200
1.020850
1.021200
1.022325
1.023925
1.030775
1.032925
1.039600
1.040250
1.055075
1.056450
1.060275
1.067575
1.069475
1.096550
1.099400
1.100425
1.103625
1.104550
1.112875
1.148650
1.151625
1.156350
1.162075
1.163225
1.166700
1.171425
1.172975
1.191725
1.202025
1.205600
1.213125
1.213225
1.261825
1.273625
1.284975
1.301875
1.346425
1.410700
1.411775
1.451575
1.467200
1.471025
1.549025
1.642425
1.658525
1.661825
1.695300
1.716900
1.740550
1.775300
1.881700
1.929425
1.988900
2.099275
2.195825
257
