0.000325
0.006400
0.006650
0.007900
0.015450
0.023850
0.025375
0.028025
0.030350
0.033975
0.037075
0.040800
0.046875
0.054150
0.055775
0.067650
0.070025
0.072125
0.075775
0.083325
0.084925
0.087750
0.096500
0.098725
0.099775
0.113950
0.137450
0.139275
0.140375
0.141325
0.142850
0.144125
0.147050
0.149050
0.156400
0.158650
0.163500
0.163825
0.167300
0.167425
0.169850
0.176075
0.183600
0.190925
0.194100
0.195900
0.205600
0.210300
0.217000
0.224000
0.224225
0.228850
0.230775
0.232300
0.232950
0.233425
0.235600
0.240575
0.241000
0.245300
0.251800
0.257850
0.258350
0.260425
0.269075
0.270775
0.271425
0.274200
0.275550
0.285675
0.288775
0.290700
0.295125
0.297600
0.298775
0.306675
0.307200
0.327925
0.338450
0.339575
0.339975
0.346900
0.348225
0.349000
0.349550
0.349800
0.352850
0.357300
0.358450
0.361250
0.365175
0.408225
0.408825
0.431900
0.433475
0.436650
0.438625
0.438850
0.441000
0.442600
0.443200
0.444375
0.449325
0.452775
0.456925
0.460825
0.461200
0.463225
0.465225
0.468975
0.477375
0.478950
0.484175
0.490250
0.492575
0.493075
0.496375
0.496650
0.499050
0.502300
0.507250
0.510600
0.512425
0.520250
0.521750
0.522925
0.527975
0.528725
0.533600
0.534300
0.537275
0.540850
0.541250
0.544300
0.545675
0.548925
0.550775
0.552700
0.566225
0.566275
0.567975
0.569350
0.571425
0.576025
0.579800
0.589925
0.597800
0.598925
0.605200
0.606825
0.608375
0.609125
0.611550
0.613975
0.618625
0.622675
0.628150
0.629650
0.632800
0.635100
0.636725
0.638650
0.651575
0.653900
0.654775
0.655625
0.659725
0.670375
0.677350
0.677950
0.681650
0.685350
0.693900
0.700000
0.702850
0.705650
0.713000
0.713025
0.714500
0.716450
0.728400
0.735400
0.738575
0.739675
0.755550
0.758225
0.766375
0.770400
0.770500
0.771550
0.773600
0.783700
0.787200
0.787400
0.794500
0.795750
0.797925
0.801225
0.804900
0.811450
0.818350
0.824450
0.827325
0.833525
0.841200
0.843800
0.853650
0.857400
0.864725
0.864925
0.867875
0.872300
0.878400
0.885325
0.885675
0.892200
0.918600
0.953050
0.956650
0.965650
0.975625
1.007050
1.024050
1.027575
1.029150
1.037775
1.039175
1.040975
1.041275
1.054275
1.055700
1.060925
1.074100
1.076800
1.083325
1.115075
1.152875
1.172950
1.188175
1.199150
1.203250
1.243350
1.245575
1.275175
1.312600
1.342400
1.351850
1.386800
1.424575
1.622325
1.774975
1.786900
1.788800
1.799125
1.903075
2.053050
2.079525
2.092225
2.446700
259
