0.001350
0.004875
0.005975
0.010200
0.032775
0.033900
0.041050
0.046875
0.054850
0.061400
0.063575
0.066825
0.076650
0.077400
0.081150
0.084500
0.084900
0.096125
0.096300
0.100850
0.114600
0.115250
0.120275
0.122800
0.124975
0.125300
0.126125
0.128650
0.147200
0.162400
0.164150
0.165075
0.165375
0.177950
0.187000
0.191050
0.204450
0.211275
0.216125
0.223550
0.226025
0.234275
0.236050
0.241100
0.247625
0.248625
0.250125
0.251050
0.252875
0.261475
0.266825
0.275350
0.285250
0.289650
0.290525
0.291375
0.308100
0.308350
0.310050
0.311800
0.323300
0.323500
0.326650
0.330025
0.330100
0.330625
0.331150
0.364175
0.366300
0.366775
0.368800
0.372025
0.372550
0.375175
0.375500
0.378425
0.378775
0.383675
0.388600
0.391875
0.392025
0.392800
0.394775
0.404250
0.406500
0.410725
0.415850
0.417600
0.420000
0.421875
0.422575
0.429700
0.432350
0.432775
0.441050
0.442550
0.455200
0.466300
0.466425
0.466700
0.467400
0.473850
0.474500
0.475025
0.477400
0.481075
0.481800
0.486775
0.488325
0.494400
0.504100
0.511475
0.513100
0.533400
0.538125
0.539350
0.539775
0.542150
0.542675
0.546500
0.548175
0.550650
0.556300
0.562925
0.567550
0.567650
0.568300
0.572250
0.572275
0.572525
0.579300
0.587050
0.592725
0.595400
0.595500
0.596450
0.598625
0.601375
0.602025
0.603000
0.604600
0.604800
0.605100
0.609650
0.612175
0.616300
0.624000
0.624400
0.628525
0.628750
0.630275
0.636225
0.643550
0.653700
0.656050
0.664275
0.680100
0.682600
0.695450
0.704300
0.708000
0.709025
0.712025
0.713625
0.718250
0.729150
0.740075
0.743300
0.748300
0.750675
0.753425
0.754475
0.758175
0.766700
0.768700
0.772275
0.775875
0.778075
0.790850
0.796050
0.796175
0.800225
0.806200
0.807550
0.814875
0.819425
0.819700
0.820675
0.822250
0.832275
0.832375
0.834775
0.846500
0.848550
0.856225
0.863475
0.865375
0.872400
0.886675
0.896100
0.912825
0.922900
0.927225
0.932250
0.950225
0.951750
0.973950
0.977525
0.993675
0.994000
1.007575
1.020650
1.045775
1.050350
1.050600
1.052625
1.078700
1.087000
1.087375
1.133100
1.154375
1.154575
1.176850
1.192450
1.209400
1.234200
1.236700
1.242025
1.247000
1.259975
1.286600
1.295000
1.312275
1.323800
1.359850
1.363025
1.378150
1.382425
1.402075
1.427350
1.442375
1.457750
1.511475
1.528750
1.543775
1.581225
1.687250
1.803025
1.913975
1.941850
1.979700
2.020775
252
