0.000225
0.003300
0.006175
0.006775
0.016175
0.016250
0.018675
0.020175
0.021300
0.021400
0.030475
0.032725
0.033425
0.045450
0.046675
0.048175
0.048625
0.055475
0.059050
0.063475
0.063725
0.066950
0.073850
0.074900
0.078000
0.079575
0.084875
0.086625
0.094250
0.102650
0.102850
0.104950
0.106950
0.110450
0.112225
0.116900
0.117075
0.119800
0.142325
0.152425
0.157075
0.160425
0.162625
0.164500
0.170475
0.170650
0.170650
0.170925
0.176200
0.176600
0.177150
0.180450
0.184050
0.188900
0.193550
0.202650
0.207075
0.217450
0.218850
0.229150
0.230125
0.233575
0.235275
0.237925
0.242025
0.259000
0.261450
0.274575
0.288825
0.293175
0.300575
0.326075
0.327250
0.328050
0.343000
0.345850
0.350450
0.353450
0.360675
0.364700
0.365125
0.366525
0.369950
0.378950
0.380950
0.390475
0.400400
0.403400
0.406375
0.414925
0.415150
0.415775
0.419475
0.427350
0.447075
0.455850
0.459550
0.463400
0.471850
0.473075
0.478400
0.485225
0.487775
0.490000
0.499875
0.500000
0.503275
0.505825
0.520450
0.525500
0.528150
0.528925
0.529175
0.533550
0.536400
0.541450
0.543700
0.550050
0.554300
0.562300
0.571175
0.571775
0.573500
0.580725
0.583475
0.584125
0.586275
0.595700
0.599575
0.605650
0.610550
0.624575
0.626425
0.635675
0.635825
0.635900
0.638475
0.644625
0.645700
0.646675
0.647475
0.650725
0.656275
0.659875
0.663250
0.663725
0.669300
0.669975
0.674200
0.704050
0.705225
0.711850
0.713850
0.716050
0.719025
0.723350
0.723700
0.726650
0.728650
0.730275
0.735075
0.736400
0.740025
0.742200
0.744000
0.747100
0.750075
0.755700
0.756675
0.774175
0.778950
0.798950
0.814700
0.824650
0.838400
0.839300
0.840475
0.842900
0.844925
0.845425
0.847175
0.849925
0.857000
0.865375
0.865675
0.866225
0.871125
0.888025
0.891050
0.891400
0.895300
0.903375
0.907950
0.942600
0.953750
0.966600
0.992800
1.003600
1.013825
1.023550
1.024450
1.035450
1.041300
1.043850
1.048875
1.073875
1.101150
1.112500
1.116125
1.118125
1.118575
1.121225
1.126800
1.131025
1.133900
1.184000
1.195850
1.204075
1.225625
1.261550
1.270775
1.291375
1.327975
1.328975
1.340925
1.469650
1.484150
1.484225
1.501225
1.522400
1.526150
1.568325
1.596475
1.632500
1.706550
1.727525
1.769425
1.772650
1.815725
1.954375
2.237350
2.268050
2.498475
243
