0.004400
0.006325
0.009325
0.013575
0.013800
0.016875
0.020600
0.022275
0.031250
0.034600
0.035900
0.043675
0.052875
0.052925
0.056675
0.063250
0.065950
0.074525
0.076000
0.076900
0.080700
0.087725
0.089800
0.095925
0.096725
0.099500
0.104775
0.106500
0.113725
0.113950
0.114375
0.119000
0.123425
0.123875
0.132450
0.137600
0.147700
0.163175
0.166125
0.166850
0.168450
0.169300
0.170325
0.184425
0.188150
0.209500
0.213475
0.217500
0.226550
0.228825
0.230850
0.236800
0.243200
0.248950
0.257175
0.257625
0.260000
0.263275
0.275825
0.283575
0.288300
0.290975
0.291500
0.293775
0.302075
0.304350
0.308850
0.320400
0.321900
0.328350
0.328800
0.332925
0.341850
0.342950
0.346025
0.357425
0.361450
0.364925
0.369350
0.373225
0.373675
0.374825
0.380675
0.402550
0.404350
0.406050
0.414200
0.419250
0.419325
0.431175
0.434800
0.436225
0.441400
0.448300
0.448350
0.448500
0.451425
0.456950
0.469175
0.471975
0.472950
0.482800
0.484050
0.484675
0.491725
0.494750
0.498050
0.499100
0.503725
0.510500
0.517375
0.520400
0.525050
0.527375
0.529975
0.531975
0.532500
0.536075
0.544525
0.547050
0.553225
0.557950
0.561575
0.562775
0.565225
0.565825
0.568525
0.580075
0.582050
0.593750
0.596325
0.602900
0.604900
0.615575
0.616750
0.616925
0.619225
0.619575
0.622725
0.630875
0.634625
0.643725
0.644100
0.645425
0.646750
0.657900
0.661175
0.664350
0.669375
0.673875
0.686600
0.689850
0.693475
0.694200
0.700525
0.702800
0.704575
0.711900
0.736725
0.743275
0.748125
0.749975
0.750925
0.754700
0.755625
0.758125
0.761750
0.764075
0.766550
0.769250
0.787725
0.789150
0.803975
0.810950
0.812700
0.817525
0.824050
0.829025
0.837725
0.837800
0.843500
0.845750
0.846600
0.851750
0.864800
0.882750
0.889175
0.895875
0.897050
0.905100
0.939450
0.949950
0.951350
0.952150
0.971900
0.978475
0.981900
0.985575
0.991075
1.023525
1.038925
1.045450
1.054400
1.056650
1.076450
1.087000
1.099550
1.106600
1.107325
1.107425
1.115475
1.125350
1.145225
1.150125
1.152500
1.155925
1.161750
1.165400
1.173975
1.219975
1.224675
1.261125
1.281950
1.283750
1.310475
1.336175
1.347475
1.366375
1.399150
1.411400
1.435475
1.455950
1.458875
1.470650
1.473050
1.492300
1.503450
1.518825
1.557700
1.587125
1.595900
1.653350
1.738825
1.844500
1.921525
1.944100
2.059025
2.209625
2.228825
249
