0.001050
0.003825
0.005875
0.007450
0.022525
0.023425
0.024650
0.040325
0.042875
0.043125
0.044600
0.050250
0.061625
0.070125
0.073250
0.074325
0.077050
0.077725
0.081450
0.082850
0.083075
0.088025
0.089600
0.093050
0.097725
0.099300
0.110325
0.110775
0.114175
0.114225
0.116750
0.119425
0.121275
0.122350
0.122600
0.122625
0.123250
0.134175
0.135075
0.137625
0.138675
0.142775
0.149800
0.155025
0.163900
0.164325
0.165125
0.173200
0.175100
0.194775
0.220125
0.220700
0.222800
0.228400
0.229450
0.235625
0.236750
0.259850
0.261250
0.282700
0.294750
0.294875
0.296425
0.297400
0.299500
0.305150
0.306225
0.309175
0.325450
0.326075
0.327700
0.328200
0.333850
0.334100
0.337700
0.339700
0.342825
0.346125
0.352200
0.361200
0.366600
0.376150
0.381100
0.381600
0.382125
0.384350
0.384825
0.392925
0.394425
0.397900
0.403900
0.405450
0.405575
0.423925
0.427500
0.435625
0.442700
0.452900
0.453775
0.454350
0.455275
0.460775
0.465700
0.471675
0.479775
0.482050
0.483625
0.484475
0.485100
0.489250
0.491275
0.492450
0.502325
0.507975
0.518425
0.520550
0.521675
0.526275
0.540250
0.551575
0.552200
0.554250
0.554750
0.572050
0.573325
0.574950
0.582525
0.583000
0.583200
0.587650
0.598475
0.599575
0.600825
0.601925
0.606150
0.606275
0.611575
0.615400
0.615450
0.622250
0.625725
0.626900
0.629925
0.635100
0.637025
0.637625
0.638700
0.652750
0.656100
0.664900
0.668025
0.669575
0.678650
0.685750
0.686850
0.691100
0.705525
0.707100
0.710425
0.718950
0.724475
0.740250
0.741775
0.742700
0.743975
0.751425
0.751475
0.751525
0.757725
0.760600
0.771600
0.773975
0.782875
0.786950
0.788325
0.794300
0.799000
0.810975
0.828325
0.837375
0.838025
0.839325
0.845500
0.855425
0.855550
0.855775
0.859450
0.863125
0.868425
0.875775
0.881625
0.891550
0.897125
0.901650
0.906325
0.907375
0.917200
0.935550
0.935950
0.937550
0.941600
0.960125
0.964350
0.964925
0.969775
0.981950
1.025675
1.031900
1.054125
1.061675
1.067450
1.073550
1.074400
1.086300
1.103275
1.120325
1.158525
1.166750
1.173550
1.199500
1.201500
1.214125
1.245100
1.251200
1.271300
1.284500
1.295125
1.296275
1.301525
1.310825
1.330875
1.335350
1.339750
1.349250
1.356825
1.378925
1.426350
1.448250
1.489300
1.534750
1.608025
1.642450
1.653625
1.686350
1.928350
1.937350
1.939125
1.949200
2.063000
2.076675
2.121175
2.289175
252
