0.000475
0.000650
0.004450
0.005675
0.011175
0.012375
0.014850
0.023650
0.032825
0.034675
0.036700
0.045700
0.047825
0.056875
0.065750
0.070700
0.077375
0.078925
0.079350
0.079425
0.081775
0.086175
0.093025
0.098225
0.100050
0.106225
0.119025
0.121200
0.138875
0.142375
0.150625
0.156850
0.157850
0.163600
0.165700
0.175325
0.175650
0.182575
0.189300
0.190950
0.196950
0.197125
0.201100
0.202650
0.214300
0.216175
0.222600
0.232475
0.234525
0.236225
0.243275
0.244850
0.252625
0.257575
0.262025
0.264650
0.271325
0.272275
0.276650
0.281250
0.284325
0.293275
0.294250
0.302450
0.313200
0.324175
0.330325
0.334300
0.335700
0.339125
0.353675
0.354575
0.357075
0.360850
0.364625
0.366725
0.374175
0.378100
0.381325
0.384350
0.398650
0.406100
0.409850
0.412650
0.413225
0.416775
0.418250
0.419250
0.422450
0.429500
0.429725
0.431825
0.432775
0.444200
0.449725
0.449850
0.455675
0.458575
0.460325
0.460375
0.465075
0.465550
0.467350
0.468825
0.478750
0.486600
0.491225
0.493800
0.506050
0.509400
0.513200
0.513300
0.515375
0.521575
0.522650
0.528275
0.530375
0.541450
0.546250
0.554525
0.569175
0.579425
0.582975
0.589500
0.594150
0.601925
0.603700
0.611150
0.615275
0.617900
0.618125
0.633075
0.637900
0.638950
0.645100
0.645825
0.648350
0.670900
0.672300
0.678125
0.681900
0.683975
0.686100
0.690200
0.690400
0.695500
0.695750
0.699200
0.701100
0.703925
0.709175
0.717300
0.717775
0.718900
0.721100
0.729550
0.730275
0.735325
0.740375
0.746100
0.753850
0.754950
0.764650
0.770900
0.773025
0.776350
0.777000
0.777850
0.791975
0.793125
0.793625
0.796075
0.799125
0.812925
0.813950
0.815675
0.824950
0.828600
0.836350
0.845475
0.855075
0.855550
0.873550
0.876700
0.890225
0.891525
0.896575
0.906050
0.914725
0.919225
0.919475
0.928250
0.929150
0.931225
0.932550
0.936500
0.948500
0.966525
0.971525
0.977300
0.999150
1.005725
1.021875
1.037500
1.047500
1.056125
1.068850
1.069450
1.072925
1.078050
1.078775
1.107900
1.110500
1.113775
1.135375
1.147925
1.150150
1.161225
1.164775
1.179000
1.225225
1.226775
1.232075
1.236975
1.262900
1.295325
1.299175
1.314500
1.339650
1.427050
1.460475
1.595300
1.651650
1.674050
1.706900
1.797150
1.859775
1.892375
1.934925
2.115675
240
