0.016825
0.024700
0.028375
0.033750
0.046675
0.055300
0.055575
0.061825
0.063450
0.074150
0.079200
0.087650
0.088525
0.090600
0.095125
0.095450
0.097000
0.097800
0.098975
0.100225
0.107575
0.113025
0.114500
0.128875
0.130600
0.132625
0.132750
0.133200
0.141600
0.149200
0.166675
0.175650
0.184850
0.189525
0.205225
0.205925
0.215475
0.225250
0.228225
0.241000
0.244325
0.256775
0.263600
0.269450
0.280925
0.290850
0.297825
0.313475
0.317525
0.318950
0.320350
0.342150
0.353075
0.354600
0.358375
0.363450
0.380225
0.392300
0.396675
0.397500
0.397725
0.407875
0.407925
0.420825
0.430450
0.435425
0.446225
0.449800
0.451675
0.453400
0.453950
0.455725
0.457900
0.458625
0.459150
0.469650
0.471325
0.475750
0.475900
0.478975
0.487300
0.497900
0.505450
0.510450
0.516900
0.520050
0.521850
0.525525
0.529425
0.531475
0.532775
0.559825
0.563075
0.564350
0.567700
0.568650
0.569925
0.572025
0.572100
0.574400
0.574450
0.578025
0.591825
0.601100
0.615025
0.615850
0.620200
0.622200
0.622325
0.624475
0.629650
0.642500
0.642575
0.648100
0.648225
0.657625
0.658075
0.673025
0.673625
0.674250
0.676800
0.678500
0.680075
0.696500
0.698875
0.705550
0.707575
0.710575
0.712950
0.714625
0.723325
0.724400
0.730850
0.733625
0.735025
0.735275
0.741250
0.742250
0.744575
0.745975
0.746525
0.748875
0.750950
0.752275
0.755425
0.764625
0.767125
0.779575
0.785425
0.796175
0.801400
0.807075
0.808850
0.810175
0.811375
0.814675
0.816725
0.818950
0.825700
0.826450
0.826875
0.832500
0.845800
0.875550
0.877725
0.882025
0.902550
0.906775
0.907550
0.915975
0.924225
0.931275
0.945350
0.950525
0.960000
0.960475
0.972775
0.987950
1.003025
1.020250
1.027175
1.033700
1.036375
1.039325
1.043550
1.050075
1.053150
1.070075
1.077750
1.079975
1.096350
1.109500
1.109500
1.116350
1.140425
1.151775
1.186850
1.186950
1.194725
1.196425
1.199450
1.202825
1.227550
1.248050
1.257850
1.289450
1.302750
1.314350
1.343575
1.357750
1.401325
1.402325
1.428400
1.478700
1.526000
1.528850
1.552550
1.552775
1.564425
1.592750
1.655050
1.655500
1.742900
1.749700
1.852850
1.875275
2.042525
2.283250
2.316675
229
