0.005850
0.011625
0.015225
0.017425
0.018800
0.019250
0.022700
0.023075
0.027625
0.036800
0.037650
0.038975
0.046950
0.051925
0.054125
0.058250
0.061475
0.066075
0.066200
0.076275
0.081425
0.086325
0.087925
0.094600
0.106950
0.110700
0.119825
0.134925
0.136075
0.138275
0.140825
0.144175
0.144450
0.150825
0.152125
0.160050
0.167875
0.168600
0.186275
0.186450
0.190825
0.193700
0.194100
0.195175
0.200075
0.202275
0.204775
0.216350
0.216375
0.231450
0.232400
0.246775
0.260425
0.269075
0.273075
0.275375
0.277400
0.277800
0.282050
0.296200
0.309000
0.309425
0.309600
0.314225
0.320175
0.325375
0.330950
0.337425
0.344375
0.345700
0.347700
0.353875
0.368700
0.369275
0.370700
0.372075
0.378075
0.383025
0.405000
0.406025
0.407925
0.413050
0.416300
0.419850
0.422025
0.426900
0.428825
0.433000
0.440725
0.442250
0.442650
0.445675
0.456400
0.456775
0.458525
0.462575
0.462750
0.466075
0.477700
0.503925
0.505350
0.508175
0.514450
0.525425
0.525925
0.527825
0.531125
0.531425
0.533175
0.533400
0.536700
0.536750
0.537125
0.538200
0.538850
0.539350
0.539600
0.549250
0.551750
0.564200
0.567250
0.573025
0.581850
0.591375
0.593450
0.597500
0.605225
0.617450
0.619825
0.642100
0.642200
0.645800
0.648075
0.656575
0.656725
0.666225
0.667425
0.675525
0.676775
0.680275
0.682475
0.688275
0.689425
0.691000
0.691475
0.692100
0.693850
0.699225
0.701100
0.705700
0.711475
0.713550
0.729850
0.732925
0.735800
0.735825
0.736150
0.740625
0.741250
0.742425
0.745025
0.755300
0.774625
0.774800
0.789850
0.802850
0.806350
0.806800
0.812275
0.813975
0.827375
0.834625
0.837375
0.856825
0.860425
0.875375
0.883625
0.886725
0.893125
0.902225
0.927175
0.934500
0.939525
0.941675
0.945875
0.955750
0.958275
0.958450
0.959150
0.964025
0.964100
0.980350
0.998050
1.001800
1.012125
1.018350
1.023300
1.032800
1.050700
1.055400
1.064550
1.073075
1.076050
1.094625
1.112300
1.119925
1.120900
1.127450
1.130725
1.150950
1.152225
1.161325
1.165675
1.170050
1.178075
1.196350
1.197825
1.202925
1.211375
1.213675
1.219675
1.236725
1.272550
1.277125
1.282200
1.297925
1.301875
1.348175
1.349000
1.355725
1.360875
1.370275
1.416850
1.419875
1.440050
1.440700
1.462075
1.490875
1.538725
1.579375
1.586650
1.600775
1.601750
1.616400
1.619175
1.673725
1.674250
1.695950
1.798000
1.878400
2.109350
2.134725
252
