0.000425
0.001000
0.002225
0.007700
0.008025
0.020300
0.020375
0.021450
0.029225
0.032825
0.035575
0.044250
0.053350
0.066200
0.067450
0.068750
0.075125
0.080250
0.089025
0.092250
0.104325
0.113925
0.118700
0.119650
0.122925
0.123300
0.134950
0.137400
0.147300
0.149275
0.169100
0.171275
0.180900
0.182350
0.192175
0.202000
0.202200
0.202525
0.203225
0.205800
0.210375
0.211500
0.212400
0.214900
0.215575
0.218900
0.231700
0.231900
0.238550
0.249150
0.253075
0.261575
0.265625
0.269550
0.272125
0.274175
0.275700
0.277450
0.277675
0.283400
0.286525
0.294925
0.296675
0.298550
0.308775
0.313375
0.315625
0.315650
0.324375
0.332075
0.338400
0.339525
0.347025
0.347100
0.360450
0.360650
0.382475
0.385450
0.385550
0.390000
0.399250
0.401200
0.403175
0.406250
0.409050
0.417325
0.418525
0.421825
0.426325
0.428050
0.433725
0.435625
0.439000
0.440500
0.440550
0.442550
0.457075
0.457450
0.458050
0.463950
0.471425
0.475575
0.483425
0.490500
0.498850
0.503650
0.506750
0.525650
0.526775
0.530200
0.532075
0.538750
0.546600
0.573425
0.578200
0.587150
0.596500
0.596925
0.611600
0.611875
0.620750
0.622975
0.626075
0.630050
0.631025
0.639700
0.640700
0.643300
0.646000
0.650100
0.650950
0.652350
0.652850
0.659500
0.660875
0.663000
0.665200
0.676600
0.679850
0.683525
0.689075
0.689700
0.692075
0.701325
0.703950
0.711000
0.719775
0.719975
0.725025
0.726975
0.732800
0.737375
0.743975
0.755050
0.767150
0.772025
0.772525
0.785350
0.789575
0.794775
0.795450
0.795950
0.804800
0.806575
0.807625
0.825900
0.850325
0.851600
0.858400
0.863850
0.867900
0.872350
0.879475
0.882675
0.884175
0.884450
0.884450
0.890850
0.905075
0.911275
0.921225
0.932250
0.940250
0.942150
0.942525
0.944850
0.951025
0.951950
0.965275
0.995375
1.001975
1.023150
1.025675
1.038075
1.057800
1.076400
1.078250
1.085900
1.086050
1.108675
1.119825
1.164500
1.167050
1.171000
1.180375
1.249075
1.280075
1.322900
1.362500
1.366650
1.382425
1.389675
1.413850
1.420875
1.501325
1.573525
1.579125
1.618400
1.698600
1.839175
1.854925
1.863350
1.885650
2.000475
2.047250
2.321800
2.339875
2.394700
228
