0.003225
0.008825
0.011825
0.025025
0.028150
0.029200
0.030775
0.031250
0.033475
0.034700
0.034925
0.037725
0.046025
0.048800
0.050900
0.055825
0.057375
0.058275
0.062275
0.071075
0.073975
0.084375
0.088400
0.088950
0.094225
0.099825
0.101175
0.108900
0.118050
0.119375
0.122800
0.132750
0.136100
0.136400
0.137550
0.138800
0.142050
0.146950
0.149275
0.149750
0.152750
0.161925
0.166650
0.170025
0.170800
0.175275
0.186900
0.197525
0.210325
0.213300
0.214425
0.223525
0.223825
0.224000
0.232975
0.254200
0.257750
0.277175
0.281900
0.291100
0.306300
0.315425
0.316025
0.317525
0.320775
0.325750
0.328325
0.329050
0.330825
0.331000
0.331350
0.331800
0.335525
0.340950
0.341075
0.342850
0.357425
0.361450
0.361925
0.365900
0.366600
0.379725
0.385275
0.387625
0.390125
0.394075
0.396300
0.403000
0.406075
0.406325
0.409575
0.410675
0.421525
0.424050
0.427725
0.436075
0.445725
0.445925
0.452000
0.456100
0.456750
0.457850
0.458600
0.462975
0.475175
0.483600
0.485050
0.486725
0.493075
0.497875
0.498050
0.498725
0.502300
0.510925
0.514450
0.516650
0.525025
0.526925
0.532750
0.534675
0.539525
0.544700
0.546950
0.547075
0.547150
0.549625
0.553825
0.559050
0.561700
0.565925
0.568975
0.571050
0.575875
0.584725
0.585600
0.589950
0.591825
0.600375
0.603125
0.608350
0.619150
0.620950
0.628375
0.640925
0.644975
0.648550
0.649300
0.657350
0.659325
0.678350
0.679975
0.681625
0.688250
0.694950
0.703075
0.706775
0.707875
0.708600
0.715875
0.716125
0.716900
0.720150
0.724750
0.731825
0.732525
0.732950
0.733800
0.747350
0.751500
0.754150
0.773750
0.782450
0.784875
0.790650
0.816150
0.817625
0.833250
0.841950
0.843800
0.854625
0.854725
0.862700
0.881775
0.898725
0.904475
0.912350
0.936550
0.937925
0.938875
0.954450
0.962600
1.000150
1.009775
1.032000
1.051550
1.064450
1.088725
1.093025
1.119275
1.136775
1.138225
1.155750
1.162650
1.167675
1.174150
1.178175
1.185775
1.192575
1.202925
1.207325
1.229275
1.243025
1.251675
1.270075
1.276075
1.285600
1.307700
1.316275
1.369550
1.377600
1.396675
1.396750
1.439200
1.462350
1.466675
1.600800
1.629750
1.870175
1.880700
2.156675
2.493425
231
