0.002175
0.014400
0.017550
0.018275
0.026200
0.041525
0.046175
0.046625
0.052675
0.054850
0.063700
0.080525
0.085050
0.088550
0.089250
0.096300
0.111325
0.114275
0.119825
0.123900
0.128750
0.128825
0.135675
0.137575
0.147775
0.155425
0.160425
0.161200
0.182450
0.189625
0.198750
0.199475
0.210225
0.211900
0.217300
0.225375
0.226600
0.230350
0.232600
0.249600
0.249825
0.252075
0.253925
0.267975
0.281200
0.286700
0.290400
0.296100
0.296775
0.298400
0.300700
0.301400
0.308975
0.309075
0.317875
0.327400
0.327850
0.330150
0.332650
0.337150
0.339675
0.340950
0.347475
0.347725
0.348275
0.349175
0.358400
0.362075
0.362150
0.362150
0.363125
0.363800
0.378800
0.380025
0.384400
0.391075
0.393275
0.399450
0.403075
0.403925
0.403950
0.404775
0.404800
0.412500
0.413525
0.414675
0.415475
0.422425
0.424200
0.434825
0.442425
0.444850
0.448225
0.453575
0.455000
0.455350
0.456425
0.471700
0.475225
0.476200
0.477950
0.481850
0.489125
0.489475
0.493025
0.500325
0.509400
0.509425
0.520850
0.525325
0.536050
0.540325
0.540500
0.541825
0.547850
0.547950
0.550125
0.557700
0.559300
0.567850
0.573975
0.579300
0.583875
0.585275
0.596125
0.599600
0.600850
0.606125
0.613125
0.618825
0.624125
0.626100
0.632375
0.633875
0.635275
0.636275
0.637175
0.639175
0.655875
0.663900
0.671600
0.675125
0.686875
0.692500
0.713825
0.723900
0.724125
0.727900
0.729325
0.734725
0.742500
0.756125
0.758150
0.759375
0.762325
0.762725
0.794175
0.799150
0.806650
0.816625
0.817175
0.820475
0.829925
0.842775
0.850550
0.854375
0.859275
0.875200
0.879325
0.881925
0.888875
0.908375
0.918950
0.920875
0.922900
0.925050
0.935350
0.941250
0.942525
0.952725
0.967075
0.969225
0.974025
0.977225
0.987100
1.018325
1.019150
1.027325
1.032650
1.040025
1.057425
1.069425
1.080550
1.086275
1.112175
1.116525
1.133975
1.144775
1.151650
1.169275
1.172175
1.183875
1.199750
1.201350
1.226375
1.227075
1.233650
1.252400
1.271875
1.322900
1.344575
1.353625
1.389775
1.402950
1.411225
1.441875
1.446025
1.496325
1.563100
1.573825
1.609975
1.650525
1.764650
1.810875
1.893350
1.905600
1.944175
2.111500
2.192825
2.322275
230
