0.009550
0.010450
0.014300
0.020975
0.024300
0.028400
0.034400
0.037100
0.046100
0.049375
0.051150
0.051600
0.056925
0.061750
0.071300
0.083425
0.093350
0.096675
0.109925
0.114650
0.116350
0.125450
0.128175
0.134300
0.138750
0.146925
0.147150
0.147725
0.150275
0.153925
0.158825
0.171025
0.176050
0.178100
0.180850
0.182225
0.186675
0.191475
0.200800
0.201875
0.202650
0.203250
0.210975
0.212250
0.216425
0.217800
0.226300
0.235175
0.243525
0.244225
0.246975
0.251900
0.258600
0.258975
0.261675
0.268925
0.269950
0.270925
0.273975
0.274225
0.274800
0.278650
0.293350
0.294825
0.295425
0.297600
0.299150
0.303800
0.307175
0.309650
0.312700
0.314375
0.314475
0.328200
0.331650
0.334750
0.334775
0.336650
0.342100
0.349075
0.349500
0.351500
0.360950
0.361575
0.364800
0.368925
0.373150
0.375900
0.376050
0.377175
0.379825
0.389550
0.392925
0.405575
0.405775
0.414425
0.414500
0.414775
0.419800
0.432275
0.435475
0.437050
0.439950
0.445350
0.450650
0.455700
0.460750
0.470775
0.476925
0.485700
0.495500
0.497700
0.505600
0.512975
0.514625
0.520450
0.528900
0.530200
0.536700
0.539650
0.540300
0.547500
0.547700
0.547900
0.550075
0.554575
0.559000
0.569275
0.570850
0.578425
0.588975
0.592850
0.599075
0.600050
0.604150
0.609575
0.610550
0.613300
0.613525
0.621475
0.629775
0.633250
0.650150
0.651725
0.651925
0.658600
0.659250
0.663825
0.665675
0.666975
0.667725
0.676625
0.683125
0.685600
0.690000
0.692000
0.693650
0.694450
0.701000
0.701100
0.701625
0.703500
0.707875
0.711375
0.713700
0.717125
0.722050
0.730175
0.730575
0.735400
0.745300
0.747700
0.750300
0.752775
0.759350
0.761475
0.762350
0.772050
0.772250
0.781975
0.784350
0.787700
0.791475
0.796675
0.802275
0.804325
0.836450
0.843100
0.862850
0.864800
0.871775
0.873650
0.878100
0.878725
0.886925
0.893700
0.893825
0.900825
0.927250
0.928050
0.936975
0.937500
0.937950
0.939000
0.956700
0.979600
0.984525
0.989975
0.993925
0.998250
1.015000
1.017025
1.022725
1.025825
1.070650
1.079700
1.081925
1.083225
1.084175
1.093925
1.127875
1.128125
1.128300
1.143000
1.153950
1.163825
1.171700
1.201950
1.206775
1.208225
1.214025
1.214450
1.217000
1.251575
1.269425
1.279275
1.280450
1.288750
1.295550
1.335725
1.339150
1.346025
1.358500
1.387150
1.414400
1.416375
1.453175
1.476950
1.491350
1.496625
1.502950
1.544450
1.549600
1.581375
1.589300
1.655450
1.683625
1.729900
1.749050
1.760400
1.875350
1.984750
2.136375
2.475250
264
