0.000800
0.002725
0.017425
0.018100
0.027700
0.033625
0.054600
0.061725
0.073650
0.077425
0.078250
0.086325
0.087675
0.092825
0.094725
0.095325
0.096950
0.098400
0.101450
0.105075
0.115600
0.117025
0.120725
0.125400
0.125725
0.126450
0.130925
0.141500
0.147750
0.147975
0.148150
0.148575
0.149300
0.150275
0.154825
0.156825
0.157900
0.161450
0.166250
0.166350
0.177550
0.183600
0.191775
0.197700
0.198650
0.199350
0.213125
0.216025
0.217175
0.218175
0.223150
0.226050
0.228450
0.229700
0.231425
0.234525
0.266825
0.267450
0.276400
0.279425
0.284925
0.285775
0.286275
0.288950
0.289100
0.292650
0.294550
0.294750
0.299800
0.303125
0.304075
0.308525
0.310475
0.319325
0.321950
0.324700
0.328775
0.329450
0.364300
0.371625
0.374500
0.375850
0.382675
0.384875
0.385375
0.386375
0.387575
0.392125
0.397150
0.421775
0.422075
0.422275
0.423400
0.427525
0.429850
0.434325
0.438100
0.438100
0.438500
0.440500
0.442325
0.443775
0.447775
0.448400
0.449200
0.452150
0.453075
0.456725
0.459275
0.460600
0.463575
0.464400
0.471250
0.488775
0.490150
0.494750
0.495400
0.498550
0.502150
0.504475
0.507600
0.508325
0.509875
0.515800
0.516900
0.524875
0.526000
0.527650
0.532200
0.538475
0.539300
0.539925
0.555725
0.574900
0.576750
0.586800
0.588100
0.591050
0.594775
0.596075
0.598375
0.598650
0.604875
0.606050
0.609975
0.610875
0.611625
0.616475
0.618675
0.619925
0.621350
0.625375
0.628475
0.633975
0.635925
0.636025
0.639725
0.651850
0.651925
0.653575
0.660725
0.669250
0.670875
0.686150
0.686525
0.691025
0.698300
0.698350
0.698675
0.708525
0.710925
0.716525
0.717850
0.720775
0.721650
0.721975
0.724800
0.729150
0.731375
0.733525
0.745775
0.746150
0.748650
0.750575
0.759575
0.761175
0.763875
0.766400
0.768150
0.782250
0.784325
0.788000
0.795000
0.803750
0.806800
0.807475
0.809100
0.811275
0.811300
0.820100
0.821200
0.824975
0.825775
0.827650
0.849950
0.850125
0.853400
0.861625
0.861625
0.867450
0.878625
0.879750
0.896050
0.898400
0.899625
0.905250
0.916675
0.935800
0.944025
0.949950
0.960875
0.969125
0.977525
0.993025
1.000500
1.009625
1.016675
1.021675
1.039100
1.048375
1.052425
1.075825
1.076150
1.076275
1.090875
1.090950
1.104400
1.119375
1.129500
1.168675
1.191225
1.192250
1.220825
1.240150
1.244325
1.267350
1.274250
1.341550
1.372875
1.400500
1.404375
1.404700
1.425100
1.432125
1.452700
1.561175
1.573350
1.621600
1.625400
1.633700
1.777575
1.779225
1.823800
1.842925
1.882225
2.136725
2.152750
2.383700
268
