0.005150
0.013275
0.019450
0.022425
0.022475
0.025575
0.028825
0.029175
0.029900
0.036625
0.041400
0.046950
0.047350
0.051850
0.063400
0.066425
0.067825
0.068200
0.070100
0.071650
0.072250
0.083375
0.086725
0.089425
0.091300
0.095625
0.101975
0.104800
0.110950
0.118875
0.126100
0.131725
0.136500
0.137425
0.141200
0.142000
0.144725
0.156350
0.163175
0.165950
0.166525
0.171075
0.176000
0.176550
0.178425
0.179025
0.186150
0.189725
0.198200
0.203200
0.218850
0.228775
0.229300
0.230325
0.235125
0.249625
0.251450
0.252775
0.255250
0.260050
0.261650
0.262275
0.263300
0.271625
0.277925
0.283100
0.283450
0.296000
0.296125
0.301450
0.304425
0.307400
0.311450
0.313575
0.313875
0.317600
0.317700
0.324925
0.325275
0.329375
0.330050
0.336375
0.338850
0.341225
0.343575
0.346150
0.346250
0.356425
0.364125
0.370350
0.375175
0.376675
0.380075
0.390025
0.403675
0.403750
0.416450
0.420975
0.433425
0.437725
0.445050
0.446850
0.453150
0.456375
0.465275
0.466800
0.474975
0.480425
0.484675
0.484725
0.484925
0.485150
0.490575
0.495650
0.498225
0.499200
0.502775
0.503025
0.514875
0.515125
0.520775
0.525000
0.529850
0.530475
0.535600
0.541400
0.554625
0.556750
0.557525
0.558500
0.562250
0.564800
0.572725
0.572900
0.579100
0.581525
0.586000
0.586550
0.596425
0.597475
0.603200
0.607075
0.608600
0.609225
0.609700
0.609750
0.612125
0.619900
0.645700
0.655500
0.662325
0.677250
0.677275
0.691200
0.692775
0.696550
0.697350
0.697750
0.700300
0.702400
0.706675
0.716725
0.720400
0.731550
0.736300
0.746175
0.751625
0.778475
0.804150
0.809350
0.816900
0.820500
0.824150
0.835375
0.836425
0.836875
0.842575
0.846125
0.848750
0.860375
0.864475
0.876900
0.889550
0.890775
0.901600
0.904925
0.921925
0.924000
0.948550
0.957600
0.958325
0.959075
0.980575
0.984700
0.987175
0.988975
0.991200
0.997750
1.000450
1.008525
1.012200
1.017300
1.037675
1.046850
1.106800
1.111125
1.129950
1.171250
1.185850
1.186050
1.206500
1.231475
1.243925
1.246800
1.267150
1.280675
1.282625
1.286525
1.305300
1.306525
1.343800
1.356350
1.367850
1.394125
1.427775
1.452825
1.464725
1.492775
1.502200
1.534500
1.544500
1.548400
1.594975
1.603900
1.708475
1.709000
1.709200
1.818400
1.822725
1.917875
1.944825
2.053200
2.091475
2.095025
2.114575
2.173425
246
