0.004000
0.010625
0.013625
0.020250
0.024725
0.034150
0.043600
0.046125
0.050650
0.053200
0.054125
0.061675
0.065325
0.066300
0.068900
0.072150
0.074350
0.080725
0.085475
0.087300
0.101875
0.104150
0.106225
0.112550
0.116950
0.123225
0.124850
0.127700
0.129475
0.134475
0.134775
0.139400
0.141775
0.149500
0.153800
0.159525
0.161325
0.175625
0.191025
0.204475
0.205100
0.217000
0.219375
0.222275
0.224125
0.239825
0.243725
0.251350
0.251475
0.262975
0.266175
0.266725
0.267825
0.269325
0.270750
0.272725
0.279450
0.282125
0.290225
0.297575
0.298075
0.299375
0.304825
0.307850
0.312625
0.324000
0.329600
0.331125
0.331175
0.335525
0.342900
0.344200
0.350275
0.356525
0.357925
0.360375
0.367175
0.367975
0.373525
0.374100
0.379025
0.380400
0.384550
0.390550
0.393600
0.393925
0.396275
0.403375
0.405500
0.409925
0.413425
0.417050
0.417500
0.418125
0.420200
0.425375
0.426550
0.427600
0.429925
0.432825
0.435525
0.436750
0.438825
0.445000
0.455425
0.456975
0.458800
0.461550
0.469625
0.472675
0.480175
0.489225
0.492675
0.497675
0.497750
0.501250
0.505125
0.505325
0.510225
0.512650
0.513750
0.514475
0.514550
0.516475
0.517100
0.518775
0.522875
0.523250
0.523825
0.525450
0.531375
0.536900
0.539000
0.545500
0.550000
0.550775
0.555875
0.558400
0.560650
0.563600
0.566075
0.568575
0.571475
0.580300
0.589625
0.603100
0.611825
0.615050
0.616000
0.617650
0.618175
0.631000
0.634325
0.635175
0.640775
0.643925
0.652100
0.652650
0.652725
0.663150
0.663775
0.673725
0.681700
0.683000
0.683425
0.686475
0.689125
0.689325
0.696250
0.696450
0.701550
0.702900
0.707625
0.708975
0.709600
0.714350
0.716875
0.724475
0.736025
0.739525
0.741850
0.742750
0.748575
0.755175
0.758300
0.759650
0.767950
0.786950
0.790100
0.793650
0.795550
0.805300
0.813625
0.818025
0.820675
0.828500
0.835650
0.840550
0.841525
0.846925
0.851225
0.851575
0.855900
0.856875
0.873025
0.873525
0.882050
0.899000
0.900475
0.913700
0.918225
0.924025
0.946250
0.952650
0.961550
0.971875
0.973700
0.973725
0.974075
0.977800
0.992075
1.015950
1.016350
1.019175
1.033900
1.037300
1.037825
1.038800
1.047075
1.067600
1.076650
1.085250
1.130650
1.138575
1.173225
1.196725
1.199900
1.201900
1.256825
1.276800
1.281400
1.282425
1.287550
1.291775
1.310450
1.312850
1.321025
1.321700
1.354050
1.367350
1.374250
1.400650
1.438000
1.522275
1.592150
1.607925
1.624850
1.730950
1.899575
1.900975
1.902975
1.999725
2.018000
2.070075
2.072750
2.273025
266
