0.007475
0.009375
0.010750
0.014350
0.019600
0.021525
0.024025
0.026550
0.029200
0.032750
0.039000
0.043825
0.056625
0.058175
0.059325
0.061075
0.061450
0.061675
0.068000
0.070300
0.071425
0.077500
0.083925
0.084150
0.097850
0.101975
0.104525
0.104600
0.111200
0.114075
0.115375
0.115650
0.117600
0.123900
0.136350
0.138025
0.138625
0.142250
0.144475
0.147400
0.154200
0.155600
0.156525
0.160250
0.163725
0.165325
0.167475
0.174575
0.177800
0.182950
0.195250
0.202425
0.206000
0.207925
0.208550
0.214550
0.216700
0.224100
0.224625
0.231925
0.240725
0.245200
0.246125
0.249800
0.258725
0.259975
0.260350
0.264750
0.266600
0.268700
0.282175
0.282525
0.287625
0.294200
0.297175
0.303250
0.306975
0.308725
0.313825
0.315525
0.322525
0.324075
0.325000
0.331475
0.334575
0.335050
0.338200
0.339500
0.339800
0.344350
0.348500
0.349125
0.353800
0.356650
0.359700
0.361050
0.363950
0.367050
0.375750
0.376600
0.377125
0.378425
0.383825
0.386075
0.387500
0.391250
0.394475
0.395850
0.401250
0.403050
0.404075
0.406175
0.407525
0.413000
0.413725
0.416525
0.425900
0.426550
0.427050
0.438025
0.443625
0.453100
0.456225
0.457975
0.463750
0.478750
0.478800
0.481500
0.483625
0.500650
0.505225
0.506925
0.510600
0.511675
0.513500
0.513675
0.517100
0.520575
0.521225
0.523475
0.528675
0.529800
0.531850
0.537400
0.538975
0.550300
0.557000
0.557875
0.581000
0.601025
0.611225
0.616800
0.631050
0.636050
0.643450
0.646175
0.648325
0.652350
0.659275
0.659975
0.668875
0.672800
0.673600
0.676400
0.676825
0.677150
0.678200
0.690275
0.694425
0.694825
0.725050
0.731625
0.732200
0.733400
0.736150
0.744200
0.746750
0.746875
0.748200
0.751575
0.752225
0.753425
0.756225
0.756350
0.761100
0.763025
0.766100
0.767775
0.769275
0.771675
0.773525
0.777075
0.797625
0.800125
0.805950
0.806675
0.806925
0.808275
0.808650
0.809850
0.827700
0.849925
0.855425
0.860975
0.865550
0.869425
0.882350
0.896975
0.901950
0.904175
0.906775
0.913850
0.918850
0.931800
0.934275
0.944500
0.952600
0.956625
0.959375
0.962450
0.972675
1.005950
1.023250
1.032875
1.042175
1.043550
1.047800
1.057950
1.075125
1.082350
1.095425
1.098775
1.103050
1.117775
1.119775
1.123725
1.149225
1.155300
1.163150
1.163350
1.177100
1.180025
1.185125
1.199000
1.201400
1.237075
1.244325
1.253975
1.256450
1.322900
1.334300
1.344100
1.362300
1.374175
1.385925
1.389425
1.398325
1.413625
1.442650
1.476875
1.494375
1.503225
1.509575
1.516925
1.547675
1.549875
1.600150
1.620200
1.661625
1.733875
1.833775
1.836275
1.848950
1.850750
1.931500
1.953175
2.089200
2.146725
2.264375
2.466975
280
