0.000150
0.013600
0.018875
0.026025
0.026150
0.033700
0.033925
0.041900
0.047650
0.052575
0.054550
0.084800
0.087250
0.098200
0.098300
0.102700
0.109725
0.114750
0.120175
0.127350
0.129400
0.136150
0.150200
0.152400
0.155425
0.168025
0.175450
0.179025
0.182975
0.184800
0.190925
0.193875
0.197900
0.213850
0.214625
0.214825
0.216825
0.216950
0.218950
0.219825
0.220200
0.221850
0.234900
0.252175
0.257275
0.258725
0.259550
0.264625
0.264700
0.269000
0.269025
0.270975
0.275150
0.278725
0.279625
0.284000
0.285650
0.292150
0.293450
0.294600
0.302825
0.307175
0.309200
0.317425
0.324250
0.334750
0.336250
0.339575
0.340525
0.341425
0.343100
0.345075
0.351825
0.352150
0.356825
0.359175
0.365100
0.380100
0.380850
0.385150
0.387100
0.387500
0.388075
0.399850
0.406650
0.419600
0.421675
0.422500
0.425650
0.425825
0.428425
0.430175
0.448000
0.452850
0.462400
0.485125
0.500950
0.510625
0.510950
0.511675
0.513300
0.518800
0.526725
0.527875
0.528725
0.530850
0.536225
0.540825
0.541800
0.543100
0.547325
0.550850
0.555175
0.558275
0.565450
0.565675
0.566875
0.570725
0.573550
0.591625
0.592450
0.597750
0.598650
0.599100
0.607550
0.609525
0.615225
0.616500
0.619900
0.629250
0.636100
0.639200
0.640350
0.642675
0.644800
0.651750
0.656075
0.657150
0.661275
0.670500
0.671200
0.673350
0.679075
0.688175
0.688325
0.694050
0.702375
0.702500
0.707225
0.708050
0.708500
0.709325
0.709850
0.712125
0.715100
0.716675
0.730850
0.734275
0.754300
0.758250
0.765825
0.772225
0.773450
0.782200
0.786375
0.799525
0.802350
0.802725
0.813100
0.815250
0.828700
0.833550
0.843625
0.856825
0.867800
0.871850
0.873150
0.885275
0.885350
0.893975
0.908025
0.910275
0.913800
0.971225
0.975575
0.986750
0.991725
0.997975
1.011700
1.037775
1.043650
1.048925
1.059275
1.066925
1.085375
1.093525
1.105075
1.108825
1.110750
1.113225
1.127050
1.138975
1.148650
1.174625
1.192200
1.216000
1.217850
1.218875
1.223150
1.223975
1.259250
1.273600
1.289100
1.315000
1.321050
1.395550
1.448300
1.462325
1.473000
1.517450
1.531050
1.546300
1.690475
1.747200
1.793325
2.083025
2.117400
2.286625
228
