0.004450
0.006900
0.009025
0.009700
0.015025
0.017300
0.024100
0.032375
0.039050
0.052550
0.064375
0.066850
0.080550
0.082550
0.092675
0.094275
0.097175
0.098475
0.100800
0.104750
0.110100
0.112575
0.116575
0.120750
0.121325
0.122800
0.127650
0.138800
0.152250
0.171600
0.177525
0.189700
0.198350
0.206575
0.210825
0.211550
0.215475
0.236600
0.245500
0.251475
0.254550
0.257325
0.268800
0.271650
0.275850
0.290550
0.307825
0.312350
0.315900
0.318375
0.320125
0.320425
0.324500
0.331400
0.356975
0.357125
0.368500
0.369325
0.370075
0.380225
0.382750
0.398775
0.399075
0.399425
0.399575
0.399675
0.406950
0.407875
0.408300
0.408575
0.413925
0.414650
0.417350
0.430025
0.430775
0.433775
0.435000
0.435675
0.437550
0.440275
0.446450
0.448450
0.450100
0.450675
0.452250
0.469675
0.472375
0.476200
0.494675
0.495350
0.500175
0.511850
0.514975
0.516575
0.522925
0.523775
0.530475
0.540150
0.540375
0.541100
0.545250
0.547325
0.555300
0.558450
0.560600
0.562525
0.567775
0.569200
0.569575
0.570925
0.582675
0.582875
0.586275
0.588825
0.592775
0.597350
0.602975
0.605475
0.607200
0.607900
0.608200
0.609575
0.615275
0.622825
0.624150
0.626900
0.631050
0.634075
0.635575
0.637725
0.643675
0.643975
0.644975
0.646650
0.655475
0.661775
0.683625
0.691175
0.692200
0.697250
0.697425
0.697500
0.698300
0.698325
0.703500
0.712450
0.714200
0.715475
0.715575
0.716850
0.720250
0.721850
0.723250
0.726300
0.727575
0.735050
0.737825
0.748450
0.757625
0.768075
0.771475
0.777450
0.778950
0.791025
0.794950
0.799675
0.809950
0.822075
0.824325
0.826275
0.827225
0.828025
0.837875
0.848375
0.849875
0.856150
0.883900
0.889125
0.890050
0.904425
0.908750
0.927575
0.952125
0.954050
0.954450
0.958000
0.960150
0.977750
1.010525
1.013900
1.014150
1.018300
1.022600
1.029500
1.031950
1.032550
1.065675
1.124525
1.151750
1.159400
1.166850
1.183725
1.212725
1.305400
1.317825
1.320200
1.343150
1.376125
1.377675
1.383625
1.412325
1.417250
1.465450
1.498600
1.565175
1.611425
1.619350
1.620600
1.627575
1.665600
1.708375
1.770050
1.778025
1.785175
1.787325
1.794225
1.870900
1.880850
1.997650
2.046550
2.062950
2.092800
2.113000
2.385350
2.397150
2.486800
236
