0.000925
0.008025
0.009875
0.014575
0.018650
0.025725
0.025850
0.026100
0.034900
0.036875
0.038425
0.038650
0.050150
0.068275
0.071625
0.082825
0.083575
0.089525
0.091875
0.092125
0.094125
0.097850
0.105200
0.114450
0.115850
0.122250
0.124550
0.125225
0.126575
0.129875
0.133300
0.138200
0.139800
0.166275
0.174975
0.187250
0.191450
0.192675
0.194100
0.210625
0.216125
0.229825
0.232500
0.235400
0.239625
0.252300
0.261000
0.265075
0.265800
0.267700
0.272825
0.273575
0.275825
0.277725
0.285800
0.289825
0.289825
0.295750
0.303975
0.306250
0.307700
0.309125
0.310875
0.312850
0.317150
0.320075
0.325575
0.333900
0.334825
0.335350
0.349525
0.356575
0.357700
0.359150
0.361200
0.363225
0.363500
0.371150
0.371475
0.372925
0.376150
0.377825
0.378675
0.380250
0.385100
0.388100
0.389850
0.394225
0.397600
0.397875
0.397900
0.398075
0.403350
0.403950
0.404775
0.405100
0.408550
0.418300
0.430050
0.434250
0.435175
0.441350
0.468550
0.470700
0.473250
0.482675
0.493625
0.500225
0.505575
0.506950
0.515500
0.519525
0.523325
0.530775
0.544300
0.545450
0.555575
0.556275
0.556875
0.563125
0.572125
0.572300
0.580050
0.586300
0.611350
0.611950
0.626350
0.627425
0.635900
0.646100
0.652425
0.654150
0.656300
0.658900
0.676525
0.680450
0.681650
0.683000
0.685900
0.688575
0.691325
0.695275
0.697650
0.698500
0.701400
0.714500
0.714625
0.727775
0.728150
0.738300
0.738600
0.739125
0.749275
0.749650
0.761025
0.768525
0.770150
0.772025
0.776200
0.780350
0.782175
0.784425
0.784800
0.806975
0.813050
0.816175
0.827625
0.832625
0.845950
0.854300
0.855850
0.859825
0.860250
0.866250
0.866650
0.868200
0.872775
0.881600
0.885175
0.885800
0.892675
0.905500
0.909175
0.916275
0.919525
0.924475
0.932000
0.940200
0.948875
0.950975
0.952400
0.977100
0.984800
0.986000
0.988225
0.995225
1.003200
1.006350
1.029650
1.062175
1.068050
1.074925
1.078325
1.091425
1.092350
1.095975
1.115475
1.125525
1.129850
1.176125
1.181750
1.196975
1.218025
1.248450
1.252075
1.266900
1.280375
1.291325
1.293775
1.323750
1.325900
1.356725
1.358375
1.386450
1.401325
1.476050
1.487275
1.523000
1.531575
1.557625
1.627675
1.628875
1.696250
1.796900
1.845075
1.906575
2.166925
2.194050
238
