0.001850
0.006550
0.008875
0.012200
0.017575
0.018350
0.021450
0.026350
0.028075
0.037725
0.058175
0.064200
0.065525
0.066925
0.070675
0.071250
0.073325
0.077025
0.083200
0.086000
0.086325
0.092900
0.101150
0.112450
0.112750
0.115200
0.116575
0.120275
0.120550
0.122475
0.124850
0.128575
0.131650
0.132850
0.133200
0.138475
0.139950
0.146625
0.154850
0.159000
0.170600
0.172725
0.177425
0.188650
0.190125
0.190550
0.196800
0.197900
0.198100
0.198325
0.199050
0.200000
0.207675
0.211125
0.215550
0.216175
0.218350
0.218900
0.222800
0.230125
0.231000
0.233200
0.233250
0.235225
0.237550
0.242550
0.246675
0.255425
0.261650
0.266925
0.274925
0.275975
0.283250
0.283275
0.285625
0.287150
0.287800
0.307525
0.308800
0.315375
0.323950
0.325150
0.327075
0.327525
0.328550
0.332650
0.334050
0.336925
0.341400
0.344950
0.345050
0.345800
0.346575
0.349525
0.361150
0.361625
0.364175
0.367000
0.367975
0.368825
0.371575
0.371875
0.373850
0.392725
0.393775
0.396050
0.412150
0.421750
0.436125
0.436550
0.444925
0.444925
0.446500
0.446775
0.448075
0.449450
0.453175
0.453325
0.455150
0.459600
0.463200
0.463700
0.464675
0.468475
0.476625
0.481700
0.487850
0.489475
0.497700
0.500400
0.503625
0.514200
0.524600
0.531150
0.531625
0.533475
0.537850
0.544475
0.552900
0.559925
0.572175
0.573325
0.576475
0.583975
0.585375
0.586200
0.586600
0.587225
0.590375
0.595075
0.599350
0.600950
0.600975
0.601550
0.601600
0.602725
0.603350
0.604525
0.608525
0.608850
0.609625
0.625525
0.627425
0.633725
0.636150
0.644225
0.644750
0.651850
0.660400
0.671950
0.690400
0.692550
0.693525
0.696125
0.697850
0.698600
0.699750
0.704875
0.720250
0.725675
0.727500
0.741475
0.748500
0.759400
0.761575
0.771450
0.774075
0.774375
0.779925
0.782550
0.786100
0.787825
0.788525
0.806900
0.808500
0.816750
0.817250
0.827275
0.831875
0.831925
0.834000
0.840000
0.860650
0.862725
0.873625
0.875500
0.877400
0.877575
0.883975
0.885500
0.896725
0.901175
0.919600
0.943150
0.961950
0.963600
0.967275
0.974075
0.974125
0.976725
0.976925
0.984150
0.985400
0.995975
0.996325
1.008075
1.009325
1.016950
1.017125
1.027075
1.032450
1.034675
1.035325
1.041325
1.044075
1.044675
1.052025
1.053600
1.057775
1.067150
1.068000
1.084025
1.084425
1.112050
1.129150
1.136600
1.150850
1.215200
1.260125
1.264575
1.278050
1.296425
1.299200
1.310375
1.337050
1.344900
1.352150
1.378400
1.384850
1.389875
1.410075
1.422250
1.423050
1.433750
1.438800
1.481825
1.495250
1.525275
1.568050
1.588825
1.595725
1.597675
1.608975
1.622100
1.696200
1.738525
1.892175
1.897350
1.957525
2.003300
2.049100
2.377000
282
