0.004250
0.005400
0.013500
0.023075
0.029375
0.038600
0.042000
0.051175
0.059350
0.061425
0.067625
0.071125
0.073375
0.083925
0.086800
0.094950
0.103475
0.103675
0.105700
0.112925
0.115075
0.125700
0.130600
0.142650
0.150650
0.153175
0.155825
0.157200
0.160075
0.162425
0.179825
0.180550
0.181900
0.183925
0.187500
0.195975
0.198850
0.199825
0.203175
0.206025
0.207950
0.208625
0.214950
0.215150
0.217350
0.218600
0.219675
0.225425
0.226975
0.235275
0.235625
0.236150
0.239100
0.243350
0.248200
0.251775
0.253975
0.260725
0.270850
0.271475
0.274925
0.281025
0.282575
0.284675
0.285975
0.291550
0.291875
0.296725
0.299050
0.300575
0.301050
0.301450
0.302075
0.309150
0.309300
0.310300
0.312325
0.313375
0.328125
0.332125
0.332175
0.347325
0.373350
0.373375
0.388300
0.388475
0.392075
0.392825
0.395900
0.397275
0.401275
0.408250
0.412150
0.422050
0.428275
0.433225
0.433800
0.434400
0.437675
0.444125
0.444175
0.451800
0.458125
0.466650
0.476800
0.477925
0.478575
0.482675
0.489500
0.492800
0.497950
0.509675
0.516025
0.520225
0.520975
0.523100
0.537750
0.541275
0.546650
0.548400
0.548675
0.571700
0.574450
0.592300
0.598500
0.602150
0.608650
0.611425
0.618100
0.618550
0.620675
0.624925
0.628900
0.650575
0.663875
0.676200
0.681200
0.704200
0.706950
0.707025
0.707825
0.708175
0.712150
0.717625
0.720900
0.721575
0.730550
0.734900
0.737725
0.742900
0.745325
0.748450
0.763500
0.767400
0.774600
0.789525
0.789775
0.797750
0.807000
0.835550
0.843575
0.846100
0.846250
0.848975
0.852450
0.855975
0.867150
0.869125
0.871050
0.881275
0.883700
0.885725
0.886150
0.895225
0.898050
0.912300
0.914675
0.925725
0.933100
0.948275
0.972325
0.973650
0.974075
0.975475
1.003525
1.006550
1.008475
1.011425
1.027725
1.028600
1.047475
1.098175
1.098375
1.151775
1.174375
1.177950
1.184100
1.191300
1.214850
1.245925
1.254150
1.263225
1.277875
1.294475
1.298050
1.303850
1.384275
1.406500
1.435300
1.459475
1.464375
1.489650
1.500525
1.520200
1.548725
1.572700
1.596550
1.687300
1.725150
1.776475
1.805200
1.812975
1.933675
223
