0.003525
0.014450
0.018200
0.030225
0.031125
0.044000
0.045825
0.047525
0.053250
0.058725
0.059650
0.060850
0.062750
0.071575
0.073975
0.083900
0.085225
0.085250
0.087025
0.087025
0.092750
0.096025
0.097875
0.098600
0.100550
0.105575
0.105675
0.105975
0.113300
0.122225
0.123175
0.123900
0.128175
0.129500
0.132825
0.138375
0.150300
0.154475
0.176100
0.177425
0.180900
0.193450
0.194200
0.196400
0.196950
0.205225
0.206625
0.208250
0.208825
0.214675
0.219700
0.222275
0.224775
0.225825
0.226225
0.234375
0.237650
0.238325
0.239075
0.239900
0.240950
0.244350
0.245050
0.253200
0.254125
0.256825
0.257600
0.258600
0.267700
0.276225
0.276425
0.284725
0.285750
0.286775
0.298200
0.304700
0.309375
0.336700
0.338375
0.342025
0.352325
0.355450
0.356850
0.360750
0.362750
0.369700
0.369850
0.376200
0.382025
0.385300
0.385475
0.389500
0.389775
0.403025
0.409050
0.415825
0.418625
0.424150
0.432100
0.432450
0.437975
0.443825
0.450925
0.451925
0.454750
0.455875
0.466750
0.466775
0.472900
0.474400
0.485425
0.486875
0.488725
0.489375
0.496250
0.498250
0.503775
0.504975
0.511700
0.512325
0.517225
0.521375
0.529250
0.531600
0.534875
0.548725
0.552975
0.554275
0.554750
0.555275
0.567975
0.569425
0.588350
0.605575
0.615250
0.617825
0.620875
0.623325
0.624750
0.626550
0.633400
0.634675
0.640375
0.644450
0.647775
0.654100
0.658200
0.658250
0.668275
0.671450
0.674250
0.682475
0.689100
0.698375
0.699125
0.700225
0.707050
0.709875
0.714400
0.715300
0.723025
0.723325
0.724850
0.729750
0.734150
0.737200
0.742775
0.742825
0.745400
0.765450
0.780625
0.782525
0.789850
0.801775
0.802525
0.807675
0.819425
0.820850
0.828800
0.833800
0.843400
0.843925
0.859550
0.859675
0.862600
0.873625
0.874850
0.880875
0.884675
0.892700
0.903375
0.911125
0.918100
0.918400
0.918725
0.918900
0.922175
0.924100
0.928150
0.930675
0.939100
0.942175
0.946525
0.949200
0.978175
0.990800
1.009525
1.013275
1.016025
1.018025
1.020550
1.040325
1.074350
1.076525
1.090675
1.098325
1.111975
1.119375
1.158900
1.164850
1.167150
1.184400
1.187725
1.196100
1.205525
1.226725
1.235500
1.307850
1.313825
1.314425
1.318575
1.332500
1.360150
1.385750
1.425050
1.481975
1.495300
1.495750
1.518125
1.528800
1.529850
1.704975
1.713000
1.723375
1.762175
1.884600
1.908075
2.117600
248
