0.000425
0.005575
0.007950
0.008175
0.009950
0.014000
0.020550
0.022925
0.037800
0.037975
0.040500
0.040550
0.042900
0.044025
0.044975
0.046525
0.047950
0.049725
0.050700
0.053425
0.056275
0.060375
0.062500
0.063675
0.065250
0.066125
0.072450
0.075200
0.077550
0.091475
0.119325
0.121575
0.127525
0.128900
0.132675
0.140175
0.145175
0.150400
0.153925
0.155075
0.157825
0.162975
0.163950
0.171575
0.172225
0.176725
0.177300
0.179450
0.195750
0.208175
0.209950
0.220675
0.225225
0.236350
0.237150
0.239400
0.241950
0.252400
0.252625
0.253350
0.259075
0.262475
0.272575
0.273750
0.273850
0.277875
0.285150
0.286850
0.291325
0.306000
0.306000
0.311050
0.339550
0.347275
0.347625
0.351275
0.352775
0.356525
0.359275
0.366450
0.367250
0.370300
0.372475
0.373725
0.377425
0.382925
0.389375
0.390850
0.395900
0.396625
0.397625
0.399275
0.407400
0.413250
0.420150
0.423800
0.424900
0.433225
0.439075
0.446700
0.450475
0.452475
0.455350
0.457800
0.465425
0.467025
0.471750
0.472350
0.472875
0.475975
0.476325
0.477475
0.481675
0.483925
0.487125
0.500350
0.513650
0.520675
0.527975
0.528425
0.530625
0.536275
0.541400
0.552675
0.555850
0.558600
0.564725
0.575625
0.583450
0.584575
0.584800
0.590650
0.593275
0.598375
0.599025
0.601050
0.624200
0.625775
0.633900
0.634975
0.637950
0.642950
0.644225
0.644725
0.646350
0.653625
0.655000
0.659625
0.663100
0.666825
0.676525
0.691100
0.692075
0.695200
0.695900
0.696075
0.696650
0.701000
0.704100
0.704550
0.707175
0.709750
0.716950
0.718025
0.720600
0.721350
0.725475
0.727775
0.730650
0.740025
0.744650
0.754425
0.759725
0.763825
0.775100
0.775125
0.775750
0.779925
0.781500
0.782250
0.783375
0.795525
0.802000
0.813300
0.813400
0.831625
0.834900
0.834925
0.851800
0.853875
0.860375
0.863925
0.880850
0.881350
0.885275
0.893150
0.893300
0.893825
0.907025
0.907375
0.934400
0.942550
0.960300
0.961300
0.961450
0.961475
0.969900
0.980500
0.985900
0.990250
1.011475
1.017650
1.026725
1.034125
1.034500
1.040125
1.040775
1.047200
1.060900
1.071175
1.082875
1.094875
1.101600
1.102225
1.133275
1.144625
1.145975
1.149125
1.151175
1.161850
1.178425
1.184775
1.192475
1.193350
1.195500
1.200675
1.208800
1.237850
1.271050
1.344450
1.372000
1.391550
1.407750
1.436200
1.455650
1.468625
1.473525
1.500250
1.506200
1.513025
1.536350
1.540775
1.542025
1.607325
1.617925
1.658625
1.667725
1.733125
1.831850
1.838625
1.844525
1.895600
2.043400
2.477550
264
