0.005225
0.005875
0.016925
0.018925
0.019700
0.020925
0.024000
0.026775
0.026950
0.027100
0.027150
0.030425
0.030500
0.037800
0.039325
0.044475
0.060475
0.063825
0.064100
0.065275
0.070125
0.074500
0.075875
0.082475
0.083750
0.095200
0.100400
0.112425
0.117150
0.133175
0.135275
0.145750
0.151425
0.152900
0.154550
0.157875
0.158450
0.172475
0.173650
0.176600
0.180725
0.193325
0.197750
0.200450
0.204775
0.212150
0.215375
0.218475
0.219825
0.224600
0.226475
0.226650
0.233000
0.239200
0.241875
0.254400
0.257975
0.259975
0.260925
0.268450
0.269500
0.271550
0.273450
0.274225
0.276250
0.277800
0.279625
0.288300
0.292050
0.293375
0.299150
0.311275
0.313375
0.315950
0.326625
0.331850
0.333825
0.341875
0.343350
0.343400
0.352175
0.352675
0.359675
0.367700
0.369275
0.376225
0.378950
0.382850
0.386250
0.390600
0.392125
0.404350
0.414375
0.424100
0.424275
0.426925
0.429400
0.431025
0.435050
0.436975
0.439150
0.445825
0.448700
0.465450
0.472750
0.481250
0.485600
0.486300
0.508675
0.519675
0.523750
0.526100
0.537650
0.538000
0.539850
0.551150
0.553650
0.555675
0.558625
0.571500
0.572025
0.577775
0.580175
0.599200
0.599475
0.599500
0.605725
0.609450
0.612325
0.618125
0.618925
0.619825
0.623200
0.626275
0.630875
0.635875
0.636250
0.646175
0.648225
0.649400
0.651425
0.654725
0.657300
0.657850
0.658550
0.670150
0.675050
0.679150
0.681325
0.684500
0.707875
0.709825
0.718375
0.719850
0.721175
0.728350
0.731550
0.733225
0.742350
0.749875
0.754800
0.767275
0.768925
0.769450
0.769700
0.774375
0.782300
0.788225
0.790000
0.792575
0.793225
0.806825
0.812925
0.816150
0.817100
0.817225
0.819425
0.826575
0.829150
0.842750
0.845000
0.849725
0.855625
0.859800
0.865000
0.867050
0.871000
0.875525
0.882725
0.882950
0.898250
0.900550
0.903225
0.904225
0.968000
0.968500
0.969450
0.994950
1.017750
1.020975
1.067350
1.074725
1.095325
1.101925
1.107775
1.166175
1.166675
1.176800
1.185925
1.204075
1.218975
1.276175
1.343350
1.360025
1.366700
1.411475
1.469775
1.470650
1.495250
1.500100
1.529250
1.578475
1.596475
1.940325
2.008075
2.016050
2.089925
2.202150
2.482575
229
