0.002475
0.005475
0.006400
0.017225
0.017975
0.025725
0.026925
0.033200
0.039925
0.043850
0.052050
0.058150
0.058800
0.071675
0.073300
0.073450
0.074950
0.075200
0.075625
0.083350
0.085825
0.088425
0.091725
0.091900
0.093075
0.095250
0.098725
0.104100
0.110125
0.115350
0.116725
0.126100
0.128350
0.132875
0.139625
0.149825
0.150650
0.153375
0.166000
0.166375
0.170150
0.173050
0.175975
0.201550
0.201875
0.203175
0.206075
0.213450
0.220350
0.221675
0.236375
0.242150
0.242425
0.245000
0.249350
0.259175
0.266975
0.268025
0.276900
0.277925
0.308250
0.308825
0.311050
0.319550
0.324875
0.325100
0.327725
0.330700
0.340500
0.347325
0.352950
0.353325
0.354425
0.355125
0.357025
0.360250
0.365300
0.366525
0.367625
0.367750
0.368425
0.383175
0.385100
0.387200
0.389275
0.401400
0.411750
0.413300
0.422125
0.428625
0.429825
0.440550
0.443400
0.447750
0.452925
0.454850
0.461350
0.461875
0.463425
0.473875
0.480300
0.492250
0.493500
0.497125
0.499625
0.501750
0.501825
0.509050
0.514075
0.517500
0.520075
0.534275
0.535400
0.541250
0.543900
0.544950
0.550325
0.550675
0.555275
0.565350
0.573825
0.577775
0.577975
0.581875
0.587575
0.588800
0.593650
0.593850
0.601775
0.603775
0.617900
0.618900
0.619450
0.620575
0.626850
0.629125
0.635275
0.638600
0.639300
0.639625
0.643325
0.643625
0.646375
0.647075
0.650350
0.652100
0.660025
0.660350
0.671550
0.675775
0.676325
0.678200
0.683625
0.684850
0.702225
0.703575
0.709600
0.731800
0.734325
0.740400
0.744050
0.747425
0.753550
0.759150
0.766450
0.789450
0.800925
0.805000
0.808200
0.828675
0.865025
0.865800
0.880525
0.885100
0.893850
0.900550
0.909800
0.910025
0.914650
0.915475
0.923850
0.930825
0.932425
0.933050
0.939850
0.942700
0.943625
0.950250
0.950475
0.955200
0.957150
0.961075
0.968600
0.977275
0.984000
0.998750
1.009850
1.028250
1.029400
1.030500
1.044525
1.077525
1.080700
1.123625
1.125825
1.140850
1.152400
1.173700
1.174975
1.231750
1.232950
1.270750
1.276375
1.287625
1.296275
1.334475
1.358225
1.381250
1.383600
1.404825
1.408700
1.426050
1.432700
1.447575
1.455550
1.455825
1.458675
1.478000
1.498100
1.557750
1.585650
1.596950
1.632775
1.648475
1.653125
1.690150
1.723675
1.765200
1.957025
1.991350
2.214925
2.394600
242
