0.000500
0.002275
0.002875
0.011475
0.018100
0.023500
0.026200
0.031450
0.035250
0.047700
0.050275
0.059325
0.059825
0.061125
0.066200
0.078825
0.082100
0.091900
0.094000
0.095150
0.095250
0.097475
0.100750
0.100950
0.108925
0.109125
0.116300
0.119550
0.120850
0.134775
0.135650
0.137825
0.138975
0.141100
0.146200
0.150300
0.150375
0.160450
0.163950
0.165675
0.165825
0.166700
0.198000
0.199075
0.220975
0.223725
0.224325
0.225425
0.232875
0.234550
0.247500
0.250150
0.254275
0.264300
0.280325
0.286100
0.289750
0.290625
0.290950
0.294725
0.298400
0.304300
0.310750
0.311500
0.319125
0.319550
0.320900
0.321925
0.326275
0.327650
0.331050
0.335650
0.346675
0.356225
0.356400
0.362625
0.365150
0.366800
0.368850
0.369300
0.372125
0.378200
0.382050
0.385400
0.395675
0.399900
0.408775
0.410675
0.410950
0.413200
0.416950
0.424200
0.425425
0.433700
0.436275
0.436375
0.439575
0.447550
0.448825
0.449425
0.450775
0.453500
0.465275
0.470700
0.473100
0.475800
0.478400
0.490475
0.497650
0.499325
0.502725
0.503450
0.520075
0.540700
0.542700
0.545575
0.550250
0.553775
0.555825
0.572675
0.581075
0.581650
0.582775
0.582900
0.592050
0.592675
0.596350
0.600650
0.607425
0.609075
0.609650
0.614875
0.617125
0.619400
0.622975
0.626475
0.633250
0.652650
0.669700
0.671300
0.678900
0.684000
0.699675
0.701275
0.704725
0.705425
0.708525
0.714325
0.735275
0.736525
0.741225
0.743325
0.744825
0.746200
0.749525
0.754000
0.768900
0.775950
0.776025
0.790275
0.792800
0.795325
0.803800
0.806450
0.810350
0.826525
0.831650
0.845475
0.863125
0.880125
0.891675
0.907250
0.914150
0.919975
0.923975
0.934325
0.939000
0.941025
0.943075
0.945300
0.945700
0.945900
0.948550
0.948650
0.974300
0.980075
0.989975
0.991125
1.003300
1.028525
1.031525
1.038450
1.047150
1.056475
1.057225
1.060625
1.111950
1.114050
1.119725
1.125900
1.150725
1.173725
1.198250
1.204625
1.207750
1.209125
1.231925
1.233325
1.234300
1.236900
1.248175
1.263125
1.322750
1.324125
1.339700
1.347625
1.354250
1.382575
1.422100
1.434650
1.443750
1.455700
1.485525
1.496800
1.584375
1.623800
1.629975
1.714100
1.722325
1.778000
1.821500
1.863325
232
