0.005100
0.011600
0.013300
0.015525
0.018725
0.021575
0.023025
0.027150
0.031425
0.038475
0.041650
0.043025
0.053125
0.053150
0.055425
0.055850
0.063975
0.068675
0.068700
0.071475
0.075175
0.087650
0.089750
0.091625
0.093075
0.099800
0.110425
0.112150
0.112375
0.118525
0.119075
0.121200
0.122975
0.134300
0.135075
0.135325
0.138600
0.154450
0.154525
0.157075
0.163100
0.168050
0.184900
0.186125
0.186425
0.203000
0.209950
0.216975
0.228775
0.238825
0.239600
0.242750
0.250025
0.250025
0.260575
0.263000
0.265575
0.265950
0.266725
0.272125
0.274250
0.280125
0.283050
0.283650
0.288175
0.289225
0.293975
0.295125
0.309250
0.311250
0.311625
0.318800
0.322400
0.326225
0.326850
0.327950
0.329350
0.331250
0.332425
0.336575
0.339150
0.342725
0.344600
0.345125
0.346575
0.346825
0.347075
0.349425
0.350850
0.351575
0.356925
0.358950
0.358975
0.359550
0.364350
0.366700
0.367850
0.367925
0.375475
0.386325
0.393950
0.394025
0.401100
0.402875
0.403975
0.418750
0.423050
0.423125
0.428975
0.433600
0.441050
0.441775
0.443425
0.443650
0.448800
0.450900
0.452350
0.453550
0.455750
0.458025
0.460600
0.471450
0.483275
0.485150
0.486200
0.491925
0.492200
0.493475
0.494750
0.499600
0.499975
0.505100
0.505100
0.512925
0.517550
0.521550
0.528275
0.531575
0.537925
0.542850
0.545175
0.545450
0.551375
0.551475
0.567700
0.575400
0.598275
0.609950
0.624675
0.626300
0.626525
0.627000
0.627350
0.627700
0.641650
0.643825
0.645225
0.648825
0.649150
0.649750
0.654125
0.656975
0.674100
0.676400
0.681850
0.686050
0.688200
0.688400
0.693250
0.697125
0.709700
0.710625
0.713300
0.714000
0.715475
0.719600
0.720550
0.722925
0.728675
0.731925
0.734125
0.750625
0.753700
0.758000
0.764775
0.765050
0.768800
0.774275
0.780150
0.782625
0.799700
0.815050
0.815375
0.830375
0.835075
0.866950
0.868050
0.869525
0.877575
0.878325
0.883925
0.907375
0.917400
0.920000
0.926300
0.928475
0.933650
0.934150
0.936250
0.939700
0.946475
0.950350
0.952850
0.958550
0.958875
0.960925
0.963025
0.970900
0.970975
0.977275
0.984375
0.994575
0.997000
0.997850
1.011725
1.016925
1.019250
1.020425
1.020975
1.028700
1.050800
1.053650
1.054800
1.071125
1.072250
1.079625
1.085100
1.104875
1.134375
1.136250
1.138550
1.144700
1.151625
1.152300
1.180425
1.194475
1.199575
1.206650
1.212375
1.265200
1.280775
1.283775
1.290725
1.302675
1.328750
1.362800
1.371000
1.371125
1.408350
1.444875
1.473950
1.517550
1.519700
1.525550
1.528175
1.536750
1.567025
1.601400
1.706650
1.823800
2.095450
2.177075
2.339325
273
