0.019425
0.020350
0.032500
0.041525
0.056200
0.056325
0.059075
0.060450
0.066725
0.067200
0.068250
0.079425
0.086225
0.089700
0.091975
0.092375
0.092850
0.099925
0.101100
0.104825
0.121475
0.124400
0.132175
0.141625
0.145950
0.151000
0.161650
0.162075
0.171775
0.173400
0.173575
0.177475
0.182725
0.186350
0.195750
0.197450
0.209075
0.222075
0.224125
0.227900
0.239475
0.244800
0.249975
0.253225
0.254375
0.255100
0.255275
0.259025
0.273800
0.275650
0.276000
0.278500
0.280075
0.283775
0.292600
0.296225
0.298250
0.315575
0.317050
0.318350
0.318400
0.324350
0.327350
0.328600
0.328650
0.331750
0.340425
0.349025
0.350100
0.361450
0.361800
0.361900
0.363150
0.370725
0.373150
0.403175
0.406325
0.411700
0.419325
0.421650
0.422600
0.423075
0.423225
0.430625
0.440075
0.444775
0.447400
0.448725
0.467500
0.488625
0.496975
0.498625
0.499125
0.506200
0.506750
0.519000
0.522075
0.532075
0.534650
0.540325
0.541450
0.541950
0.543700
0.553450
0.565850
0.569700
0.573850
0.584675
0.585175
0.585700
0.586425
0.591200
0.593125
0.598550
0.598575
0.611450
0.612650
0.616500
0.619675
0.620900
0.620900
0.627525
0.633725
0.645525
0.645775
0.647100
0.650775
0.650825
0.654150
0.658325
0.663775
0.676525
0.679425
0.687575
0.687875
0.688450
0.695225
0.711325
0.726275
0.734750
0.747675
0.752225
0.755850
0.758425
0.762375
0.764700
0.767800
0.768400
0.773525
0.776700
0.779300
0.781450
0.781450
0.783700
0.790875
0.793900
0.795400
0.795850
0.800575
0.808625
0.809875
0.821475
0.825450
0.826175
0.827275
0.840875
0.845000
0.849975
0.858700
0.867575
0.870700
0.888400
0.888400
0.902550
0.911575
0.924275
0.931125
0.947925
0.949175
0.958825
0.963675
0.963875
0.974925
0.990375
1.001175
1.028075
1.034175
1.037525
1.037750
1.039900
1.046750
1.049100
1.062825
1.071750
1.077050
1.084550
1.090075
1.103750
1.115525
1.132625
1.133000
1.137575
1.145000
1.148100
1.206925
1.210700
1.219625
1.235350
1.242000
1.250050
1.253900
1.256750
1.257325
1.257500
1.263000
1.277900
1.283500
1.319225
1.339250
1.388350
1.519175
1.612250
1.614750
1.670825
1.709675
1.795150
1.814250
1.957450
1.975400
2.165275
2.245050
2.248950
2.468575
233
