0.011450
0.017375
0.019400
0.019425
0.022975
0.027400
0.047400
0.051975
0.053175
0.054975
0.062050
0.062600
0.072900
0.079625
0.086600
0.087100
0.094625
0.095625
0.099075
0.104150
0.104950
0.108550
0.113000
0.119750
0.119875
0.125425
0.129925
0.137225
0.146775
0.158100
0.158175
0.167325
0.173750
0.180800
0.183150
0.183325
0.196800
0.205675
0.218375
0.219275
0.220975
0.227325
0.230900
0.231600
0.231775
0.239275
0.243050
0.253250
0.256700
0.256800
0.258900
0.259800
0.261675
0.266000
0.268275
0.270150
0.276975
0.281175
0.285425
0.287375
0.296825
0.304725
0.311200
0.312275
0.314700
0.315925
0.318875
0.320075
0.330450
0.340550
0.354450
0.354975
0.359450
0.360775
0.361500
0.373650
0.379650
0.384175
0.396300
0.397475
0.398725
0.399400
0.400025
0.402275
0.404475
0.437100
0.439025
0.444575
0.448500
0.450650
0.461850
0.467600
0.467900
0.469825
0.479075
0.484275
0.485650
0.490900
0.498000
0.499900
0.502125
0.502700
0.504250
0.506425
0.507325
0.519625
0.524275
0.526375
0.527425
0.529500
0.537725
0.540025
0.551625
0.561850
0.562675
0.572950
0.575975
0.577025
0.578075
0.580000
0.581850
0.582450
0.588450
0.592425
0.596275
0.599725
0.606475
0.609325
0.610400
0.621675
0.623225
0.624400
0.628075
0.634225
0.647950
0.648950
0.652500
0.654050
0.655050
0.658025
0.667950
0.673475
0.676825
0.680175
0.685600
0.689575
0.695475
0.703900
0.709500
0.710975
0.711550
0.712350
0.714875
0.715050
0.719525
0.722550
0.729350
0.737375
0.737675
0.742225
0.742250
0.751225
0.751900
0.755200
0.762625
0.763725
0.771200
0.787250
0.788400
0.805475
0.806450
0.807100
0.817300
0.826025
0.830600
0.835425
0.836750
0.837825
0.846100
0.856850
0.860875
0.863425
0.872800
0.873625
0.875850
0.881925
0.888025
0.893050
0.898825
0.919525
0.922000
0.932300
0.954950
1.000275
1.006300
1.019750
1.028450
1.039175
1.042325
1.050225
1.055700
1.069725
1.069875
1.075075
1.075700
1.079225
1.098650
1.098825
1.099950
1.142975
1.152900
1.153200
1.158800
1.175475
1.185750
1.189275
1.224325
1.224900
1.230400
1.230725
1.251525
1.271150
1.271750
1.287575
1.301700
1.335550
1.338450
1.344825
1.357600
1.359175
1.365075
1.371475
1.414600
1.465675
1.548475
1.564500
1.589525
1.595825
1.600025
1.654775
1.739775
2.393450
2.429175
243
