0.001575
0.002925
0.004200
0.005625
0.012525
0.017925
0.018750
0.020025
0.022850
0.031875
0.033650
0.041300
0.045775
0.062050
0.065525
0.071600
0.077775
0.079975
0.081450
0.089600
0.093975
0.100725
0.109625
0.118400
0.120500
0.121575
0.122425
0.122900
0.131150
0.132725
0.134375
0.137375
0.143625
0.144975
0.147000
0.149375
0.152225
0.161925
0.166800
0.169325
0.172825
0.176250
0.181575
0.186300
0.186550
0.189575
0.196525
0.211375
0.216750
0.216800
0.219600
0.230525
0.232725
0.234975
0.260250
0.265825
0.275225
0.286250
0.292300
0.300900
0.305050
0.308425
0.309075
0.313200
0.314150
0.315925
0.322725
0.322925
0.324225
0.324375
0.324400
0.330375
0.340675
0.351525
0.352100
0.353950
0.355950
0.356475
0.357675
0.359350
0.362375
0.371050
0.372750
0.377300
0.380625
0.380850
0.381650
0.381975
0.388850
0.391475
0.401400
0.411425
0.415650
0.421675
0.428700
0.430300
0.432400
0.433475
0.437775
0.440575
0.440675
0.444500
0.445150
0.446900
0.449775
0.450650
0.471200
0.474425
0.476050
0.479225
0.480600
0.491525
0.493950
0.500050
0.509400
0.510750
0.515050
0.516950
0.527925
0.528350
0.529225
0.530275
0.535400
0.536800
0.539700
0.543725
0.544950
0.555300
0.568425
0.569800
0.572700
0.584425
0.585350
0.587525
0.590700
0.596925
0.598775
0.601425
0.602800
0.604975
0.608200
0.618875
0.618925
0.624600
0.627600
0.633275
0.634775
0.639275
0.642725
0.649050
0.651325
0.654800
0.657250
0.659425
0.675225
0.675875
0.684650
0.686125
0.690575
0.691950
0.699450
0.717550
0.719225
0.724175
0.730450
0.742700
0.746950
0.752625
0.753725
0.758700
0.764500
0.770900
0.772175
0.772675
0.774350
0.785925
0.801900
0.803175
0.809025
0.809600
0.820425
0.824350
0.826900
0.844525
0.859000
0.867825
0.871825
0.878075
0.878125
0.879500
0.894225
0.895150
0.903375
0.910875
0.911650
0.919900
0.937900
0.940400
0.947050
0.949150
0.968250
0.969400
0.975850
0.978175
0.981175
0.986275
0.987375
0.997625
1.002475
1.017150
1.017625
1.018550
1.034425
1.064750
1.069225
1.070575
1.074800
1.077050
1.094950
1.103200
1.118275
1.140650
1.154100
1.165425
1.182475
1.183175
1.205275
1.277850
1.292175
1.329250
1.392025
1.394275
1.402300
1.509575
1.512400
1.519800
1.524375
1.528825
1.533925
1.561350
1.609000
1.697025
1.755250
1.804050
1.870175
1.959850
2.032100
2.058775
2.118400
2.162375
2.245975
2.383650
2.425275
253
