0.005425
0.005700
0.017500
0.021025
0.024050
0.025250
0.026825
0.029175
0.035775
0.037200
0.042000
0.043625
0.053025
0.059275
0.078900
0.083775
0.083925
0.096700
0.105075
0.108650
0.113225
0.120775
0.120775
0.123525
0.127475
0.127850
0.142875
0.144350
0.154900
0.155025
0.158875
0.159750
0.160900
0.164575
0.165925
0.166800
0.168350
0.168875
0.170050
0.170375
0.180975
0.182875
0.183175
0.187550
0.192575
0.198125
0.202975
0.203475
0.203675
0.206800
0.219950
0.222700
0.226775
0.232850
0.235975
0.240200
0.247875
0.249275
0.251025
0.272450
0.278550
0.288725
0.311800
0.313175
0.321875
0.325225
0.327525
0.329025
0.330650
0.335200
0.336675
0.339875
0.342250
0.352825
0.360300
0.360775
0.361000
0.364250
0.365075
0.366325
0.370900
0.377450
0.378650
0.379650
0.389900
0.392175
0.402325
0.417575
0.423300
0.425125
0.427175
0.436800
0.437400
0.445150
0.447575
0.450600
0.461025
0.463750
0.464775
0.464900
0.465025
0.468500
0.470375
0.473025
0.477875
0.501150
0.501175
0.507825
0.511650
0.526400
0.526925
0.543000
0.551025
0.552375
0.557625
0.562775
0.564750
0.566425
0.568725
0.569375
0.578475
0.579275
0.580175
0.590475
0.603900
0.605375
0.605725
0.613800
0.626550
0.627525
0.630475
0.631950
0.633975
0.634050
0.642275
0.642550
0.644550
0.647600
0.648775
0.653025
0.654825
0.659325
0.663250
0.669350
0.672500
0.674275
0.677050
0.681975
0.684625
0.692875
0.696600
0.698700
0.701000
0.701625
0.709975
0.710650
0.714300
0.723675
0.725700
0.726450
0.729000
0.730825
0.737125
0.740575
0.741325
0.742400
0.745250
0.745975
0.752850
0.753475
0.764350
0.766425
0.779900
0.783900
0.787975
0.802050
0.805650
0.806200
0.806725
0.812075
0.812825
0.813200
0.827050
0.829550
0.844125
0.854350
0.857050
0.860100
0.861600
0.863875
0.873050
0.906075
0.906950
0.910450
0.917550
0.937675
0.939500
0.941575
0.949525
0.951225
0.970725
0.985350
0.993150
1.025400
1.031550
1.036175
1.050400
1.053425
1.059700
1.068425
1.085100
1.091300
1.116700
1.127575
1.136775
1.137650
1.147150
1.179950
1.180650
1.188675
1.189100
1.193600
1.196050
1.201150
1.202100
1.206250
1.224850
1.228425
1.262125
1.286350
1.315975
1.346775
1.362500
1.379600
1.381800
1.450550
1.452000
1.455325
1.479525
1.501825
1.547000
1.547125
1.558200
1.621375
1.631175
1.788550
1.853475
1.964650
2.101375
2.164300
2.370475
251
