0.009900
0.015875
0.023150
0.024400
0.025600
0.026975
0.027775
0.034575
0.035150
0.041275
0.048950
0.051125
0.053625
0.053675
0.057175
0.061200
0.074675
0.074850
0.077800
0.082375
0.083275
0.092300
0.114600
0.131150
0.131875
0.134675
0.141375
0.151725
0.159825
0.164475
0.167325
0.168175
0.177600
0.178175
0.180750
0.181275
0.186350
0.189150
0.194575
0.196900
0.198325
0.208300
0.211425
0.213125
0.217675
0.217975
0.224200
0.229725
0.242650
0.254550
0.255375
0.266525
0.270525
0.272600
0.278525
0.283125
0.290300
0.291050
0.292350
0.300075
0.304525
0.308400
0.317775
0.319025
0.319775
0.327425
0.329050
0.331475
0.358825
0.359600
0.360250
0.365325
0.366750
0.376050
0.378125
0.379325
0.388875
0.389225
0.391525
0.396425
0.397075
0.404575
0.404825
0.405700
0.412750
0.413250
0.415525
0.415775
0.417625
0.424000
0.424725
0.427825
0.447350
0.451200
0.463900
0.466925
0.479750
0.479925
0.480850
0.484875
0.500075
0.501325
0.511525
0.516775
0.520550
0.546650
0.556025
0.558350
0.558400
0.562175
0.564025
0.564700
0.566025
0.566825
0.572675
0.578550
0.582200
0.586150
0.586725
0.607100
0.610075
0.610375
0.613075
0.623325
0.626600
0.629675
0.629800
0.632250
0.635700
0.635850
0.636975
0.639250
0.641175
0.651550
0.652975
0.665600
0.668450
0.679025
0.679700
0.693725
0.706000
0.708300
0.724725
0.733500
0.741350
0.743025
0.752975
0.753825
0.765975
0.769975
0.773625
0.780750
0.784625
0.786150
0.788850
0.827300
0.835925
0.838450
0.841300
0.846800
0.853000
0.865275
0.872875
0.896675
0.897450
0.897575
0.901950
0.905900
0.909050
0.914575
0.923900
0.927075
0.939275
0.973575
0.976375
0.994650
0.994850
0.995575
1.002075
1.008475
1.015825
1.043675
1.044850
1.057200
1.062050
1.105700
1.110650
1.127800
1.132500
1.140050
1.145350
1.148725
1.151650
1.160025
1.167775
1.171850
1.200375
1.201875
1.219150
1.221850
1.223075
1.239375
1.256275
1.256700
1.261200
1.330700
1.349575
1.365925
1.389300
1.394600
1.434350
1.499125
1.505350
1.518825
1.597150
1.600425
1.662675
1.672325
1.682775
1.728425
1.758400
1.777075
1.844650
1.850025
1.858175
2.132475
2.159750
2.247400
2.305850
2.327300
2.353225
231
