0.003250
0.005550
0.007000
0.018550
0.024150
0.025825
0.030000
0.032500
0.036925
0.038425
0.042525
0.044050
0.048125
0.048175
0.051450
0.052700
0.061800
0.061975
0.068050
0.072350
0.072875
0.074725
0.078275
0.080000
0.082200
0.083850
0.086925
0.091050
0.095000
0.108825
0.111750
0.113525
0.123650
0.137425
0.138100
0.141725
0.146025
0.149825
0.150400
0.158400
0.160100
0.161850
0.177500
0.179300
0.189225
0.194300
0.194900
0.196250
0.199350
0.201625
0.205075
0.208925
0.223800
0.229025
0.231500
0.235875
0.238475
0.240350
0.251975
0.257625
0.263875
0.264725
0.270600
0.272350
0.279600
0.287775
0.291375
0.294875
0.297275
0.300550
0.301775
0.304400
0.309775
0.316250
0.316825
0.318275
0.320775
0.321975
0.338475
0.339300
0.344050
0.346225
0.356700
0.359450
0.366800
0.368050
0.374500
0.375875
0.377375
0.377800
0.378325
0.383600
0.383900
0.384425
0.384675
0.385875
0.386050
0.387025
0.395450
0.401625
0.408150
0.409875
0.412900
0.421550
0.426075
0.427700
0.429475
0.442175
0.447675
0.450225
0.451850
0.455000
0.472125
0.473000
0.474250
0.477425
0.490900
0.494900
0.496225
0.501425
0.502025
0.507775
0.515075
0.527675
0.530200
0.533700
0.540100
0.544200
0.545075
0.552075
0.555375
0.555525
0.558225
0.567725
0.571000
0.574675
0.574775
0.582325
0.596025
0.604725
0.605875
0.609950
0.610000
0.617225
0.618275
0.619300
0.619925
0.620600
0.626950
0.630725
0.631925
0.632100
0.634275
0.634875
0.640950
0.647625
0.654325
0.660200
0.667175
0.677050
0.677650
0.679875
0.692400
0.693775
0.694125
0.694175
0.696525
0.698100
0.698775
0.699625
0.699825
0.704825
0.706275
0.714450
0.721175
0.728700
0.746000
0.747500
0.760500
0.761800
0.762850
0.775725
0.781300
0.782775
0.785125
0.795075
0.795200
0.799775
0.806225
0.809150
0.809550
0.812175
0.818400
0.822100
0.826425
0.826875
0.834025
0.834025
0.835325
0.841400
0.852550
0.863000
0.879875
0.885525
0.889600
0.895450
0.895775
0.897625
0.897700
0.903625
0.913625
0.924525
0.930600
0.931400
0.942650
0.956425
0.957600
0.960725
0.967825
0.973725
0.980725
0.990200
1.000525
1.001250
1.004525
1.013675
1.030525
1.032725
1.035075
1.039575
1.043850
1.062075
1.066275
1.077050
1.080750
1.138325
1.152675
1.160125
1.168025
1.171550
1.213775
1.221150
1.221700
1.240050
1.241675
1.276425
1.284700
1.298850
1.328700
1.364650
1.383775
1.410175
1.425775
1.486400
1.525575
1.556100
1.591900
1.704175
1.769175
1.790275
1.811650
1.886700
1.930775
1.960575
2.129450
2.137675
2.423075
267
