0.002425
0.003150
0.008500
0.016675
0.018075
0.020525
0.023075
0.031900
0.037850
0.041425
0.043150
0.051275
0.055500
0.065100
0.065950
0.069025
0.077175
0.078900
0.081050
0.085650
0.087125
0.089950
0.094025
0.097300
0.097950
0.103400
0.103725
0.106175
0.107825
0.109275
0.110575
0.112625
0.112750
0.113850
0.163575
0.170250
0.174425
0.177675
0.180300
0.180700
0.181150
0.188150
0.193600
0.196425
0.197150
0.211950
0.223350
0.234300
0.241450
0.244950
0.247575
0.249950
0.252125
0.252225
0.259375
0.262375
0.268050
0.269225
0.270350
0.273200
0.273975
0.275825
0.276650
0.277225
0.280525
0.282600
0.282600
0.298400
0.299475
0.304175
0.310525
0.317750
0.319900
0.330050
0.339750
0.340000
0.341175
0.344600
0.345125
0.352075
0.354175
0.357825
0.358825
0.359175
0.368650
0.370200
0.372350
0.388575
0.398525
0.405525
0.420875
0.421050
0.421050
0.429325
0.430025
0.434400
0.435025
0.436225
0.442825
0.444050
0.444650
0.444700
0.448775
0.451850
0.452700
0.454100
0.455775
0.456300
0.462225
0.463200
0.467075
0.470125
0.470825
0.474400
0.474750
0.477225
0.481825
0.487300
0.489800
0.495500
0.495600
0.496975
0.498975
0.504050
0.505250
0.509050
0.510550
0.511775
0.515800
0.518350
0.518575
0.521275
0.521475
0.521700
0.538375
0.547425
0.549775
0.553125
0.558650
0.565000
0.568650
0.568850
0.573500
0.574725
0.580975
0.584625
0.585350
0.585825
0.591500
0.591875
0.592200
0.600150
0.608675
0.610300
0.612175
0.622325
0.629225
0.632675
0.633175
0.641450
0.642750
0.650225
0.651500
0.651575
0.651750
0.652025
0.653575
0.661450
0.661750
0.662825
0.662925
0.665425
0.668925
0.673050
0.673925
0.677900
0.683450
0.692150
0.694100
0.695575
0.700125
0.704475
0.707525
0.722850
0.732575
0.738375
0.738400
0.740675
0.741675
0.744100
0.747400
0.755850
0.757000
0.761700
0.764525
0.771575
0.790450
0.796475
0.798650
0.803100
0.804125
0.815475
0.821350
0.837700
0.843700
0.844575
0.846225
0.847000
0.852875
0.856725
0.864050
0.866150
0.873800
0.882625
0.891375
0.896500
0.914350
0.915225
0.927150
0.939375
0.951500
0.965300
0.971775
0.977425
0.980325
0.982475
0.996050
1.014975
1.028325
1.036400
1.040550
1.048750
1.048775
1.051875
1.066125
1.086100
1.114150
1.126200
1.148250
1.149425
1.198250
1.226025
1.247250
1.255050
1.282175
1.294425
1.314850
1.358325
1.375000
1.395425
1.405275
1.420775
1.462025
1.490275
1.514350
1.528650
1.541075
1.576325
1.616150
1.640600
1.648775
1.702050
1.847025
1.928650
1.969925
2.228275
2.318750
267
