0.003500
0.006500
0.011650
0.014150
0.016400
0.019000
0.020100
0.033825
0.040750
0.051525
0.055925
0.061975
0.062125
0.062300
0.063125
0.070700
0.080625
0.081675
0.091100
0.097525
0.097825
0.110575
0.117750
0.117825
0.127700
0.128025
0.133850
0.134725
0.145825
0.148200
0.150450
0.153000
0.166900
0.174200
0.178025
0.179175
0.186725
0.189925
0.191500
0.203100
0.203150
0.206975
0.210025
0.215925
0.216800
0.218950
0.221725
0.229700
0.232775
0.247950
0.261425
0.263100
0.263375
0.269525
0.281175
0.291925
0.300400
0.301750
0.303000
0.307850
0.311150
0.313775
0.318100
0.319550
0.320550
0.325275
0.335975
0.343275
0.344450
0.350025
0.357450
0.369550
0.373150
0.388275
0.391525
0.392875
0.402550
0.404800
0.417475
0.422250
0.428875
0.434325
0.434625
0.434725
0.444650
0.446200
0.451275
0.451575
0.454525
0.455250
0.473075
0.474350
0.477125
0.477650
0.479875
0.480275
0.500000
0.503600
0.508950
0.515100
0.517675
0.521875
0.524750
0.524950
0.528075
0.528750
0.534950
0.542725
0.545200
0.549600
0.551450
0.551875
0.552225
0.562350
0.568050
0.589375
0.594625
0.605925
0.610150
0.614425
0.619700
0.622800
0.627350
0.633025
0.634800
0.637500
0.672375
0.676350
0.679400
0.680650
0.686100
0.686900
0.687300
0.688775
0.693450
0.697600
0.704050
0.706725
0.711925
0.713200
0.720450
0.723750
0.724975
0.728600
0.731025
0.734375
0.737375
0.738050
0.738425
0.741275
0.743925
0.745775
0.751575
0.755125
0.763275
0.763400
0.767225
0.767650
0.768275
0.772175
0.774400
0.783200
0.787750
0.790075
0.798400
0.802050
0.804950
0.810075
0.811550
0.817500
0.820650
0.841325
0.853325
0.854425
0.856975
0.862425
0.868825
0.871050
0.874450
0.876075
0.878075
0.879100
0.891000
0.892650
0.897925
0.909925
0.937850
0.938200
0.946850
0.951150
0.963175
0.974800
0.977975
0.980125
0.987550
1.022250
1.047000
1.060275
1.066975
1.083600
1.089550
1.106725
1.123225
1.124675
1.128200
1.147825
1.149125
1.155675
1.167100
1.175025
1.175350
1.179350
1.200200
1.203850
1.210650
1.248350
1.251775
1.288400
1.297925
1.311225
1.368425
1.390700
1.395050
1.409800
1.414925
1.452125
1.458600
1.567000
1.598550
1.704050
1.908250
1.920675
1.921300
1.938925
1.977725
2.080225
2.100425
2.116050
2.191925
2.292275
2.424975
241
