0.008900
0.012400
0.012975
0.022050
0.037500
0.038725
0.043000
0.045875
0.056700
0.062800
0.064075
0.076475
0.082050
0.088750
0.088975
0.110775
0.113800
0.115250
0.131325
0.131975
0.132250
0.141875
0.147575
0.147975
0.149350
0.152175
0.160050
0.160500
0.164100
0.168050
0.187625
0.188425
0.191300
0.202175
0.206250
0.219325
0.229300
0.230550
0.238725
0.239175
0.239325
0.256225
0.258500
0.258800
0.258925
0.260450
0.262300
0.265400
0.266050
0.272725
0.274225
0.276425
0.277675
0.285900
0.291750
0.293050
0.297250
0.302000
0.307975
0.309525
0.315750
0.316825
0.317800
0.318625
0.318675
0.335850
0.341050
0.341175
0.343425
0.347175
0.349075
0.351550
0.362150
0.363075
0.366450
0.370975
0.378775
0.378925
0.382250
0.383575
0.385700
0.389525
0.390725
0.392375
0.393275
0.393500
0.395425
0.408325
0.411475
0.412125
0.419050
0.426100
0.429675
0.431975
0.433300
0.447475
0.451675
0.452375
0.455350
0.457350
0.459375
0.464775
0.480150
0.482300
0.484275
0.487325
0.492525
0.492700
0.494250
0.506025
0.510250
0.520675
0.523275
0.541350
0.541850
0.541950
0.542700
0.553875
0.558000
0.560675
0.561950
0.564000
0.567725
0.581375
0.584625
0.585775
0.593800
0.605225
0.610425
0.622575
0.622950
0.623475
0.626100
0.627300
0.633275
0.644750
0.655425
0.662950
0.672025
0.684625
0.687700
0.688300
0.689475
0.708525
0.713125
0.713675
0.733925
0.735775
0.748650
0.757125
0.758200
0.761775
0.765925
0.767325
0.772525
0.773575
0.775050
0.790975
0.810175
0.810825
0.818675
0.821775
0.822375
0.842800
0.850175
0.850300
0.853350
0.866725
0.878650
0.880250
0.881550
0.894675
0.903650
0.904950
0.906650
0.907375
0.926675
0.927400
0.927775
0.937075
0.943500
0.949400
0.959600
0.963325
0.973300
0.973425
0.975925
0.978000
0.985600
0.991600
0.992775
1.000825
1.016775
1.017200
1.030325
1.042125
1.054850
1.062975
1.066725
1.074800
1.082350
1.098250
1.109200
1.136800
1.154275
1.156875
1.198075
1.206025
1.211650
1.214950
1.225875
1.264150
1.282875
1.293700
1.309850
1.320900
1.327175
1.332350
1.356550
1.392225
1.442050
1.503000
1.641125
1.680350
1.765850
1.856500
1.992975
2.111850
2.154575
2.208900
230
