0.000550
0.010475
0.018675
0.020050
0.034875
0.037875
0.047175
0.062450
0.063600
0.064600
0.073900
0.076750
0.083100
0.085300
0.086700
0.109500
0.111550
0.113975
0.122375
0.125300
0.131325
0.134500
0.141300
0.150375
0.154075
0.159925
0.160150
0.165525
0.175925
0.176250
0.180950
0.189075
0.201175
0.202550
0.205500
0.215125
0.221000
0.221850
0.223425
0.226275
0.234375
0.241125
0.255650
0.258700
0.259425
0.262400
0.266300
0.283575
0.302700
0.310525
0.317200
0.323225
0.334400
0.336500
0.340425
0.341275
0.343250
0.344225
0.348825
0.354125
0.356775
0.359875
0.367675
0.370400
0.377025
0.378550
0.390200
0.393700
0.395250
0.400925
0.414025
0.415725
0.420175
0.428350
0.437875
0.439850
0.441950
0.443725
0.446925
0.447975
0.452700
0.457900
0.458850
0.460300
0.460950
0.462200
0.462675
0.465800
0.472525
0.474000
0.475350
0.476975
0.479775
0.480150
0.482525
0.483525
0.490250
0.495125
0.497050
0.497950
0.497950
0.504375
0.511625
0.513875
0.521475
0.529725
0.532700
0.533300
0.541200
0.547225
0.548000
0.548025
0.550375
0.553600
0.554100
0.557600
0.564750
0.572950
0.574300
0.575675
0.577025
0.585950
0.590375
0.596375
0.601600
0.603425
0.605650
0.609175
0.618525
0.619000
0.619800
0.624925
0.626150
0.627625
0.630525
0.633025
0.641850
0.645025
0.645550
0.649750
0.652025
0.653050
0.662425
0.675650
0.677850
0.682025
0.685450
0.692650
0.695700
0.696175
0.700725
0.714125
0.717425
0.718125
0.720775
0.726200
0.734725
0.759125
0.763150
0.788900
0.792550
0.793925
0.804625
0.809350
0.812725
0.813375
0.821925
0.823400
0.831275
0.834375
0.835900
0.840725
0.852600
0.864375
0.865075
0.869100
0.880550
0.885175
0.886250
0.902450
0.906075
0.918575
0.946900
0.948925
0.961225
0.962200
0.970075
0.972125
0.975125
0.983900
1.004525
1.006050
1.013700
1.024850
1.025725
1.028400
1.030900
1.033350
1.037250
1.055500
1.057700
1.067350
1.092650
1.095575
1.095600
1.099500
1.107025
1.125925
1.132700
1.148275
1.173850
1.176050
1.214875
1.233175
1.247200
1.262400
1.267150
1.309725
1.343350
1.371075
1.403700
1.435550
1.440200
1.490450
1.560100
1.583600
1.645150
1.742825
1.775525
1.790025
1.844775
1.901100
1.988400
2.061925
2.192275
2.426900
236
