0.001250
0.015375
0.031475
0.032375
0.039025
0.047600
0.051350
0.051925
0.059025
0.059750
0.060750
0.070650
0.071400
0.073350
0.080200
0.080425
0.081075
0.091500
0.097750
0.099400
0.099900
0.105175
0.112125
0.120425
0.121700
0.124250
0.128825
0.134175
0.137975
0.139425
0.143125
0.144450
0.152625
0.156400
0.156725
0.167150
0.167775
0.176350
0.181800
0.187775
0.190150
0.190525
0.201050
0.201850
0.209350
0.215250
0.220975
0.223725
0.225775
0.226450
0.227125
0.233650
0.235275
0.238650
0.238675
0.246625
0.247350
0.249675
0.250725
0.260075
0.264075
0.272850
0.281175
0.281950
0.282050
0.283300
0.283925
0.284975
0.286125
0.289225
0.299650
0.308650
0.311000
0.318050
0.326450
0.327525
0.332600
0.340225
0.348850
0.362750
0.375175
0.380125
0.380400
0.386275
0.388775
0.389525
0.390875
0.391375
0.391700
0.391825
0.396725
0.404175
0.422150
0.424375
0.430300
0.434150
0.436125
0.448825
0.459850
0.466625
0.483275
0.484175
0.488725
0.498100
0.508025
0.508725
0.518150
0.521275
0.534425
0.536250
0.537300
0.541050
0.554600
0.560575
0.561125
0.566800
0.576250
0.579575
0.579650
0.583800
0.598475
0.606325
0.618600
0.629900
0.633875
0.636325
0.639450
0.644625
0.651575
0.660725
0.666125
0.671100
0.671150
0.680275
0.690700
0.691750
0.694125
0.694475
0.697750
0.710850
0.712850
0.715575
0.726325
0.732900
0.733875
0.739925
0.741050
0.745275
0.747825
0.748400
0.752300
0.753800
0.754075
0.754400
0.758300
0.761225
0.762025
0.771375
0.780200
0.787575
0.800475
0.820025
0.821625
0.838400
0.846675
0.854800
0.859475
0.861625
0.870475
0.871825
0.875375
0.881250
0.892900
0.911800
0.913500
0.916400
0.924075
0.930300
0.933425
0.941450
0.944400
0.947300
0.968750
0.970825
0.971075
0.983050
1.001275
1.004350
1.009325
1.013075
1.015025
1.019575
1.027300
1.030325
1.039225
1.055825
1.061975
1.096150
1.108325
1.134200
1.142925
1.164450
1.185550
1.201800
1.207975
1.228475
1.230425
1.235925
1.259600
1.272625
1.282175
1.284750
1.289600
1.294725
1.322425
1.335600
1.336625
1.341300
1.387500
1.414375
1.419300
1.433650
1.435550
1.471425
1.484150
1.489250
1.685550
1.769525
1.871650
1.883400
1.889750
1.912300
1.988400
2.093625
234
