0.000175
0.001600
0.007800
0.008950
0.013325
0.020200
0.027450
0.027550
0.028025
0.034500
0.037675
0.038250
0.041275
0.043725
0.054450
0.059725
0.063100
0.075025
0.076025
0.088150
0.099100
0.105575
0.110075
0.111625
0.112050
0.122475
0.131125
0.135350
0.136900
0.136925
0.137700
0.137800
0.143125
0.145100
0.149600
0.160025
0.164350
0.165925
0.167775
0.179900
0.180850
0.189250
0.200175
0.200475
0.204225
0.223200
0.224375
0.225775
0.227750
0.238525
0.241500
0.246800
0.251625
0.258950
0.261100
0.264725
0.275025
0.279275
0.280675
0.282375
0.283475
0.286600
0.311100
0.311300
0.312025
0.317300
0.319025
0.327025
0.331650
0.341825
0.343500
0.344600
0.346675
0.347525
0.347725
0.348425
0.349000
0.352700
0.356050
0.359850
0.362525
0.364500
0.367000
0.379550
0.380800
0.386425
0.391500
0.394350
0.406875
0.406875
0.420125
0.428625
0.431150
0.434900
0.441125
0.451725
0.455300
0.456700
0.457775
0.467550
0.468725
0.472700
0.474000
0.475125
0.477675
0.485850
0.490800
0.493400
0.499600
0.501775
0.503450
0.503500
0.506225
0.521225
0.534725
0.538850
0.543600
0.551250
0.554600
0.557950
0.558000
0.562525
0.564750
0.564850
0.568175
0.571550
0.572775
0.575575
0.585050
0.587625
0.587850
0.607700
0.607775
0.609100
0.613175
0.614250
0.614300
0.623175
0.628825
0.636250
0.668175
0.668525
0.678425
0.680225
0.682950
0.691000
0.692175
0.692975
0.697200
0.700975
0.702650
0.704275
0.705725
0.711600
0.712050
0.740950
0.743175
0.754350
0.764875
0.765525
0.781975
0.787725
0.801500
0.805425
0.834600
0.837200
0.839050
0.843175
0.851850
0.853425
0.859400
0.865725
0.868650
0.869450
0.877275
0.903500
0.923750
0.924875
0.927675
0.927925
0.943000
0.944525
0.962850
0.978025
0.984875
0.987075
0.991625
0.995675
0.995850
0.996175
0.999025
1.012575
1.019125
1.019925
1.047100
1.056550
1.062375
1.073025
1.073625
1.074000
1.090000
1.092700
1.133450
1.157725
1.160850
1.174475
1.202125
1.237450
1.238750
1.255575
1.260500
1.265675
1.268475
1.320125
1.329275
1.342900
1.356425
1.371375
1.392525
1.405425
1.413875
1.422525
1.425250
1.520775
1.595825
1.599800
1.638525
1.838050
1.844175
1.846825
1.984500
2.024600
2.315125
233
