0.003575
0.010225
0.014725
0.025675
0.026200
0.031450
0.035175
0.036650
0.040200
0.041500
0.042425
0.044450
0.046175
0.048675
0.056950
0.068575
0.079000
0.080525
0.080575
0.090625
0.098875
0.109450
0.116175
0.133150
0.134100
0.134625
0.134675
0.141025
0.141450
0.146975
0.150850
0.150950
0.151300
0.151425
0.152600
0.173075
0.178925
0.183725
0.187100
0.189600
0.190725
0.192475
0.194300
0.196350
0.209050
0.216600
0.218850
0.221775
0.222950
0.224625
0.224800
0.225600
0.232550
0.233350
0.235775
0.241925
0.263825
0.285000
0.285175
0.287300
0.288450
0.288675
0.289200
0.299275
0.303700
0.306575
0.309075
0.310100
0.318600
0.324600
0.326525
0.329325
0.337550
0.338600
0.339875
0.343325
0.344400
0.348100
0.348625
0.349175
0.349475
0.356825
0.357050
0.366375
0.369350
0.372875
0.374125
0.376525
0.378525
0.379300
0.389175
0.391000
0.395050
0.396075
0.400900
0.401950
0.410400
0.412750
0.417225
0.418825
0.418925
0.427925
0.429550
0.429825
0.441700
0.454500
0.465250
0.476425
0.478400
0.482100
0.482825
0.484050
0.493475
0.496500
0.510875
0.515525
0.523275
0.523400
0.523750
0.523825
0.536400
0.542600
0.544325
0.556525
0.569025
0.575650
0.578425
0.606950
0.607525
0.618400
0.625825
0.626450
0.633875
0.634800
0.635175
0.643775
0.644550
0.646175
0.650475
0.651425
0.672600
0.680725
0.681625
0.682175
0.688800
0.694975
0.696650
0.699125
0.700350
0.701075
0.707675
0.712100
0.715025
0.720525
0.720725
0.724175
0.730950
0.735175
0.736025
0.744500
0.756475
0.760900
0.762925
0.765300
0.772075
0.776600
0.777875
0.781875
0.783275
0.791125
0.800275
0.803425
0.810325
0.812750
0.822400
0.822850
0.823875
0.826325
0.829125
0.830950
0.833525
0.848600
0.850500
0.851400
0.864850
0.865350
0.865625
0.880975
0.881100
0.885025
0.886425
0.893475
0.897150
0.902025
0.913825
0.940700
0.953625
0.961425
0.963125
0.963400
0.968150
0.974125
0.975800
0.977025
0.981400
0.986475
0.986725
0.991500
0.998050
1.008500
1.015625
1.015875
1.026525
1.036000
1.041700
1.048000
1.084675
1.095000
1.108350
1.117525
1.119925
1.136300
1.141825
1.171475
1.172600
1.180025
1.185250
1.194500
1.222225
1.222650
1.225900
1.247025
1.247675
1.248750
1.288375
1.300475
1.307950
1.308775
1.312950
1.335350
1.340425
1.351025
1.426225
1.430825
1.553150
1.604425
1.623700
1.652325
1.772725
1.838775
1.847000
1.918700
2.046675
2.123500
2.438550
255
