0.000825
0.001550
0.001675
0.006400
0.009300
0.012450
0.013900
0.014600
0.015800
0.016350
0.019050
0.019775
0.020675
0.024025
0.025875
0.032325
0.034250
0.035600
0.035625
0.036375
0.043500
0.047750
0.051275
0.051575
0.052200
0.058250
0.059850
0.060725
0.061350
0.062225
0.064375
0.064425
0.064900
0.067875
0.070650
0.076100
0.086550
0.096125
0.097050
0.098925
0.099425
0.102650
0.104275
0.118250
0.124425
0.125850
0.134175
0.134950
0.137625
0.141250
0.143600
0.145075
0.145825
0.146600
0.150600
0.153575
0.153925
0.157700
0.162175
0.180050
0.180750
0.183150
0.203975
0.210150
0.217525
0.223650
0.228025
0.233425
0.240250
0.240750
0.241200
0.242100
0.245350
0.250650
0.254325
0.259850
0.261650
0.265200
0.271100
0.271300
0.274950
0.279425
0.294900
0.301200
0.302450
0.307425
0.309500
0.311550
0.321425
0.322525
0.325775
0.328950
0.339575
0.340400
0.342525
0.344625
0.349350
0.350900
0.355250
0.368800
0.375400
0.376600
0.383200
0.383300
0.387075
0.392075
0.402250
0.403400
0.404175
0.405300
0.407575
0.410800
0.412300
0.415475
0.423025
0.423375
0.425800
0.439675
0.440500
0.442800
0.444200
0.448750
0.453050
0.459500
0.460950
0.462350
0.462450
0.463900
0.472800
0.477375
0.485325
0.490275
0.490600
0.493825
0.500850
0.503175
0.508825
0.513200
0.513425
0.524400
0.525100
0.525525
0.527800
0.528825
0.528850
0.536575
0.546825
0.549050
0.552850
0.553025
0.555475
0.561250
0.570325
0.578450
0.587050
0.589925
0.591150
0.593325
0.599050
0.599600
0.599650
0.604000
0.615225
0.618600
0.619100
0.623300
0.626400
0.630350
0.632475
0.633725
0.643750
0.651250
0.651650
0.653425
0.667250
0.667575
0.672375
0.676125
0.685200
0.686525
0.689525
0.691200
0.697600
0.697875
0.698875
0.701875
0.707750
0.723200
0.724000
0.726075
0.726400
0.735950
0.737200
0.737650
0.737775
0.756900
0.776675
0.776950
0.779750
0.783225
0.786525
0.789275
0.803675
0.809275
0.810600
0.814225
0.815825
0.822050
0.824825
0.826825
0.827200
0.830250
0.832750
0.834350
0.834400
0.838650
0.839300
0.841725
0.841900
0.842775
0.852625
0.855650
0.870325
0.873425
0.878525
0.879850
0.880325
0.894625
0.896125
0.896875
0.905250
0.910650
0.935700
0.951000
0.957750
0.959875
0.978525
0.978775
0.982400
0.988300
0.992400
0.992900
1.000225
1.003350
1.007150
1.022450
1.024225
1.036875
1.043725
1.045675
1.054425
1.059175
1.060075
1.060250
1.060450
1.069950
1.101575
1.165900
1.169125
1.184225
1.197500
1.204325
1.211350
1.225750
1.237075
1.252375
1.258175
1.264275
1.288225
1.332825
1.406275
1.433425
1.442750
1.459175
1.465975
1.552250
1.556450
1.582675
1.587975
1.618175
1.678400
1.709875
1.713300
1.726600
1.779650
1.791775
1.812600
1.832125
1.974150
1.988675
2.031025
2.074575
2.197900
293
