0.001700
0.002050
0.012625
0.030200
0.034750
0.040250
0.056400
0.059525
0.060325
0.062800
0.070500
0.073500
0.074850
0.080475
0.082500
0.088350
0.091700
0.094675
0.096925
0.113100
0.113975
0.117125
0.117475
0.119975
0.128850
0.130800
0.130900
0.138575
0.138625
0.143500
0.148400
0.160400
0.161975
0.167900
0.177275
0.179000
0.179075
0.180650
0.180650
0.183300
0.184275
0.193400
0.195125
0.198625
0.216375
0.218425
0.229675
0.245075
0.254425
0.255625
0.256575
0.256775
0.257050
0.258425
0.259075
0.262450
0.271125
0.272775
0.279625
0.279675
0.281375
0.284750
0.287925
0.290350
0.302875
0.309750
0.311300
0.315050
0.315400
0.316125
0.318575
0.318625
0.320800
0.325475
0.330775
0.332225
0.339650
0.339975
0.340450
0.359625
0.362875
0.364625
0.367050
0.370400
0.372675
0.379650
0.385600
0.386050
0.386200
0.391275
0.397225
0.399475
0.401800
0.406275
0.413000
0.423250
0.432225
0.443200
0.443725
0.444075
0.444575
0.444975
0.446900
0.448150
0.448700
0.450050
0.457250
0.465175
0.473000
0.475675
0.481600
0.488200
0.499150
0.503025
0.509425
0.510725
0.510900
0.515325
0.520425
0.523375
0.527525
0.529775
0.530275
0.532125
0.534675
0.536600
0.538625
0.547700
0.549175
0.554575
0.563225
0.568175
0.571625
0.586800
0.590575
0.591850
0.601425
0.605700
0.609625
0.610250
0.611800
0.616350
0.618575
0.623200
0.623550
0.624175
0.630300
0.631950
0.639300
0.641700
0.648975
0.653550
0.671125
0.681125
0.681900
0.690550
0.691375
0.692050
0.693275
0.707875
0.714275
0.715225
0.725275
0.725625
0.726750
0.734650
0.742975
0.748675
0.750700
0.751050
0.752000
0.756850
0.758900
0.769400
0.786100
0.786925
0.793900
0.794200
0.796125
0.797125
0.802800
0.808450
0.809625
0.811325
0.815700
0.816325
0.816425
0.827100
0.835800
0.837500
0.837850
0.838325
0.846750
0.847200
0.861550
0.866325
0.877850
0.879850
0.884975
0.886150
0.894375
0.899425
0.909000
0.913050
0.921700
0.927500
0.933425
0.990450
0.990675
0.995925
1.010250
1.017800
1.028075
1.042100
1.067225
1.080525
1.092250
1.096675
1.102875
1.105925
1.124200
1.146225
1.146600
1.153625
1.174025
1.175350
1.187725
1.255025
1.257225
1.288600
1.342975
1.359950
1.394450
1.406875
1.434025
1.455450
1.548200
1.604125
1.605075
1.619000
1.668950
1.705875
1.821500
1.866800
1.924475
1.977875
2.285700
247
