0.002625
0.003025
0.007225
0.009950
0.016025
0.016800
0.017975
0.018025
0.024050
0.026450
0.027325
0.028000
0.028925
0.029100
0.041650
0.042450
0.047250
0.053575
0.053975
0.056250
0.059975
0.062850
0.067125
0.070425
0.083425
0.088325
0.089125
0.090325
0.090600
0.100650
0.101775
0.108500
0.110525
0.113950
0.114325
0.122950
0.126750
0.133150
0.135025
0.144675
0.151425
0.160725
0.162825
0.168300
0.171075
0.178275
0.181800
0.183175
0.196025
0.196750
0.205325
0.205550
0.214725
0.216700
0.217150
0.221000
0.223925
0.227850
0.229675
0.229750
0.243375
0.255100
0.260275
0.265575
0.266050
0.267900
0.271300
0.276025
0.279350
0.282200
0.284400
0.286750
0.289775
0.290325
0.293325
0.301400
0.304750
0.310325
0.321550
0.322475
0.341225
0.348100
0.353625
0.362325
0.365250
0.366925
0.369075
0.372150
0.373275
0.381750
0.398275
0.401925
0.402175
0.402250
0.406975
0.407350
0.416300
0.418000
0.421400
0.428175
0.432350
0.444750
0.445900
0.457825
0.461800
0.462600
0.464400
0.466000
0.468300
0.470525
0.471550
0.472650
0.476000
0.481550
0.482975
0.484050
0.484600
0.484675
0.488050
0.489675
0.491225
0.495125
0.497300
0.497600
0.502425
0.505625
0.507025
0.509500
0.513025
0.514700
0.518400
0.526900
0.545550
0.553450
0.558425
0.563075
0.564525
0.575425
0.580125
0.588900
0.596550
0.601075
0.602025
0.610375
0.614650
0.632875
0.636475
0.641600
0.644125
0.646850
0.656000
0.671825
0.676625
0.677100
0.678975
0.681150
0.688850
0.691225
0.692425
0.692450
0.697125
0.700750
0.703525
0.704975
0.713225
0.716200
0.717725
0.723025
0.728675
0.729675
0.732950
0.736075
0.740150
0.744475
0.757450
0.757525
0.759650
0.776800
0.780900
0.784200
0.786025
0.791800
0.793500
0.794350
0.798225
0.800275
0.804925
0.822775
0.824675
0.829350
0.839200
0.842725
0.855450
0.865150
0.872225
0.877875
0.879325
0.889525
0.899600
0.902800
0.906150
0.917175
0.922700
0.923575
0.934250
0.945950
0.951025
0.957325
0.963600
0.966350
0.970325
0.972350
1.003725
1.018875
1.020450
1.035750
1.035750
1.080325
1.081325
1.086175
1.087100
1.088050
1.106675
1.106825
1.122125
1.135100
1.135375
1.137400
1.160800
1.179925
1.180325
1.211375
1.221950
1.230125
1.252325
1.272050
1.292975
1.301225
1.310725
1.313100
1.351450
1.389175
1.390900
1.392975
1.406425
1.409825
1.413475
1.423775
1.440025
1.505500
1.509100
1.514825
1.516925
1.561600
1.588350
1.612100
1.637900
1.702300
1.722000
1.862975
1.877950
2.000950
2.041525
2.080250
2.126475
2.388075
266
