0.007175
0.007950
0.009900
0.012775
0.025275
0.029650
0.034250
0.044225
0.046975
0.051500
0.055700
0.069750
0.075975
0.079100
0.081525
0.082675
0.083875
0.086375
0.093700
0.094700
0.096050
0.099750
0.100725
0.115025
0.124000
0.125750
0.139550
0.144325
0.145000
0.149050
0.154850
0.160450
0.160975
0.163275
0.168575
0.169900
0.173500
0.175075
0.175725
0.180500
0.183200
0.187850
0.190375
0.194150
0.204225
0.210700
0.215600
0.224275
0.225475
0.229750
0.232150
0.232675
0.233625
0.234000
0.235425
0.240550
0.245675
0.253825
0.253975
0.254500
0.255700
0.265275
0.271475
0.271775
0.286025
0.286250
0.298850
0.301350
0.302075
0.308300
0.315125
0.316825
0.324625
0.327125
0.334500
0.340875
0.354000
0.360450
0.363825
0.374825
0.380075
0.382000
0.385725
0.399525
0.399575
0.409800
0.417600
0.425375
0.428075
0.450275
0.454250
0.462925
0.466425
0.471575
0.475400
0.477100
0.479525
0.485575
0.492275
0.496000
0.496900
0.501650
0.516975
0.519875
0.522575
0.527250
0.527950
0.539375
0.555425
0.557625
0.565900
0.566875
0.570525
0.578775
0.584950
0.596650
0.605625
0.607225
0.608300
0.612375
0.620925
0.625850
0.640850
0.645750
0.645925
0.646800
0.651000
0.653075
0.653475
0.666825
0.669650
0.670675
0.684550
0.686125
0.687500
0.696800
0.696875
0.701025
0.704000
0.716250
0.721000
0.726750
0.727375
0.729675
0.730575
0.732975
0.733050
0.734375
0.735050
0.735200
0.738675
0.743550
0.745225
0.746275
0.749750
0.754300
0.756025
0.757125
0.759600
0.760600
0.763775
0.765775
0.767075
0.770025
0.776200
0.779600
0.788700
0.791475
0.802275
0.818650
0.820775
0.823625
0.826400
0.829475
0.842650
0.848600
0.859125
0.862350
0.869825
0.872125
0.873250
0.885025
0.886775
0.889925
0.899250
0.904275
0.908700
0.957000
0.958350
0.982500
0.984700
1.017650
1.029850
1.037200
1.038300
1.048825
1.049925
1.085225
1.093550
1.094000
1.102700
1.114650
1.128525
1.130375
1.160725
1.168450
1.170300
1.181850
1.207725
1.209125
1.238300
1.253700
1.263250
1.284525
1.308600
1.310625
1.327525
1.413700
1.419550
1.437375
1.459950
1.567975
1.637175
1.662200
1.685625
1.718975
1.741350
1.798475
1.824175
1.885050
1.907625
1.958750
2.117800
2.252825
234
