0.000525
0.001750
0.006950
0.010275
0.013600
0.016075
0.018100
0.020150
0.025500
0.030675
0.031000
0.031325
0.035250
0.035875
0.036225
0.037325
0.037475
0.038800
0.047425
0.047525
0.052575
0.054375
0.067675
0.068575
0.070875
0.071550
0.076350
0.078600
0.081575
0.092600
0.103475
0.104325
0.105800
0.110300
0.111875
0.113475
0.124400
0.127625
0.132700
0.133225
0.137250
0.138050
0.139275
0.153300
0.159300
0.159700
0.160000
0.169600
0.173300
0.175650
0.178600
0.179650
0.183350
0.189750
0.191350
0.193625
0.196350
0.198200
0.203125
0.210600
0.214675
0.216800
0.228600
0.230600
0.241475
0.242575
0.243250
0.244925
0.248375
0.249900
0.250025
0.253425
0.254075
0.287200
0.291850
0.305450
0.309025
0.312550
0.314600
0.319900
0.332700
0.337900
0.339375
0.346575
0.352850
0.354450
0.357050
0.368300
0.370650
0.374350
0.376475
0.376625
0.378175
0.381025
0.382125
0.388300
0.388475
0.389525
0.392775
0.404350
0.411075
0.412425
0.417325
0.417700
0.420825
0.422575
0.427175
0.427950
0.430700
0.431450
0.436600
0.437650
0.438250
0.453825
0.453950
0.454650
0.457175
0.460200
0.462675
0.469900
0.471650
0.483775
0.484750
0.486350
0.486375
0.488850
0.490425
0.496175
0.497400
0.502000
0.504300
0.525475
0.537775
0.559125
0.561450
0.577525
0.580750
0.580925
0.581225
0.583350
0.584625
0.587275
0.597175
0.598400
0.602300
0.608000
0.609275
0.621650
0.631475
0.640075
0.640550
0.643175
0.646225
0.648200
0.657925
0.658725
0.667275
0.680150
0.685075
0.689475
0.693350
0.704725
0.708225
0.716525
0.716925
0.731200
0.738375
0.740550
0.747925
0.749925
0.755425
0.767200
0.767550
0.772900
0.777100
0.780425
0.798975
0.807475
0.807525
0.807650
0.809075
0.810825
0.812025
0.824975
0.831550
0.834125
0.835825
0.837475
0.841975
0.856175
0.856250
0.859600
0.860550
0.864850
0.871975
0.874375
0.875000
0.875150
0.886325
0.901675
0.908850
0.917625
0.927175
0.937250
0.945050
0.945900
0.946350
0.957850
0.965750
1.007475
1.009225
1.012025
1.014600
1.017425
1.025500
1.028850
1.029500
1.057275
1.058100
1.061675
1.064400
1.066600
1.085125
1.088575
1.092800
1.093750
1.119800
1.120975
1.133175
1.134525
1.142075
1.217975
1.235850
1.278075
1.283575
1.301000
1.324800
1.389125
1.454700
1.456325
1.469200
1.475775
1.479600
1.496425
1.518650
1.548775
1.568100
1.631000
1.669025
1.675550
1.697350
1.722150
1.780275
1.997425
2.020275
2.035950
2.036925
2.042175
2.128975
2.186850
2.416150
261
