0.004850
0.009250
0.015650
0.028175
0.029700
0.033350
0.036775
0.044100
0.047775
0.051000
0.052975
0.054375
0.064425
0.067050
0.071025
0.071100
0.077900
0.080100
0.090750
0.092875
0.096000
0.107100
0.107625
0.108550
0.111650
0.114025
0.119400
0.119500
0.125400
0.126750
0.132100
0.132125
0.132275
0.135400
0.136525
0.140900
0.144175
0.149850
0.160075
0.162175
0.166175
0.167025
0.167225
0.171000
0.171475
0.173425
0.173875
0.175850
0.178200
0.179050
0.184550
0.185725
0.186025
0.188175
0.188950
0.191275
0.198675
0.213575
0.228700
0.228775
0.232825
0.239675
0.248050
0.253150
0.257175
0.261050
0.261800
0.263275
0.269925
0.271950
0.272000
0.279900
0.286125
0.290200
0.292025
0.292075
0.292100
0.297425
0.305075
0.309625
0.312250
0.316075
0.316500
0.327925
0.328300
0.328775
0.359850
0.364025
0.364900
0.365175
0.373300
0.376225
0.383375
0.390600
0.394675
0.401100
0.404800
0.411525
0.416900
0.421850
0.423575
0.425575
0.425675
0.425850
0.427375
0.432250
0.433650
0.440525
0.443200
0.444650
0.445950
0.448550
0.453225
0.454775
0.458400
0.459600
0.460575
0.461750
0.465000
0.465725
0.477800
0.484425
0.485200
0.486975
0.487425
0.491650
0.493925
0.498325
0.499400
0.512800
0.522175
0.532400
0.533125
0.544400
0.546325
0.546475
0.549125
0.549375
0.560900
0.561825
0.571075
0.576000
0.587600
0.589150
0.591775
0.597175
0.600275
0.603450
0.612400
0.614200
0.623300
0.628275
0.631650
0.638975
0.645000
0.645800
0.645975
0.660575
0.665650
0.666575
0.669975
0.672825
0.672950
0.674375
0.687125
0.693975
0.694025
0.701100
0.702725
0.703900
0.704075
0.706600
0.709475
0.721400
0.731750
0.735200
0.736525
0.738350
0.740750
0.743900
0.746675
0.749800
0.751750
0.784925
0.787350
0.787550
0.788150
0.789875
0.790575
0.794725
0.799125
0.809150
0.810275
0.813275
0.816550
0.828275
0.830125
0.834075
0.836625
0.839875
0.847400
0.848000
0.848650
0.849950
0.862525
0.863500
0.869775
0.870300
0.877100
0.881575
0.888225
0.889225
0.897950
0.905600
0.942850
0.947575
0.965425
0.966125
0.973775
0.987675
0.989575
0.994725
0.997350
1.016275
1.024450
1.035300
1.048575
1.060575
1.062150
1.072825
1.085700
1.094000
1.114900
1.117100
1.132900
1.165750
1.168375
1.174700
1.176200
1.186900
1.193500
1.201800
1.214600
1.237850
1.240950
1.242675
1.278025
1.285200
1.300550
1.328700
1.363425
1.388825
1.415125
1.482000
1.483000
1.509950
1.538700
1.544950
1.591100
1.618000
1.626150
1.642875
1.649675
1.683725
1.734100
1.755225
1.790125
1.819950
1.865800
2.018475
2.358675
2.482050
272
