0.004975
0.006775
0.008050
0.008175
0.010525
0.018000
0.021075
0.021450
0.025650
0.027575
0.028275
0.030450
0.032400
0.037525
0.055750
0.056600
0.058925
0.062150
0.062575
0.066000
0.066975
0.072000
0.074700
0.083500
0.101500
0.101925
0.104650
0.105100
0.105675
0.111650
0.121775
0.126050
0.130100
0.134325
0.137100
0.138200
0.148050
0.156225
0.166400
0.176300
0.179650
0.180175
0.180650
0.182850
0.192025
0.193000
0.197350
0.207150
0.214300
0.215250
0.218050
0.222700
0.226375
0.227825
0.230000
0.234500
0.236900
0.240200
0.242525
0.243850
0.252150
0.261625
0.269275
0.278225
0.280975
0.286150
0.294250
0.295400
0.295575
0.295875
0.297450
0.297900
0.302725
0.304375
0.305100
0.307825
0.311650
0.318825
0.319200
0.319550
0.331400
0.335575
0.335900
0.342500
0.342975
0.343550
0.346600
0.349700
0.353775
0.365150
0.380525
0.380900
0.394475
0.403625
0.405475
0.406500
0.413425
0.416775
0.419575
0.420875
0.423775
0.424875
0.431975
0.434550
0.446250
0.449175
0.457400
0.467700
0.472850
0.476250
0.479800
0.483375
0.494550
0.497475
0.505550
0.513575
0.513750
0.520000
0.522125
0.524000
0.528350
0.539175
0.547675
0.551525
0.553825
0.561525
0.578100
0.578575
0.578900
0.579150
0.580775
0.586675
0.593800
0.602925
0.604775
0.605800
0.607950
0.612600
0.626375
0.626625
0.627250
0.629025
0.636850
0.638100
0.643650
0.643850
0.650000
0.654750
0.655825
0.670250
0.672625
0.704275
0.716650
0.718525
0.721550
0.738225
0.745850
0.746300
0.747250
0.747525
0.749125
0.750350
0.754975
0.755875
0.760775
0.762050
0.763500
0.766625
0.792875
0.793275
0.798475
0.798500
0.808000
0.809500
0.811250
0.821225
0.836650
0.860175
0.863250
0.864250
0.870100
0.879375
0.880250
0.883250
0.888025
0.892825
0.893400
0.903325
0.905175
0.910500
0.928525
0.938475
0.944875
0.946050
0.948300
0.956800
0.956975
0.969350
0.971750
0.979425
0.984775
0.999200
1.000800
1.004675
1.008250
1.008300
1.026825
1.045075
1.066825
1.080950
1.081500
1.098575
1.101275
1.104600
1.112475
1.114500
1.116875
1.135975
1.153125
1.174075
1.189600
1.202175
1.204450
1.240750
1.296850
1.307625
1.318325
1.342225
1.350350
1.380275
1.380400
1.393625
1.405200
1.469125
1.503725
1.517350
1.553450
1.570300
1.641075
1.662025
1.698075
1.729850
1.745300
1.957125
1.976350
2.033700
2.037525
2.049975
2.240925
2.343550
2.464325
251
