0.001800
0.008700
0.011100
0.013000
0.018475
0.025600
0.027325
0.031475
0.038275
0.039275
0.039625
0.043450
0.043475
0.043800
0.048475
0.050325
0.050350
0.052550
0.057650
0.058975
0.061600
0.069275
0.072325
0.072550
0.075100
0.087700
0.093075
0.098375
0.098975
0.110025
0.111050
0.115250
0.117450
0.122400
0.128050
0.133300
0.136075
0.144475
0.152200
0.155650
0.176500
0.179175
0.185400
0.185675
0.194625
0.197050
0.198950
0.204750
0.212375
0.212475
0.212700
0.222950
0.227225
0.231725
0.237200
0.239475
0.274400
0.278825
0.312375
0.315500
0.315725
0.316725
0.320375
0.325675
0.329175
0.331350
0.346225
0.360025
0.360650
0.362625
0.366325
0.372100
0.381375
0.386875
0.396075
0.396100
0.414325
0.414950
0.419175
0.426025
0.429200
0.432375
0.434800
0.438325
0.448525
0.453000
0.453375
0.455150
0.455575
0.459300
0.459775
0.466650
0.472325
0.473025
0.473325
0.479275
0.492550
0.493400
0.498700
0.498700
0.500650
0.502525
0.512175
0.523100
0.525425
0.525525
0.532675
0.533200
0.535950
0.542775
0.543725
0.557225
0.566050
0.566650
0.568700
0.570925
0.572000
0.575775
0.583500
0.591875
0.605400
0.614175
0.627800
0.632175
0.636925
0.641475
0.642650
0.644525
0.645375
0.646575
0.651150
0.652150
0.654650
0.656850
0.658800
0.665575
0.681400
0.686600
0.686925
0.698225
0.703700
0.703775
0.704525
0.712975
0.714775
0.720250
0.724275
0.724850
0.735375
0.736875
0.751600
0.755825
0.763325
0.763625
0.764850
0.768450
0.775975
0.776525
0.777575
0.778525
0.783675
0.803975
0.807000
0.812000
0.816950
0.822425
0.827625
0.833675
0.837175
0.843600
0.848125
0.859675
0.860225
0.882075
0.894400
0.896775
0.902925
0.903600
0.908400
0.927400
0.946200
0.954800
0.957425
0.958125
0.960650
0.963100
0.973200
0.975825
0.978725
0.983325
0.988425
0.991075
0.996875
0.999600
1.007375
1.011600
1.015125
1.015225
1.021100
1.038000
1.043000
1.044875
1.048400
1.062650
1.063850
1.071900
1.081625
1.087425
1.090600
1.091875
1.097850
1.098900
1.104425
1.104950
1.108750
1.120775
1.124875
1.126325
1.132425
1.138425
1.151075
1.158825
1.164375
1.264900
1.268000
1.275825
1.292625
1.306700
1.332100
1.332575
1.332975
1.349250
1.356775
1.364725
1.382025
1.389575
1.411550
1.441600
1.489050
1.501925
1.511050
1.576150
1.591200
1.638350
1.663575
1.733200
1.744875
1.773650
1.783300
1.885500
1.943025
1.999800
2.371125
253
