0.006875
0.020900
0.023050
0.024450
0.024900
0.028300
0.035375
0.040475
0.042300
0.053400
0.054875
0.057300
0.070250
0.071275
0.077050
0.081050
0.092500
0.101725
0.106125
0.107600
0.109275
0.111100
0.122500
0.123250
0.125225
0.129225
0.132325
0.149700
0.153225
0.155375
0.161575
0.163625
0.166775
0.186325
0.188675
0.191025
0.192900
0.195700
0.197175
0.199025
0.200650
0.202750
0.204550
0.206850
0.212750
0.215725
0.221950
0.224725
0.224750
0.226925
0.227125
0.227975
0.228950
0.234050
0.238525
0.239050
0.243875
0.247575
0.251125
0.258750
0.273300
0.286350
0.287975
0.288275
0.289150
0.290150
0.298675
0.302050
0.319450
0.320700
0.323150
0.324900
0.335125
0.339000
0.351250
0.364575
0.374200
0.375525
0.383550
0.385875
0.386275
0.388825
0.388975
0.395650
0.396825
0.399675
0.401025
0.405400
0.413025
0.418200
0.424875
0.429025
0.441675
0.444100
0.450825
0.466075
0.468300
0.468725
0.472825
0.479475
0.481600
0.485725
0.486750
0.487300
0.495025
0.498050
0.505625
0.511225
0.512375
0.512800
0.514975
0.515200
0.522525
0.528950
0.533900
0.539975
0.553850
0.562200
0.571975
0.575350
0.577025
0.578050
0.578150
0.580875
0.585925
0.586050
0.586275
0.589250
0.593050
0.593200
0.602925
0.612425
0.613950
0.625100
0.632425
0.636850
0.640275
0.644150
0.646300
0.648825
0.653650
0.666025
0.668725
0.668725
0.672500
0.679025
0.685250
0.692400
0.699525
0.699625
0.708800
0.710875
0.713125
0.713775
0.713800
0.714725
0.715750
0.722325
0.727425
0.733425
0.747125
0.749275
0.752000
0.754550
0.755400
0.760875
0.761900
0.762950
0.763850
0.772850
0.773375
0.774975
0.775100
0.776250
0.778650
0.787625
0.797575
0.804475
0.809900
0.811075
0.815750
0.815800
0.819800
0.820175
0.842750
0.853825
0.854950
0.877825
0.880250
0.887725
0.887725
0.889825
0.899325
0.900750
0.906025
0.906775
0.913050
0.917225
0.923650
0.944575
0.969225
0.977000
0.990800
1.002125
1.038775
1.043325
1.045125
1.045300
1.047600
1.047675
1.059100
1.067125
1.098475
1.119125
1.124275
1.152525
1.160850
1.161125
1.175000
1.192150
1.205350
1.288825
1.293525
1.303900
1.329350
1.330100
1.332000
1.356575
1.421450
1.442275
1.454250
1.463450
1.474775
1.565550
1.892175
235
