0.004025
0.013200
0.017775
0.025650
0.025650
0.030475
0.030700
0.030775
0.031975
0.036975
0.048600
0.059950
0.065475
0.072375
0.081875
0.082075
0.089425
0.089675
0.090925
0.093175
0.094625
0.096325
0.099175
0.104000
0.104100
0.114500
0.121825
0.122350
0.130550
0.133350
0.134675
0.135250
0.138050
0.141200
0.141225
0.142050
0.144925
0.149400
0.152175
0.162750
0.164600
0.171000
0.174850
0.180975
0.183800
0.186150
0.190350
0.191175
0.202550
0.213925
0.221125
0.223675
0.231525
0.237525
0.246950
0.247125
0.247325
0.249950
0.251100
0.261675
0.263875
0.267025
0.268375
0.271075
0.272175
0.276100
0.276575
0.277125
0.278475
0.284150
0.287850
0.293200
0.295050
0.301375
0.303450
0.303675
0.307425
0.311825
0.312275
0.318275
0.319450
0.319475
0.324550
0.333525
0.334450
0.341700
0.346025
0.350400
0.352650
0.359125
0.361050
0.363525
0.370400
0.372900
0.373200
0.373650
0.375625
0.376250
0.376850
0.382850
0.382875
0.394975
0.401750
0.413625
0.418100
0.420875
0.433700
0.435925
0.438150
0.443050
0.446450
0.450300
0.452050
0.459850
0.468625
0.472000
0.476100
0.480700
0.481150
0.485225
0.485575
0.495550
0.502725
0.502875
0.502900
0.506250
0.522100
0.523375
0.524600
0.534975
0.537975
0.543375
0.543825
0.548675
0.552275
0.557275
0.567475
0.572575
0.573475
0.579875
0.582475
0.586600
0.590975
0.601150
0.606975
0.609300
0.613500
0.626550
0.633075
0.635875
0.648800
0.653150
0.658425
0.668825
0.684175
0.686075
0.687500
0.692750
0.711650
0.716550
0.723250
0.733200
0.734350
0.737000
0.740650
0.745600
0.747975
0.751650
0.757875
0.770125
0.774225
0.775075
0.776375
0.776475
0.782675
0.787150
0.803475
0.806800
0.813600
0.829650
0.834575
0.857125
0.857400
0.861575
0.870125
0.871025
0.882325
0.901000
0.909275
0.911325
0.916525
0.917750
0.923175
0.924825
0.936275
0.936275
0.939225
0.953625
0.962250
0.980425
0.999675
1.014400
1.037200
1.062200
1.065675
1.073200
1.087225
1.089025
1.089725
1.097200
1.119250
1.138200
1.138800
1.139225
1.140575
1.176025
1.184600
1.241100
1.242075
1.279550
1.331975
1.343200
1.345425
1.350275
1.416350
1.434175
1.435850
1.462800
1.521925
1.547550
1.551675
1.569600
1.682125
1.701400
1.705225
1.740450
1.813075
1.846300
1.867375
1.984450
2.032825
2.218100
2.376200
243
