0.006925
0.007500
0.007775
0.013325
0.014475
0.019050
0.021725
0.022475
0.022600
0.024175
0.030925
0.031825
0.039450
0.040075
0.050400
0.050925
0.051800
0.054125
0.056475
0.058650
0.061875
0.067050
0.072000
0.082275
0.083550
0.085125
0.088825
0.091875
0.095400
0.099050
0.100950
0.105050
0.115950
0.116875
0.117225
0.123075
0.138950
0.144000
0.151400
0.151700
0.153525
0.159750
0.161075
0.162625
0.163700
0.164175
0.166325
0.168275
0.168575
0.185575
0.194025
0.202000
0.205975
0.211050
0.211825
0.214225
0.217750
0.220125
0.235725
0.240425
0.242475
0.246925
0.248700
0.249775
0.250050
0.261375
0.264275
0.265825
0.267625
0.268500
0.270825
0.272375
0.277400
0.278775
0.281300
0.282775
0.283800
0.285300
0.291450
0.305175
0.310400
0.316125
0.322175
0.326025
0.333025
0.335275
0.337625
0.339550
0.350075
0.358275
0.362400
0.362525
0.362725
0.365875
0.372425
0.374300
0.378900
0.382400
0.383725
0.400350
0.405400
0.412250
0.413825
0.419675
0.421700
0.422925
0.424475
0.425225
0.429100
0.430725
0.430975
0.432025
0.437975
0.438625
0.450625
0.452225
0.453150
0.457225
0.458150
0.460000
0.461175
0.463675
0.465400
0.471050
0.471425
0.480725
0.483400
0.484375
0.494875
0.497925
0.520125
0.520725
0.522175
0.528650
0.533050
0.534750
0.541825
0.544500
0.557350
0.557750
0.559925
0.560125
0.566425
0.568550
0.571050
0.573350
0.577475
0.606425
0.606775
0.607650
0.608500
0.614150
0.619475
0.648375
0.649575
0.668850
0.669925
0.672475
0.675925
0.676425
0.679975
0.682550
0.708250
0.709925
0.723475
0.727475
0.732575
0.736325
0.737375
0.742450
0.744625
0.747825
0.752100
0.753975
0.760125
0.760700
0.761050
0.762950
0.769300
0.773975
0.775175
0.779600
0.780475
0.780625
0.782400
0.784975
0.789700
0.794650
0.801000
0.812325
0.817750
0.818225
0.826850
0.838225
0.843175
0.843300
0.846750
0.852300
0.855625
0.857425
0.866275
0.874225
0.890000
0.891175
0.896425
0.898775
0.903925
0.910525
0.933075
0.936075
0.940475
0.944675
0.948700
0.953050
0.957425
0.985425
0.991525
0.992175
1.011000
1.017000
1.043725
1.055625
1.061975
1.066300
1.071050
1.090375
1.098700
1.103600
1.129800
1.149800
1.152350
1.176200
1.209700
1.213575
1.237875
1.273575
1.315475
1.320700
1.322375
1.326550
1.429075
1.439850
1.443050
1.453650
1.467425
1.522550
1.545425
1.560450
1.566625
1.645400
1.658325
1.658950
1.775925
1.890225
1.962350
2.096650
2.203850
2.252050
2.402875
2.431075
2.478825
261
