0.002625
0.012975
0.018275
0.026150
0.032025
0.033800
0.040225
0.048900
0.052650
0.055550
0.056500
0.060900
0.064525
0.067925
0.070300
0.070675
0.074225
0.074325
0.075650
0.108850
0.110125
0.117250
0.124925
0.134525
0.135275
0.136700
0.139675
0.140700
0.143525
0.144550
0.144625
0.145250
0.145300
0.149300
0.163775
0.166675
0.174275
0.175050
0.180425
0.183725
0.187200
0.193950
0.194200
0.196625
0.196900
0.212225
0.222350
0.238425
0.267400
0.267450
0.268200
0.274000
0.277850
0.284800
0.289000
0.291000
0.292975
0.293400
0.296325
0.296575
0.297450
0.297550
0.299650
0.323025
0.328750
0.333025
0.334875
0.340250
0.341575
0.341775
0.345600
0.348050
0.350850
0.352850
0.359550
0.361125
0.361875
0.366275
0.371375
0.378950
0.379275
0.397675
0.403625
0.407025
0.413625
0.423900
0.437000
0.438025
0.442650
0.444750
0.444800
0.446500
0.452100
0.457550
0.460950
0.462325
0.466800
0.469800
0.473475
0.477950
0.486225
0.493375
0.495150
0.497925
0.499975
0.502500
0.502675
0.511375
0.516675
0.522700
0.526725
0.530875
0.531950
0.538875
0.539700
0.545200
0.545300
0.546450
0.548000
0.551475
0.561375
0.570950
0.573375
0.574175
0.574475
0.576725
0.580175
0.581725
0.582725
0.583625
0.588150
0.591650
0.596750
0.603300
0.613950
0.614400
0.624200
0.624900
0.637200
0.641775
0.646300
0.646850
0.649125
0.653525
0.659425
0.672450
0.672600
0.676100
0.683825
0.685700
0.689725
0.692875
0.694625
0.704075
0.714825
0.716375
0.720700
0.721250
0.724500
0.725500
0.730600
0.731025
0.732525
0.735125
0.737375
0.745450
0.750150
0.754175
0.754250
0.757850
0.757900
0.765300
0.769775
0.775125
0.786050
0.788150
0.788975
0.795525
0.796300
0.804625
0.809750
0.814750
0.816450
0.824850
0.826150
0.829775
0.837775
0.842325
0.844675
0.847450
0.850675
0.852000
0.854525
0.858475
0.876825
0.882475
0.883850
0.905925
0.921325
0.934675
0.936225
0.987650
0.994625
1.009200
1.032250
1.044125
1.058825
1.071225
1.072800
1.082550
1.094275
1.105650
1.115675
1.117600
1.139650
1.145350
1.151000
1.154850
1.161800
1.169775
1.173450
1.177050
1.179900
1.186525
1.188075
1.203925
1.205300
1.229175
1.242375
1.251075
1.271050
1.312600
1.328600
1.334500
1.389550
1.391850
1.394875
1.423000
1.433950
1.437000
1.443475
1.465400
1.465575
1.511325
1.551550
1.610500
1.615425
1.635375
1.727575
1.731350
1.749150
1.829175
1.896125
2.367975
254
