0.000550
0.002750
0.003275
0.012975
0.018025
0.025350
0.026525
0.034375
0.035175
0.038925
0.042750
0.043525
0.043800
0.047425
0.050475
0.052600
0.055000
0.058650
0.074575
0.081850
0.089025
0.104250
0.110625
0.118800
0.123825
0.140375
0.141075
0.141550
0.150225
0.153250
0.154100
0.155625
0.160450
0.167450
0.175625
0.189350
0.192500
0.210025
0.212675
0.214325
0.217775
0.221150
0.234225
0.241400
0.250600
0.250900
0.252500
0.267225
0.269250
0.274975
0.278975
0.280725
0.291000
0.305750
0.309200
0.313850
0.314150
0.321400
0.326000
0.327025
0.328025
0.329050
0.330550
0.330775
0.341600
0.343375
0.349100
0.354225
0.357350
0.368950
0.370650
0.384200
0.388150
0.389400
0.390500
0.393075
0.397025
0.401325
0.408500
0.408625
0.412450
0.414125
0.415300
0.420125
0.421725
0.429250
0.429425
0.429450
0.429875
0.430575
0.437600
0.439275
0.448225
0.454425
0.459075
0.464300
0.465775
0.478775
0.480350
0.484950
0.485950
0.489750
0.490025
0.490775
0.494150
0.498200
0.526725
0.527325
0.530800
0.532500
0.539400
0.543725
0.551850
0.554650
0.556350
0.558275
0.559200
0.566825
0.568275
0.570550
0.573675
0.578800
0.580800
0.581550
0.582600
0.583900
0.584175
0.592375
0.594300
0.608400
0.615250
0.624925
0.625150
0.634825
0.637275
0.639950
0.649125
0.650825
0.653725
0.663300
0.663700
0.665325
0.667125
0.674325
0.676600
0.682825
0.685500
0.690075
0.698650
0.706475
0.710400
0.710850
0.711525
0.715525
0.729275
0.737875
0.745325
0.746075
0.747575
0.752500
0.759350
0.763050
0.763450
0.766425
0.771275
0.774075
0.774850
0.783725
0.806275
0.809525
0.811550
0.816500
0.822000
0.826200
0.826925
0.827075
0.836350
0.837150
0.846500
0.853475
0.868725
0.889300
0.890300
0.890500
0.909275
0.936050
0.941775
0.962775
0.973025
0.973350
0.974975
0.975300
0.984350
0.989550
0.999000
0.999700
1.037300
1.046025
1.057550
1.070050
1.086600
1.106375
1.124750
1.127100
1.129700
1.135650
1.138575
1.145775
1.183575
1.205125
1.212025
1.226975
1.230375
1.266175
1.280025
1.280900
1.295925
1.341775
1.354075
1.390025
1.409975
1.428875
1.441375
1.446625
1.462100
1.513775
1.555050
1.708700
1.718850
1.768975
1.788525
1.972625
1.975100
1.985075
2.001575
2.199750
2.305675
237
