0.001675
0.005875
0.009550
0.013075
0.022650
0.025825
0.033250
0.035725
0.044275
0.052075
0.052975
0.063025
0.063825
0.067350
0.078550
0.089625
0.089650
0.090525
0.092425
0.097800
0.110550
0.111500
0.112450
0.112850
0.117100
0.126700
0.127300
0.129650
0.132225
0.133875
0.143800
0.146075
0.157600
0.185900
0.191300
0.199525
0.200700
0.229175
0.234550
0.237125
0.241975
0.243525
0.251475
0.252750
0.254100
0.261675
0.267625
0.279950
0.290475
0.297350
0.301400
0.314075
0.315200
0.316850
0.316950
0.320625
0.323625
0.328675
0.332150
0.339875
0.342000
0.349450
0.351550
0.355700
0.356975
0.357750
0.364900
0.373800
0.374725
0.377450
0.379150
0.379975
0.382000
0.389575
0.393000
0.393975
0.403850
0.405250
0.408775
0.409425
0.414775
0.427650
0.429700
0.433375
0.444950
0.451650
0.451800
0.453500
0.456225
0.460125
0.463550
0.466900
0.477475
0.493850
0.495400
0.498450
0.500625
0.504675
0.509800
0.512725
0.528750
0.541750
0.557350
0.558175
0.561750
0.572850
0.576325
0.578350
0.587575
0.589575
0.593025
0.605575
0.611600
0.615050
0.620525
0.620850
0.621975
0.622175
0.629150
0.631650
0.642075
0.642200
0.643250
0.646650
0.651425
0.664125
0.676125
0.676975
0.677500
0.682925
0.696050
0.698300
0.700025
0.706550
0.707350
0.709500
0.711750
0.718825
0.720325
0.728450
0.730575
0.733450
0.750750
0.751225
0.754975
0.757375
0.764950
0.768350
0.769375
0.769800
0.773800
0.780525
0.788225
0.793250
0.794400
0.795675
0.795925
0.799300
0.806900
0.818125
0.820775
0.856525
0.861625
0.862800
0.865375
0.884725
0.889400
0.897850
0.904500
0.904625
0.906650
0.906925
0.916825
0.918250
0.918625
0.925850
0.933275
0.935600
0.936850
0.944650
0.945225
0.947400
0.957675
0.964325
0.970375
0.971450
0.986325
0.994875
0.999800
1.006650
1.044000
1.049400
1.152975
1.203525
1.244400
1.256100
1.263125
1.323925
1.326325
1.360375
1.401300
1.411725
1.454950
1.476675
1.515675
1.568600
1.629775
1.648025
1.708725
1.720225
1.724900
1.776275
1.916100
2.348800
214
