0.007150
0.011550
0.025450
0.026125
0.038000
0.039400
0.040900
0.051375
0.057125
0.066775
0.068500
0.073300
0.080725
0.084225
0.084500
0.087550
0.092425
0.097500
0.101725
0.109975
0.122050
0.130075
0.139325
0.140050
0.140575
0.148225
0.151375
0.151425
0.152250
0.159675
0.161350
0.172050
0.174350
0.184200
0.194375
0.198175
0.205950
0.207675
0.217600
0.221150
0.226450
0.230150
0.239700
0.259300
0.265300
0.274100
0.282475
0.286075
0.295025
0.297500
0.303450
0.308375
0.319925
0.323800
0.336550
0.344775
0.347275
0.375875
0.375875
0.378425
0.380750
0.383475
0.389100
0.392075
0.392150
0.392600
0.402525
0.403250
0.405200
0.411600
0.413950
0.416450
0.416950
0.420750
0.421300
0.425800
0.428175
0.431775
0.436525
0.436775
0.441125
0.444550
0.446025
0.455200
0.459600
0.463350
0.481125
0.485375
0.485400
0.486050
0.486675
0.493150
0.494225
0.494575
0.499225
0.504700
0.507675
0.510000
0.514525
0.520225
0.529950
0.541650
0.542150
0.551675
0.554150
0.560475
0.563950
0.567525
0.576000
0.582850
0.587100
0.598250
0.599025
0.606750
0.610400
0.613825
0.613950
0.617850
0.621950
0.623125
0.630425
0.634675
0.641550
0.642950
0.667525
0.673300
0.677550
0.680600
0.682175
0.688250
0.695400
0.697275
0.698225
0.698400
0.703300
0.706375
0.719925
0.720925
0.722250
0.733450
0.749500
0.752225
0.755675
0.756625
0.760725
0.761450
0.786725
0.788125
0.793675
0.793925
0.802075
0.823275
0.823950
0.829000
0.830400
0.830800
0.831725
0.850650
0.850875
0.853900
0.858375
0.859075
0.868875
0.871475
0.885300
0.894050
0.895500
0.913675
0.922350
0.923450
0.927975
0.932950
0.934650
0.938775
0.945225
0.948275
0.948675
0.951700
0.951875
0.963225
0.964900
1.001800
1.003400
1.016975
1.018675
1.029200
1.042575
1.086900
1.086950
1.089550
1.109125
1.133875
1.185350
1.189900
1.201025
1.235425
1.258900
1.270125
1.277000
1.288475
1.297175
1.340700
1.402225
1.403900
1.436700
1.458975
1.485425
1.527700
1.655175
1.675800
1.692050
1.762450
1.777725
1.861175
1.886550
1.914700
2.117600
2.200500
2.320700
2.375675
220
