0.005400
0.012125
0.015200
0.015400
0.019850
0.020975
0.021950
0.038600
0.046250
0.056250
0.060000
0.060275
0.064275
0.068175
0.072750
0.082700
0.086525
0.095500
0.096025
0.098875
0.101775
0.101850
0.106825
0.109400
0.132275
0.140050
0.142475
0.144025
0.144725
0.151625
0.181150
0.181950
0.182800
0.185750
0.186100
0.190350
0.191400
0.193125
0.195225
0.202850
0.208450
0.224425
0.226450
0.226750
0.234550
0.238875
0.251675
0.256150
0.257225
0.261775
0.263675
0.276775
0.284800
0.285600
0.293600
0.298650
0.300700
0.303075
0.303200
0.305100
0.307725
0.319500
0.321500
0.324975
0.329800
0.337000
0.337875
0.337900
0.340600
0.343750
0.344150
0.345625
0.347225
0.348575
0.354175
0.360300
0.360600
0.364425
0.368550
0.370950
0.371725
0.378875
0.394050
0.396700
0.404225
0.406525
0.412425
0.414325
0.417575
0.420475
0.429950
0.438900
0.442175
0.444325
0.448800
0.462775
0.478550
0.488725
0.489025
0.492600
0.498400
0.501550
0.503700
0.506900
0.507525
0.509475
0.516950
0.520700
0.521425
0.524600
0.525650
0.539850
0.551450
0.564475
0.567175
0.573975
0.574625
0.584075
0.585950
0.603900
0.607200
0.608950
0.613175
0.620350
0.622275
0.625025
0.625475
0.631650
0.634400
0.640175
0.642125
0.643125
0.659225
0.660000
0.665950
0.667050
0.677300
0.685375
0.688625
0.689325
0.694000
0.710750
0.721900
0.734175
0.734575
0.735250
0.737400
0.740575
0.741250
0.743475
0.746950
0.748575
0.758325
0.760200
0.760775
0.762650
0.764675
0.780275
0.795325
0.805600
0.808750
0.813675
0.816150
0.817700
0.832725
0.840975
0.841775
0.859275
0.860775
0.865600
0.868150
0.875150
0.877650
0.878450
0.884825
0.887400
0.893700
0.895975
0.898200
0.901825
0.905500
0.908275
0.914900
0.922675
0.940050
0.943050
0.947000
0.948775
0.954625
0.958400
0.965725
0.975475
0.976725
0.991575
0.993875
1.003975
1.004025
1.010125
1.010825
1.011500
1.034550
1.034975
1.037125
1.049475
1.059325
1.060075
1.091100
1.101600
1.112825
1.115925
1.139600
1.145875
1.154000
1.154925
1.157000
1.158175
1.160525
1.203825
1.209125
1.219325
1.220150
1.224850
1.236650
1.237200
1.255825
1.265650
1.277925
1.322400
1.348450
1.359150
1.414000
1.427525
1.441225
1.441250
1.499600
1.558375
1.568100
1.632350
1.635925
1.647975
1.686075
1.765550
1.896850
2.044275
2.109125
2.288175
2.344725
2.389950
2.440775
249
