0.006175
0.007825
0.018550
0.018750
0.019625
0.024150
0.031700
0.033025
0.037375
0.053900
0.054775
0.054975
0.065500
0.070000
0.072575
0.076725
0.083500
0.089250
0.090475
0.092250
0.097925
0.112525
0.133675
0.140575
0.146025
0.146775
0.154775
0.155225
0.155650
0.159050
0.165000
0.165250
0.171550
0.173675
0.174625
0.180275
0.184000
0.185825
0.187100
0.188375
0.190150
0.193700
0.194525
0.200850
0.204200
0.207850
0.208800
0.227900
0.229200
0.229625
0.232075
0.235975
0.237800
0.240700
0.243375
0.248275
0.250725
0.250850
0.252575
0.257025
0.257675
0.272675
0.283500
0.288400
0.289025
0.290225
0.293175
0.298400
0.303175
0.306900
0.311925
0.313050
0.315575
0.317000
0.319500
0.320825
0.337300
0.343400
0.346100
0.348300
0.353650
0.359900
0.370450
0.377550
0.383825
0.387000
0.388125
0.392175
0.395900
0.396700
0.399200
0.403500
0.405900
0.407275
0.408000
0.414175
0.420175
0.423225
0.433825
0.438725
0.440950
0.445450
0.447925
0.449175
0.451700
0.456575
0.457250
0.460225
0.462200
0.462700
0.466450
0.489125
0.490300
0.494500
0.508900
0.510675
0.511225
0.514900
0.520725
0.525100
0.525650
0.526075
0.528075
0.529250
0.547175
0.556775
0.561900
0.561925
0.568850
0.597525
0.622150
0.627700
0.630975
0.642050
0.644725
0.647825
0.652100
0.652825
0.653325
0.659000
0.662450
0.664050
0.664100
0.664925
0.666250
0.670650
0.674150
0.688600
0.695575
0.699375
0.704550
0.718075
0.719050
0.722325
0.724775
0.726200
0.729675
0.733800
0.738550
0.740425
0.767050
0.774075
0.776025
0.778300
0.779675
0.785625
0.788475
0.794200
0.797775
0.815850
0.826700
0.828550
0.848150
0.849650
0.856375
0.858100
0.866875
0.875250
0.875500
0.886875
0.888525
0.895600
0.921525
0.923075
0.928500
0.930850
0.936825
0.939075
0.939750
0.951475
0.951675
0.958275
0.959325
0.960400
0.962875
0.966275
0.980175
0.988975
0.991275
0.992000
0.997575
1.000625
1.011600
1.014000
1.021225
1.026875
1.034425
1.046125
1.079450
1.092075
1.100675
1.113900
1.130000
1.135725
1.161400
1.183725
1.189500
1.198125
1.203350
1.220300
1.275375
1.282250
1.324375
1.351000
1.361025
1.389975
1.413425
1.439100
1.440725
1.443675
1.472950
1.532525
1.538850
1.699650
1.782900
1.905250
1.929375
2.100550
2.389450
2.463550
240
