0.015750
0.017625
0.028450
0.035550
0.036850
0.041575
0.041675
0.042675
0.046275
0.047100
0.048725
0.058950
0.062575
0.064500
0.065125
0.070525
0.073125
0.076000
0.076775
0.086650
0.093850
0.094825
0.099800
0.113675
0.122350
0.132075
0.137900
0.138100
0.149050
0.151975
0.160350
0.160475
0.165850
0.175725
0.186575
0.187800
0.192125
0.196100
0.197825
0.198425
0.199150
0.199600
0.203750
0.208450
0.210275
0.214275
0.214900
0.219100
0.223150
0.232875
0.234925
0.236475
0.247300
0.255300
0.260050
0.268250
0.269050
0.276775
0.281325
0.283375
0.292450
0.292550
0.294575
0.305800
0.309850
0.315750
0.316500
0.322675
0.325875
0.328475
0.331525
0.344250
0.351100
0.351850
0.354925
0.358675
0.359650
0.363050
0.372250
0.374300
0.379225
0.381675
0.382250
0.383725
0.386825
0.387575
0.387700
0.392450
0.395825
0.395875
0.398350
0.402150
0.403875
0.405625
0.406975
0.407950
0.408675
0.409300
0.410450
0.410800
0.412800
0.416175
0.424350
0.429575
0.430275
0.430500
0.430650
0.434175
0.439500
0.444400
0.449900
0.456150
0.458075
0.467275
0.470250
0.470875
0.472525
0.472650
0.478050
0.479100
0.481900
0.482550
0.492325
0.504725
0.504800
0.512825
0.515950
0.518475
0.521050
0.525975
0.532725
0.539900
0.540225
0.541525
0.544400
0.553350
0.554350
0.555050
0.556425
0.564250
0.576575
0.580200
0.580775
0.584875
0.584950
0.587025
0.587650
0.588275
0.593775
0.597325
0.598500
0.598700
0.598900
0.607125
0.607600
0.610875
0.615600
0.624475
0.625700
0.626225
0.627275
0.630550
0.633150
0.640300
0.644725
0.654325
0.659225
0.660875
0.665350
0.676175
0.681500
0.697450
0.698950
0.699275
0.706925
0.710600
0.710900
0.711225
0.717675
0.719175
0.725675
0.729875
0.738025
0.742600
0.745600
0.749300
0.755500
0.757575
0.764050
0.766300
0.772100
0.772175
0.781875
0.784525
0.787625
0.797000
0.800700
0.805075
0.814575
0.815400
0.819750
0.819850
0.848575
0.848750
0.853400
0.854950
0.855650
0.856750
0.861125
0.874175
0.876900
0.878250
0.881425
0.884225
0.887800
0.889300
0.900375
0.913725
0.914650
0.915225
0.915550
0.916950
0.920300
0.923850
0.924050
0.940525
0.956775
0.961725
0.981775
0.988300
0.990625
0.991475
0.992750
1.029350
1.037500
1.037725
1.038275
1.038600
1.047850
1.051750
1.077700
1.090700
1.094600
1.118925
1.132975
1.134225
1.143075
1.165475
1.173825
1.179975
1.186975
1.195075
1.225425
1.233650
1.238625
1.346650
1.349100
1.360150
1.360275
1.366900
1.444625
1.471575
1.498525
1.513000
1.575450
1.620850
1.732000
1.754200
1.782550
1.849800
2.084725
2.355475
2.497625
273
