0.002800
0.007000
0.020650
0.023250
0.023625
0.031075
0.036525
0.041450
0.041825
0.042550
0.043500
0.045250
0.055725
0.056675
0.057150
0.062850
0.066575
0.068400
0.069100
0.077650
0.081350
0.095700
0.101475
0.109475
0.118750
0.123650
0.124925
0.130550
0.134175
0.138475
0.138575
0.140425
0.140575
0.140900
0.141175
0.144650
0.144700
0.145250
0.146100
0.153125
0.156475
0.165675
0.167625
0.170675
0.174475
0.176050
0.191200
0.191750
0.193525
0.194875
0.197925
0.204025
0.205950
0.206250
0.214675
0.219550
0.227275
0.228950
0.235075
0.235075
0.235225
0.236450
0.247825
0.248525
0.248600
0.250925
0.251975
0.252025
0.252150
0.258625
0.260125
0.261075
0.263450
0.264425
0.264500
0.266050
0.274625
0.283775
0.291900
0.298200
0.304800
0.310500
0.319200
0.323325
0.330400
0.337925
0.341050
0.345500
0.351300
0.352250
0.358775
0.359775
0.363000
0.364975
0.368100
0.371850
0.373800
0.378700
0.380550
0.386350
0.390325
0.391125
0.392200
0.393125
0.401775
0.407375
0.409475
0.415000
0.419050
0.427200
0.427400
0.438925
0.440175
0.440400
0.443075
0.456850
0.459450
0.473200
0.474250
0.475050
0.476775
0.479000
0.482100
0.484100
0.487925
0.495875
0.496250
0.497650
0.500850
0.500875
0.511650
0.512375
0.512625
0.514750
0.515925
0.518225
0.519850
0.531200
0.533025
0.535900
0.538150
0.554250
0.568300
0.570825
0.574625
0.576700
0.579100
0.583650
0.587425
0.587700
0.588825
0.592950
0.595125
0.597650
0.602675
0.605075
0.606500
0.613450
0.617725
0.618925
0.621300
0.621800
0.622075
0.626250
0.635050
0.640900
0.645900
0.648550
0.652925
0.657250
0.657700
0.658550
0.662575
0.663725
0.670025
0.671350
0.674925
0.677325
0.678925
0.686875
0.694750
0.700925
0.703950
0.711350
0.713475
0.719300
0.728350
0.734825
0.746675
0.748725
0.751675
0.754100
0.754800
0.756600
0.757500
0.765350
0.781025
0.785025
0.791975
0.796175
0.799650
0.800000
0.801350
0.809300
0.815800
0.830000
0.834150
0.834375
0.839400
0.839575
0.845375
0.850800
0.877900
0.878675
0.879575
0.893075
0.908100
0.911625
0.930700
0.938075
0.940225
0.949650
0.954025
0.967975
1.006425
1.011175
1.031075
1.031850
1.038450
1.050425
1.067675
1.068750
1.073225
1.084250
1.089625
1.092075
1.099325
1.141650
1.141800
1.153925
1.174350
1.176525
1.178175
1.218075
1.228325
1.243875
1.247425
1.247450
1.255975
1.305075
1.353925
1.400025
1.414900
1.427875
1.434275
1.439075
1.440250
1.440850
1.468400
1.515575
1.526350
1.555800
1.611225
1.618275
1.681475
1.698150
1.728775
1.825975
1.845900
1.911275
2.093550
2.256500
2.472800
273
