0.005975
0.007425
0.009950
0.021075
0.026050
0.031775
0.032500
0.042550
0.043775
0.047025
0.059225
0.066375
0.067275
0.075075
0.081825
0.087525
0.087975
0.091800
0.091900
0.119925
0.120925
0.127075
0.131475
0.134900
0.140700
0.153650
0.156800
0.166800
0.167450
0.178125
0.199325
0.202700
0.203025
0.204975
0.209450
0.216000
0.218850
0.228250
0.229250
0.233875
0.239650
0.242325
0.243375
0.243575
0.246675
0.255825
0.268325
0.275950
0.276250
0.280600
0.282025
0.283350
0.293425
0.293475
0.294400
0.301125
0.314750
0.326350
0.327425
0.331475
0.332325
0.333125
0.333350
0.344350
0.355100
0.358875
0.360175
0.360475
0.360475
0.361900
0.364475
0.373700
0.375075
0.376450
0.377025
0.386500
0.387250
0.395500
0.415825
0.416525
0.422750
0.424275
0.429675
0.432025
0.436650
0.436750
0.442625
0.448125
0.455125
0.459750
0.462450
0.466350
0.467900
0.469325
0.478200
0.490225
0.492775
0.510775
0.511425
0.513950
0.514975
0.527875
0.536050
0.541025
0.548225
0.549250
0.555625
0.559075
0.561675
0.569300
0.571325
0.575075
0.577350
0.578875
0.582525
0.582725
0.583050
0.604325
0.617350
0.617725
0.620525
0.622100
0.629350
0.639700
0.642425
0.643325
0.644300
0.648600
0.649975
0.651875
0.653875
0.656150
0.660100
0.666600
0.671550
0.674875
0.678675
0.693200
0.695150
0.703450
0.704975
0.709325
0.712100
0.717600
0.732425
0.735475
0.743850
0.748100
0.771800
0.772625
0.772825
0.775175
0.783700
0.802700
0.806975
0.809475
0.809650
0.809675
0.810600
0.812900
0.816725
0.816850
0.826100
0.827200
0.839500
0.839500
0.845100
0.846225
0.846700
0.847050
0.851375
0.863300
0.869775
0.875850
0.892750
0.898100
0.906325
0.908825
0.911550
0.918050
0.919400
0.928800
0.933300
0.936100
0.936725
0.937400
0.938950
0.940700
0.946750
0.959075
0.963750
0.969525
0.970425
0.972525
0.985025
0.991350
1.008775
1.009125
1.009800
1.017000
1.036575
1.038050
1.038925
1.053375
1.053775
1.070000
1.081425
1.089775
1.105225
1.130525
1.134350
1.150050
1.163225
1.197375
1.216500
1.233350
1.258925
1.260875
1.269450
1.274325
1.287825
1.323800
1.326375
1.355550
1.358050
1.377725
1.412200
1.418425
1.420250
1.438875
1.443725
1.456675
1.471125
1.495400
1.506950
1.538425
1.578025
1.643775
1.644800
1.679400
1.680650
1.708225
1.733775
1.740125
1.754600
1.897750
1.930575
1.938225
2.044575
2.417875
250
