0.004275
0.005200
0.009000
0.012925
0.018000
0.018075
0.021400
0.023475
0.024700
0.026000
0.030050
0.031000
0.031725
0.044375
0.052475
0.057000
0.057425
0.059650
0.060175
0.061650
0.063950
0.068975
0.072150
0.081100
0.082650
0.087525
0.091625
0.106100
0.109350
0.112800
0.113200
0.114000
0.122500
0.123175
0.125625
0.125975
0.134175
0.134825
0.142700
0.143825
0.144175
0.147425
0.148800
0.149050
0.151550
0.158050
0.162700
0.165850
0.183325
0.184925
0.190375
0.199725
0.201100
0.201600
0.202350
0.205400
0.205400
0.206550
0.209600
0.211800
0.218850
0.220475
0.223200
0.233550
0.240700
0.244975
0.246725
0.255825
0.257075
0.258175
0.262125
0.262550
0.263700
0.266100
0.268475
0.272875
0.274375
0.285100
0.286450
0.288050
0.300425
0.308175
0.313300
0.316275
0.317650
0.319925
0.325275
0.325775
0.331400
0.335725
0.354000
0.359325
0.365350
0.365625
0.367175
0.374100
0.376275
0.378625
0.383475
0.389300
0.395275
0.406725
0.415775
0.427825
0.432600
0.441200
0.445375
0.445750
0.461000
0.468925
0.469900
0.476125
0.483825
0.485200
0.492475
0.493450
0.493975
0.495025
0.496950
0.500900
0.502675
0.512425
0.516350
0.517750
0.521150
0.529350
0.533625
0.541475
0.549350
0.552800
0.564450
0.565550
0.584000
0.587300
0.590150
0.590475
0.596025
0.617350
0.617925
0.623550
0.624750
0.627275
0.632650
0.634475
0.636275
0.657250
0.660275
0.665400
0.666875
0.676150
0.685025
0.693550
0.695325
0.700450
0.705250
0.711300
0.712250
0.713200
0.719300
0.726600
0.730500
0.735525
0.736075
0.746275
0.750900
0.751075
0.751275
0.755000
0.756425
0.761625
0.766775
0.770600
0.771250
0.772350
0.779350
0.780775
0.783100
0.793025
0.804500
0.816950
0.819725
0.825950
0.829100
0.831500
0.834500
0.834950
0.850125
0.853125
0.859150
0.869550
0.881150
0.883175
0.887775
0.902325
0.903825
0.912900
0.925600
0.927975
0.935725
0.941225
0.943750
0.955550
0.957200
0.965950
0.980975
0.981225
0.981950
0.982150
0.986175
1.014450
1.033150
1.036200
1.040825
1.064400
1.070250
1.094175
1.114025
1.116225
1.154425
1.159700
1.163275
1.176200
1.178900
1.193750
1.194075
1.198000
1.201450
1.208300
1.273225
1.282550
1.284475
1.287725
1.296075
1.297625
1.302800
1.305325
1.310925
1.336925
1.375525
1.401900
1.518725
1.546100
1.617600
1.703900
1.784550
1.858250
1.997700
2.097825
2.127075
2.135175
2.373900
251
