0.001850
0.003175
0.003450
0.006450
0.010200
0.014925
0.017300
0.022350
0.024125
0.024175
0.033375
0.033500
0.038225
0.044575
0.047875
0.049600
0.058900
0.061675
0.069175
0.075175
0.080750
0.087025
0.093075
0.100775
0.112250
0.121350
0.122750
0.125525
0.127375
0.127575
0.130675
0.137450
0.138725
0.139750
0.144350
0.148450
0.150075
0.157875
0.158625
0.163375
0.165425
0.166175
0.168150
0.170825
0.175075
0.176050
0.176900
0.178650
0.181000
0.194225
0.194650
0.200250
0.205925
0.211000
0.217275
0.219725
0.219925
0.227675
0.232550
0.236100
0.244225
0.249200
0.261975
0.261975
0.264650
0.281925
0.284800
0.290250
0.298225
0.301925
0.305000
0.309150
0.310175
0.320950
0.324675
0.325000
0.330100
0.332075
0.334175
0.336275
0.347575
0.351275
0.352700
0.369350
0.370175
0.370975
0.379375
0.380175
0.380850
0.389750
0.391000
0.399650
0.401400
0.403100
0.403425
0.404775
0.409700
0.410100
0.410175
0.410525
0.412975
0.414850
0.417100
0.422725
0.425325
0.432250
0.433225
0.440400
0.448275
0.456800
0.458400
0.460275
0.463075
0.467850
0.467925
0.469000
0.478400
0.488875
0.490575
0.491100
0.492475
0.498925
0.505625
0.516250
0.519000
0.526475
0.533375
0.539400
0.541125
0.541225
0.550700
0.573000
0.574600
0.577125
0.579475
0.591225
0.592750
0.593850
0.598050
0.599800
0.601200
0.601550
0.602075
0.602350
0.605275
0.611300
0.620475
0.624950
0.627875
0.629550
0.629625
0.632950
0.645575
0.652875
0.658750
0.661150
0.663825
0.670050
0.674150
0.676325
0.682125
0.688200
0.712600
0.714400
0.715250
0.715275
0.731075
0.734500
0.734775
0.735550
0.736250
0.737450
0.740375
0.744075
0.746525
0.747300
0.747875
0.748475
0.758650
0.761025
0.765900
0.781725
0.787400
0.790450
0.794975
0.796675
0.798625
0.803875
0.805950
0.807600
0.814050
0.821775
0.824875
0.828675
0.840550
0.842550
0.846400
0.848875
0.871850
0.878975
0.882275
0.883825
0.888125
0.896700
0.919375
0.925875
0.935525
0.946875
0.959375
0.966625
0.968225
0.968875
0.971225
0.973775
0.986775
0.996650
0.999325
1.002775
1.011150
1.020625
1.039600
1.043175
1.064675
1.089150
1.090250
1.098175
1.103375
1.112350
1.118975
1.122275
1.122825
1.135650
1.146175
1.146400
1.148950
1.155525
1.173100
1.218150
1.223050
1.242600
1.250850
1.259300
1.286375
1.301825
1.392125
1.401775
1.422375
1.422600
1.428875
1.500575
1.535950
1.537900
1.558875
1.567650
1.583100
1.669725
1.713725
1.744775
1.807350
1.858600
1.863900
2.038825
2.187900
2.402675
264
