0.001225
0.002150
0.004125
0.005575
0.006150
0.007700
0.009125
0.009825
0.019950
0.023275
0.025250
0.027675
0.029450
0.030325
0.034125
0.041750
0.047250
0.047550
0.058825
0.061825
0.063875
0.073550
0.081475
0.086050
0.091550
0.093275
0.101100
0.101600
0.101600
0.102400
0.108400
0.110025
0.113575
0.120250
0.126625
0.130500
0.131375
0.133925
0.140100
0.140950
0.149275
0.149450
0.157225
0.164650
0.168800
0.176250
0.176725
0.177650
0.179875
0.196375
0.207450
0.208375
0.212375
0.212650
0.215025
0.224875
0.231025
0.240375
0.250925
0.252500
0.255875
0.262500
0.277250
0.282025
0.288325
0.289150
0.289200
0.289275
0.300700
0.317450
0.323850
0.328800
0.333275
0.343750
0.344375
0.351250
0.353175
0.361825
0.366175
0.373650
0.374600
0.377325
0.378475
0.378550
0.380575
0.398425
0.400525
0.404425
0.409050
0.413825
0.417750
0.419275
0.426150
0.434875
0.445350
0.447625
0.449125
0.460250
0.467750
0.476600
0.478050
0.480650
0.487475
0.487600
0.489900
0.490200
0.494050
0.494875
0.498850
0.499100
0.511900
0.512700
0.513425
0.517800
0.527150
0.533425
0.539800
0.545925
0.548225
0.568275
0.580175
0.582725
0.585475
0.587800
0.597925
0.601875
0.611250
0.618450
0.618675
0.618775
0.620525
0.624250
0.628700
0.630150
0.632100
0.644475
0.645675
0.647225
0.648700
0.652825
0.655975
0.658150
0.663700
0.665250
0.665425
0.667250
0.670200
0.672875
0.674125
0.678900
0.682550
0.682750
0.684075
0.685200
0.688000
0.694125
0.698150
0.701575
0.702500
0.703875
0.720550
0.724625
0.726850
0.730800
0.730900
0.743250
0.746475
0.747575
0.750100
0.755150
0.755150
0.759325
0.759475
0.775650
0.782575
0.787775
0.789675
0.790600
0.796925
0.815225
0.828875
0.830825
0.832025
0.834125
0.834900
0.838225
0.843150
0.850500
0.851325
0.865250
0.883775
0.888450
0.895025
0.916550
0.917650
0.942875
0.943750
0.949325
0.956800
0.963050
0.966725
0.980525
0.980875
0.997050
1.010300
1.022050
1.043325
1.062375
1.062700
1.093275
1.096975
1.111225
1.134550
1.141700
1.173800
1.180575
1.200400
1.206100
1.206550
1.252500
1.260675
1.286925
1.295950
1.297200
1.303200
1.323750
1.330000
1.330875
1.406750
1.420650
1.476425
1.512275
1.585525
1.628425
1.633625
1.687625
1.741050
1.755800
1.766075
1.878775
1.884975
1.949250
1.976425
1.982850
2.145275
245
