0.003250
0.005025
0.025175
0.025225
0.033900
0.034175
0.035250
0.045925
0.048375
0.049875
0.054175
0.058025
0.058825
0.065125
0.077400
0.077425
0.081950
0.095750
0.096600
0.105650
0.112500
0.117075
0.129350
0.162650
0.166350
0.166650
0.169175
0.169950
0.172025
0.173675
0.174825
0.179550
0.179775
0.184575
0.186925
0.187650
0.188625
0.194400
0.200225
0.204700
0.205150
0.208225
0.209775
0.216325
0.218950
0.219625
0.220875
0.228650
0.230575
0.232000
0.246550
0.249450
0.249525
0.252425
0.259700
0.262350
0.270475
0.273650
0.279425
0.280575
0.284350
0.292950
0.294900
0.309250
0.317150
0.318700
0.321425
0.321575
0.323825
0.325725
0.334850
0.336925
0.338075
0.338725
0.345575
0.352525
0.357625
0.361750
0.363000
0.374550
0.377025
0.393450
0.394775
0.396900
0.402425
0.405150
0.405250
0.413875
0.417050
0.417175
0.422300
0.427225
0.430700
0.438225
0.438450
0.439775
0.440900
0.449400
0.451600
0.457000
0.459675
0.461150
0.467450
0.473900
0.483100
0.486025
0.489350
0.489975
0.496125
0.502150
0.517700
0.521125
0.525225
0.533050
0.533475
0.533775
0.537225
0.541550
0.541925
0.550975
0.551400
0.556925
0.557125
0.566675
0.578700
0.585450
0.588100
0.592375
0.601375
0.603750
0.605600
0.613675
0.616525
0.625175
0.625575
0.625800
0.636750
0.638050
0.638075
0.642150
0.644625
0.655300
0.659475
0.662225
0.665400
0.675450
0.680600
0.684425
0.684725
0.688825
0.695000
0.698875
0.701275
0.703700
0.704700
0.705200
0.706275
0.714500
0.719950
0.724050
0.726500
0.730175
0.741800
0.745025
0.748875
0.750650
0.752150
0.757175
0.761100
0.766975
0.778425
0.787850
0.789800
0.792175
0.793375
0.798900
0.806900
0.812325
0.812775
0.817375
0.819675
0.824050
0.831675
0.835075
0.837650
0.843525
0.852325
0.853300
0.853425
0.869325
0.877200
0.877425
0.878275
0.894075
0.896825
0.902000
0.909225
0.915100
0.919725
0.921375
0.932300
0.939450
0.943025
0.949350
0.953250
0.953525
0.956275
0.956450
0.965975
0.971500
0.984575
0.991550
0.998150
1.009200
1.020225
1.029000
1.036350
1.048150
1.050425
1.055125
1.061025
1.064850
1.088675
1.097750
1.098775
1.116600
1.139000
1.142175
1.145350
1.165075
1.171425
1.190175
1.192575
1.198400
1.202375
1.220325
1.229375
1.257075
1.257650
1.307675
1.366650
1.371625
1.389700
1.418325
1.437825
1.461600
1.463075
1.473900
1.480050
1.480500
1.492300
1.516925
1.519375
1.537200
1.554300
1.641700
1.659225
1.669825
1.676075
1.707700
1.961700
1.997900
2.040425
2.119275
2.199825
2.253575
2.297875
2.395900
268
