0.000125
0.002550
0.003625
0.006250
0.018525
0.021100
0.026825
0.030900
0.032600
0.037975
0.054475
0.057225
0.059025
0.060375
0.067525
0.067775
0.068125
0.068575
0.071050
0.082200
0.088275
0.100500
0.111125
0.114100
0.114500
0.118425
0.121475
0.123025
0.125075
0.130325
0.131925
0.133975
0.143500
0.152250
0.155075
0.159625
0.160125
0.169225
0.176350
0.178000
0.181850
0.201250
0.201475
0.214550
0.215025
0.219925
0.222275
0.224350
0.227600
0.236250
0.238525
0.240125
0.244425
0.252475
0.256350
0.257400
0.262575
0.264875
0.266650
0.268875
0.277500
0.284750
0.286350
0.290875
0.291375
0.297900
0.304050
0.306200
0.315175
0.317800
0.319200
0.325600
0.331750
0.333575
0.335175
0.336125
0.349600
0.354725
0.366525
0.367225
0.371100
0.383700
0.392150
0.393750
0.400325
0.402650
0.413325
0.413450
0.415725
0.418725
0.419575
0.420475
0.434850
0.441950
0.447575
0.452050
0.452375
0.452925
0.453825
0.455000
0.457925
0.461825
0.473400
0.475100
0.476875
0.490500
0.491500
0.494150
0.495975
0.499975
0.501550
0.502625
0.513925
0.522525
0.525250
0.526450
0.527750
0.528575
0.531200
0.534225
0.537300
0.547000
0.563225
0.565325
0.567700
0.577375
0.578350
0.579525
0.580725
0.582375
0.584300
0.599900
0.601675
0.617225
0.633750
0.663175
0.664825
0.667950
0.671975
0.676150
0.678225
0.678400
0.693625
0.706700
0.707000
0.716950
0.724400
0.728425
0.738925
0.741700
0.743175
0.748825
0.751625
0.768150
0.771900
0.772975
0.774575
0.775150
0.777950
0.780575
0.791100
0.793900
0.794950
0.817225
0.823000
0.824825
0.825075
0.827625
0.829300
0.833400
0.838925
0.846575
0.854750
0.855475
0.856750
0.857275
0.864500
0.866775
0.880350
0.883450
0.891100
0.891475
0.893250
0.893925
0.906125
0.914525
0.921375
0.927450
0.930075
0.952150
0.953825
0.955000
0.957275
0.959250
0.968350
0.970125
0.972350
0.976675
0.982675
0.986850
1.007200
1.009575
1.026775
1.028825
1.038250
1.041150
1.052200
1.052300
1.053850
1.057575
1.065825
1.066900
1.069500
1.071100
1.073150
1.080250
1.087600
1.149375
1.169000
1.171550
1.176650
1.179675
1.187100
1.187375
1.228025
1.238575
1.249375
1.254550
1.277175
1.285600
1.303500
1.335850
1.379025
1.390575
1.391450
1.412025
1.418600
1.446575
1.452225
1.463650
1.471850
1.509500
1.596275
1.657850
1.738175
1.739400
1.743600
1.778975
1.811225
1.828300
1.925575
2.274375
2.289750
253
