0.001350
0.006625
0.008350
0.009150
0.009250
0.012125
0.019100
0.021225
0.045250
0.047825
0.051350
0.056100
0.056750
0.066150
0.069625
0.072675
0.075250
0.081825
0.086225
0.090825
0.103550
0.112900
0.115950
0.117050
0.118175
0.118650
0.118775
0.121925
0.133900
0.148175
0.154450
0.162825
0.163950
0.172050
0.173700
0.174725
0.176100
0.186900
0.192775
0.197000
0.200975
0.211000
0.212875
0.217025
0.219175
0.221575
0.228625
0.231450
0.237150
0.249950
0.254650
0.255400
0.266725
0.284275
0.292425
0.305075
0.308250
0.317475
0.319525
0.321000
0.322450
0.326550
0.327300
0.328675
0.331600
0.338650
0.341475
0.344100
0.348900
0.348925
0.350125
0.361075
0.369475
0.372300
0.379925
0.387375
0.396225
0.398625
0.399575
0.402900
0.407925
0.408200
0.413700
0.422500
0.422575
0.429825
0.430300
0.437800
0.445550
0.449150
0.450625
0.459500
0.462375
0.468575
0.468625
0.472475
0.472500
0.475750
0.487300
0.490750
0.495725
0.499075
0.501000
0.502325
0.502750
0.506225
0.515150
0.525425
0.530650
0.531550
0.540750
0.541300
0.549775
0.558375
0.558425
0.565050
0.573300
0.574775
0.574950
0.577100
0.583250
0.591950
0.601450
0.607925
0.612950
0.621000
0.623400
0.624150
0.637750
0.643000
0.643425
0.653200
0.661175
0.666050
0.667575
0.667625
0.671900
0.677625
0.682725
0.683400
0.692800
0.707675
0.708575
0.714350
0.720200
0.731800
0.733225
0.734400
0.736300
0.740925
0.754200
0.761625
0.762150
0.766800
0.770700
0.773300
0.775450
0.779450
0.779950
0.780225
0.785450
0.790450
0.794150
0.796000
0.796025
0.797350
0.804975
0.806750
0.813225
0.816675
0.827700
0.840725
0.841650
0.846150
0.856600
0.856950
0.860475
0.862850
0.867700
0.888150
0.903350
0.910425
0.919200
0.920950
0.922775
0.923925
0.937325
0.951300
0.955500
0.956050
0.982475
0.989300
1.004275
1.020550
1.026750
1.028750
1.036775
1.039800
1.056725
1.060625
1.092250
1.108550
1.114375
1.114875
1.121275
1.127575
1.144375
1.175675
1.203225
1.219450
1.245925
1.248325
1.302850
1.324700
1.343525
1.351750
1.383400
1.385300
1.442475
1.472975
1.529350
1.563175
1.591600
1.613225
1.637575
1.874875
1.924750
2.090925
2.110425
229
