0.001550
0.006550
0.016975
0.026625
0.027400
0.028225
0.033525
0.036975
0.037025
0.040525
0.046000
0.046900
0.053975
0.054900
0.066225
0.067575
0.078500
0.092625
0.098450
0.098700
0.101100
0.103075
0.107600
0.121975
0.122000
0.125025
0.127075
0.130700
0.131225
0.133200
0.136450
0.143100
0.143825
0.144550
0.149250
0.154825
0.161750
0.162875
0.168375
0.182875
0.193975
0.198325
0.209350
0.213700
0.216700
0.221250
0.225100
0.227625
0.244525
0.256675
0.260625
0.263250
0.268475
0.269575
0.271225
0.277000
0.281125
0.285875
0.288125
0.294750
0.298850
0.308875
0.312450
0.323600
0.326750
0.328750
0.329600
0.333375
0.335150
0.336775
0.339775
0.340900
0.347725
0.350075
0.352525
0.361900
0.364525
0.376550
0.379025
0.380550
0.384850
0.385875
0.386175
0.387600
0.404925
0.405675
0.413200
0.420425
0.425175
0.433450
0.436025
0.436400
0.438650
0.441600
0.444000
0.446350
0.448500
0.456400
0.458600
0.465875
0.467300
0.475100
0.476900
0.486500
0.499050
0.506125
0.508875
0.512500
0.520075
0.534575
0.534725
0.534750
0.534750
0.540500
0.545850
0.551400
0.551925
0.555450
0.561250
0.562400
0.570575
0.572550
0.581525
0.585550
0.598225
0.616450
0.617250
0.618125
0.623200
0.623925
0.628375
0.633400
0.633425
0.635275
0.637275
0.659300
0.659775
0.667650
0.668825
0.670850
0.672450
0.676600
0.679225
0.682050
0.684800
0.685225
0.685525
0.701400
0.703550
0.705200
0.706600
0.713375
0.723700
0.723725
0.724200
0.743350
0.746200
0.754275
0.760575
0.762200
0.762450
0.765675
0.766075
0.771650
0.772525
0.779625
0.786375
0.791825
0.794600
0.795900
0.797700
0.807200
0.846900
0.849000
0.862075
0.862750
0.866725
0.868575
0.884225
0.904425
0.910225
0.914225
0.917400
0.927925
0.933475
0.941925
0.942500
0.950975
0.954825
0.972475
0.973050
0.990850
0.996650
1.000400
1.004450
1.007300
1.007925
1.017275
1.018525
1.022600
1.023050
1.024175
1.025725
1.046750
1.047500
1.051750
1.054425
1.054425
1.070975
1.078250
1.087800
1.088925
1.090575
1.099200
1.111950
1.127175
1.133625
1.134425
1.140450
1.142700
1.183475
1.243600
1.246825
1.255350
1.271575
1.283650
1.288925
1.291975
1.334925
1.340900
1.373375
1.378425
1.405275
1.421975
1.436000
1.458650
1.458850
1.464625
1.470100
1.483525
1.484425
1.502925
1.506325
1.519325
1.547025
1.548100
1.555525
1.560200
1.623600
1.623800
1.652775
1.686200
1.823200
1.842650
1.845350
1.855725
1.893075
1.917150
1.920850
1.928975
1.940275
2.024875
2.029825
2.077525
2.126850
2.228275
2.474500
267
