0.007225
0.015000
0.015025
0.017950
0.033550
0.041650
0.045200
0.055400
0.056650
0.065625
0.069550
0.086675
0.088300
0.088775
0.090000
0.101725
0.102275
0.103825
0.107875
0.109375
0.114850
0.119400
0.119475
0.120100
0.121300
0.124525
0.132100
0.136500
0.137550
0.137775
0.145600
0.152050
0.158700
0.161025
0.161050
0.169925
0.170125
0.178050
0.182250
0.187350
0.187575
0.194600
0.195325
0.208025
0.210300
0.221675
0.221925
0.228750
0.228875
0.233775
0.237400
0.240475
0.240750
0.241550
0.247025
0.251825
0.252875
0.253800
0.254300
0.254725
0.257400
0.263075
0.266925
0.272675
0.274175
0.277650
0.284650
0.287300
0.287950
0.290350
0.295675
0.299600
0.303975
0.306425
0.307725
0.310150
0.316800
0.319050
0.326475
0.326700
0.329025
0.340050
0.341925
0.351175
0.356525
0.356925
0.361275
0.367850
0.371150
0.384350
0.386275
0.386875
0.387775
0.389125
0.391050
0.397200
0.408450
0.418300
0.420300
0.420350
0.421400
0.425225
0.431375
0.453925
0.457975
0.461325
0.475775
0.480675
0.481775
0.482450
0.483750
0.486625
0.488625
0.491225
0.495075
0.498975
0.503550
0.504725
0.515450
0.517825
0.523875
0.529950
0.534275
0.539550
0.542150
0.560825
0.577050
0.580800
0.592725
0.593125
0.597325
0.604600
0.612200
0.617775
0.619525
0.639725
0.640400
0.648425
0.657575
0.662600
0.670525
0.674200
0.689475
0.694850
0.694950
0.699050
0.700175
0.706475
0.711975
0.721600
0.721600
0.722050
0.722825
0.731800
0.735600
0.741050
0.742000
0.744675
0.745300
0.757900
0.761600
0.769075
0.780225
0.780850
0.781675
0.783900
0.787425
0.789400
0.798525
0.800325
0.804800
0.810125
0.811500
0.813500
0.815925
0.822675
0.829300
0.830000
0.840575
0.847500
0.849475
0.851625
0.856200
0.867725
0.870300
0.880900
0.884275
0.899075
0.899175
0.902275
0.906200
0.908650
0.908950
0.909050
0.915350
0.917525
0.921250
0.933925
0.969725
0.974250
0.987600
0.995775
0.998750
1.011025
1.012125
1.014025
1.015525
1.016225
1.024475
1.036750
1.046100
1.065525
1.091375
1.100275
1.107075
1.108350
1.112725
1.137725
1.153050
1.186975
1.194300
1.203575
1.221650
1.225000
1.232800
1.246650
1.254150
1.255075
1.264725
1.282900
1.285500
1.311950
1.332375
1.335675
1.345475
1.382300
1.402225
1.415875
1.434025
1.443800
1.455050
1.456125
1.506150
1.514025
1.592975
1.618800
1.646450
1.654450
1.679125
1.697275
1.701900
1.877175
1.978850
2.219350
2.352500
255
