0.001675
0.002025
0.003000
0.005125
0.010100
0.013725
0.014800
0.020575
0.022750
0.023225
0.024475
0.028950
0.034300
0.040375
0.044375
0.046725
0.053675
0.054475
0.061400
0.063100
0.065025
0.065275
0.079350
0.083850
0.084650
0.085525
0.086050
0.087950
0.103825
0.111750
0.112075
0.114725
0.115225
0.125125
0.126275
0.128750
0.131475
0.131900
0.135575
0.145200
0.156225
0.160800
0.162950
0.168725
0.188050
0.196150
0.197525
0.207650
0.211775
0.213925
0.219925
0.222025
0.226125
0.233700
0.236500
0.237125
0.240950
0.241925
0.244800
0.247300
0.248000
0.253450
0.256450
0.256725
0.259825
0.262425
0.263375
0.271975
0.280250
0.280525
0.284300
0.286800
0.295925
0.302600
0.302625
0.303525
0.306050
0.310075
0.311200
0.315000
0.315725
0.317000
0.328500
0.335700
0.337075
0.337425
0.338350
0.339125
0.345125
0.346250
0.347300
0.356775
0.357550
0.369850
0.378325
0.378725
0.379600
0.383075
0.385625
0.387375
0.390125
0.391125
0.393575
0.395150
0.397900
0.399825
0.405800
0.407350
0.408450
0.417675
0.421500
0.424025
0.425600
0.430875
0.433050
0.435300
0.438100
0.439075
0.443500
0.443650
0.459425
0.462575
0.463900
0.471300
0.473350
0.481800
0.484825
0.486425
0.490500
0.492700
0.492725
0.497250
0.499400
0.508550
0.512750
0.522875
0.523450
0.541700
0.541775
0.544750
0.544800
0.546250
0.551700
0.552150
0.554900
0.558325
0.558775
0.560875
0.568100
0.570500
0.574250
0.574500
0.579700
0.586475
0.595300
0.599450
0.616400
0.616825
0.620125
0.620550
0.627925
0.654700
0.655550
0.656150
0.658050
0.666500
0.686050
0.694500
0.702275
0.703150
0.703400
0.710825
0.712225
0.713200
0.714300
0.715975
0.717775
0.719325
0.742625
0.749825
0.756050
0.761100
0.772150
0.776975
0.790725
0.804250
0.807025
0.807775
0.809050
0.811275
0.818525
0.820200
0.823425
0.824475
0.826300
0.830400
0.846150
0.865050
0.866100
0.870075
0.873750
0.884925
0.896700
0.898650
0.902575
0.905300
0.909500
0.910475
0.910600
0.910900
0.919775
0.927550
0.935325
0.936125
0.938425
0.941875
0.945575
0.961700
0.969925
0.976825
0.979475
0.986600
0.996300
1.000300
1.014825
1.027275
1.053050
1.061925
1.072575
1.092250
1.094050
1.103100
1.134350
1.142375
1.145550
1.174500
1.185150
1.192525
1.198275
1.204975
1.224300
1.254125
1.278075
1.289600
1.298300
1.320350
1.328975
1.378575
1.389950
1.397575
1.431175
1.461400
1.469800
1.488400
1.497525
1.565725
1.576050
1.596250
1.615625
1.640775
1.699875
1.745825
1.870450
1.913575
2.003550
265
