0.001925
0.016250
0.016375
0.017700
0.022075
0.023025
0.024150
0.029100
0.030750
0.051950
0.055825
0.066175
0.073050
0.073500
0.074175
0.076175
0.081375
0.082125
0.085075
0.097950
0.098650
0.103450
0.103475
0.105775
0.119800
0.133600
0.133975
0.135525
0.136600
0.136900
0.139925
0.142350
0.151125
0.156250
0.159975
0.160200
0.170475
0.177750
0.183650
0.183725
0.186825
0.189725
0.190350
0.191875
0.197000
0.205900
0.207950
0.210075
0.210800
0.218350
0.218450
0.219025
0.219625
0.224400
0.229300
0.230875
0.233525
0.240200
0.250300
0.250975
0.252800
0.253000
0.253725
0.254525
0.258075
0.259050
0.262100
0.262250
0.262425
0.263300
0.264525
0.266800
0.270150
0.272575
0.278625
0.283175
0.296025
0.300600
0.305750
0.310250
0.313750
0.319625
0.321050
0.323075
0.325650
0.331825
0.331875
0.335275
0.338475
0.340475
0.343250
0.347925
0.349075
0.349950
0.350150
0.352125
0.360200
0.361975
0.363950
0.369575
0.374225
0.377675
0.386250
0.388050
0.396100
0.397575
0.403750
0.404600
0.407250
0.409675
0.412725
0.418175
0.426675
0.430950
0.432550
0.435400
0.444825
0.457550
0.461175
0.463050
0.466100
0.468950
0.469875
0.474125
0.485575
0.486375
0.487425
0.495275
0.495300
0.499125
0.501850
0.504075
0.508225
0.512425
0.515675
0.520550
0.520825
0.523325
0.523575
0.532375
0.537950
0.546300
0.548975
0.550450
0.560675
0.563200
0.566450
0.568950
0.570650
0.572100
0.584800
0.588625
0.588800
0.588900
0.597800
0.612575
0.623075
0.623450
0.624600
0.624975
0.626350
0.632175
0.635300
0.638850
0.644675
0.646725
0.649850
0.651700
0.658025
0.660075
0.665200
0.671200
0.671475
0.677625
0.679125
0.682725
0.682800
0.685800
0.687300
0.691700
0.693625
0.699575
0.703000
0.717325
0.717775
0.721225
0.722925
0.730925
0.739350
0.739425
0.741350
0.744750
0.745000
0.746225
0.750625
0.754125
0.763750
0.767025
0.775100
0.776100
0.777800
0.790725
0.791600
0.793275
0.793550
0.804750
0.818275
0.826025
0.844275
0.847775
0.864225
0.867225
0.867975
0.870500
0.870900
0.874350
0.877875
0.880400
0.880500
0.883475
0.890900
0.895950
0.903150
0.932150
0.933200
0.933900
0.937900
0.941225
0.942300
0.955025
0.960150
0.961075
0.968650
0.973150
0.986400
0.990050
0.993625
1.004750
1.016050
1.018375
1.052925
1.053950
1.080150
1.086625
1.089050
1.128050
1.134050
1.147950
1.148125
1.164500
1.168625
1.171750
1.204825
1.221400
1.253200
1.311200
1.314500
1.315600
1.337375
1.342375
1.403925
1.409250
1.418300
1.456575
1.471725
1.586425
1.820450
1.904550
1.961175
1.968650
2.163875
2.237975
272
