0.008425
0.021450
0.023850
0.028000
0.030600
0.035950
0.042975
0.045075
0.045300
0.047050
0.048850
0.062300
0.063900
0.074650
0.079350
0.087250
0.102550
0.105750
0.111875
0.112000
0.119400
0.123750
0.127775
0.128700
0.131650
0.140125
0.140325
0.148400
0.148950
0.150975
0.164100
0.164925
0.165425
0.170350
0.170775
0.177350
0.184800
0.187950
0.188125
0.197300
0.198050
0.198175
0.204875
0.206500
0.214725
0.220375
0.220450
0.224625
0.225425
0.226500
0.231225
0.231450
0.233550
0.250900
0.253050
0.254475
0.258800
0.263350
0.264025
0.264375
0.265025
0.266100
0.270125
0.271500
0.272325
0.279600
0.281000
0.288250
0.288325
0.289475
0.298500
0.298600
0.306175
0.307525
0.310575
0.311125
0.318575
0.322750
0.326250
0.327125
0.329975
0.337200
0.338575
0.339475
0.339775
0.340725
0.343825
0.344300
0.347300
0.349750
0.353450
0.355300
0.362325
0.363575
0.367775
0.370625
0.379500
0.384600
0.387825
0.419400
0.420350
0.421925
0.427425
0.431950
0.437950
0.442425
0.447225
0.452300
0.453500
0.454275
0.455175
0.465400
0.476425
0.479425
0.491375
0.496625
0.498675
0.500375
0.500925
0.509475
0.527625
0.529200
0.529525
0.537150
0.538225
0.549125
0.554800
0.555200
0.559875
0.560925
0.569700
0.571450
0.576700
0.577000
0.577125
0.581750
0.583100
0.587725
0.595775
0.596950
0.601025
0.607300
0.613450
0.622225
0.622600
0.622950
0.626150
0.626625
0.630425
0.630700
0.631375
0.638600
0.643725
0.644000
0.647850
0.650325
0.652150
0.659450
0.660525
0.668775
0.669825
0.670000
0.673600
0.674150
0.677575
0.679500
0.683600
0.684000
0.688475
0.691175
0.692600
0.698425
0.703425
0.707625
0.708675
0.709350
0.710300
0.716550
0.720450
0.724450
0.725850
0.738925
0.742350
0.743900
0.747325
0.757200
0.775625
0.792450
0.793700
0.795500
0.809700
0.813425
0.829675
0.830775
0.834775
0.844500
0.858775
0.863300
0.866950
0.868850
0.870925
0.872325
0.888375
0.890975
0.903275
0.929175
0.941450
0.943400
0.950000
0.950400
0.952600
0.966700
0.987725
0.993600
1.005875
1.007800
1.015600
1.017450
1.017775
1.024100
1.042350
1.048950
1.049100
1.058100
1.062100
1.065675
1.070850
1.103075
1.108675
1.123900
1.155950
1.169250
1.175675
1.186450
1.203125
1.214550
1.238300
1.240425
1.247300
1.310450
1.342050
1.362900
1.363000
1.380075
1.393400
1.418100
1.424075
1.424400
1.427950
1.499550
1.547450
1.565775
1.599850
1.605450
1.627325
1.656050
1.749200
1.773425
1.807850
1.809725
1.817375
1.832950
1.962950
2.017425
2.153800
265
