0.004425
0.007250
0.011200
0.013075
0.026450
0.030975
0.039250
0.042675
0.043725
0.049475
0.061225
0.062375
0.065250
0.087650
0.095125
0.102825
0.110075
0.112900
0.113950
0.115500
0.117075
0.117450
0.118450
0.126200
0.128400
0.138800
0.144500
0.144800
0.144825
0.146900
0.160900
0.167300
0.168375
0.175150
0.179975
0.181700
0.181950
0.185225
0.192500
0.194100
0.195075
0.195175
0.196800
0.198650
0.202925
0.206025
0.212525
0.218000
0.218750
0.221100
0.224400
0.233025
0.234400
0.235850
0.240450
0.240825
0.243750
0.244325
0.250800
0.255500
0.262625
0.264975
0.276750
0.276850
0.278250
0.289375
0.293650
0.294325
0.296575
0.296900
0.299700
0.302025
0.302475
0.305350
0.314400
0.322750
0.325450
0.340500
0.342700
0.350375
0.352100
0.352525
0.354400
0.369025
0.373350
0.374325
0.378400
0.379475
0.387500
0.394925
0.397275
0.401650
0.406800
0.413275
0.420675
0.425100
0.425900
0.431825
0.439975
0.442825
0.446100
0.447850
0.453550
0.457900
0.460325
0.461475
0.461500
0.469950
0.472575
0.479300
0.486825
0.493275
0.499000
0.502800
0.503150
0.504450
0.505075
0.509800
0.511350
0.526525
0.526675
0.536000
0.547650
0.549375
0.552675
0.554075
0.554975
0.556550
0.562525
0.564525
0.578425
0.583700
0.584325
0.590400
0.595125
0.596300
0.601900
0.606775
0.610625
0.614375
0.620025
0.621975
0.622850
0.623150
0.630875
0.633125
0.638225
0.642975
0.647575
0.650125
0.652400
0.662600
0.663200
0.665825
0.678550
0.685700
0.686325
0.692425
0.693675
0.698825
0.700200
0.710275
0.717650
0.718575
0.720650
0.720800
0.722175
0.733650
0.734200
0.734600
0.736725
0.744425
0.746725
0.752500
0.758500
0.759375
0.759400
0.760800
0.763225
0.767875
0.773725
0.776525
0.777150
0.782150
0.788525
0.803025
0.816700
0.816850
0.821175
0.845750
0.851950
0.858650
0.864200
0.883975
0.892525
0.908075
0.914350
0.919900
0.921400
0.937375
0.938575
0.938875
0.940750
0.968550
0.970900
0.983825
0.984975
0.994125
0.996750
0.999375
1.010025
1.031550
1.057500
1.059000
1.059900
1.059925
1.079750
1.089450
1.089700
1.105775
1.134025
1.170300
1.188325
1.191150
1.199275
1.206025
1.214125
1.216475
1.216525
1.238150
1.239200
1.244725
1.248400
1.254800
1.263925
1.266850
1.267725
1.268525
1.296025
1.318600
1.332575
1.342425
1.350700
1.423125
1.425175
1.488325
1.504075
1.548300
1.691200
1.706600
1.734325
1.798825
1.857650
1.875975
1.939525
1.944650
1.994600
2.033200
2.281825
2.321125
2.325350
2.427375
2.465500
2.485500
264
