0.004500
0.006725
0.010050
0.010275
0.011925
0.018000
0.019500
0.021550
0.025775
0.028275
0.029625
0.032875
0.034425
0.035525
0.036325
0.038225
0.040550
0.051500
0.056900
0.069350
0.069450
0.070900
0.071850
0.073525
0.075700
0.081850
0.081900
0.084950
0.088500
0.092450
0.103750
0.104700
0.114425
0.123200
0.124675
0.132725
0.147975
0.148725
0.151725
0.152550
0.168425
0.168900
0.169600
0.173000
0.175650
0.181800
0.183925
0.185875
0.189525
0.196775
0.199675
0.200775
0.200825
0.203000
0.203800
0.204975
0.210175
0.219900
0.224175
0.227875
0.229275
0.231375
0.234675
0.236675
0.238575
0.246000
0.246050
0.248525
0.251725
0.254725
0.260600
0.263150
0.279350
0.293225
0.294500
0.294625
0.298350
0.313725
0.327675
0.335825
0.340925
0.344075
0.351575
0.360975
0.366200
0.366300
0.366500
0.374375
0.376950
0.383250
0.386875
0.403325
0.405675
0.409500
0.410550
0.410725
0.414225
0.416200
0.429725
0.431175
0.431750
0.437600
0.445250
0.446875
0.457175
0.463000
0.466250
0.466425
0.474975
0.482000
0.483200
0.488300
0.488675
0.491225
0.493575
0.495400
0.500400
0.501200
0.503850
0.504500
0.506700
0.509550
0.514775
0.520300
0.526350
0.532700
0.536125
0.541000
0.543500
0.544375
0.545900
0.558800
0.560400
0.568925
0.571850
0.578700
0.582650
0.587600
0.594250
0.599025
0.600400
0.602700
0.612075
0.619225
0.620100
0.623925
0.631925
0.637625
0.644525
0.645450
0.646350
0.647075
0.664025
0.666375
0.667850
0.668625
0.670975
0.680500
0.681750
0.685850
0.686075
0.689100
0.690400
0.695125
0.700400
0.702475
0.705600
0.708800
0.711450
0.714650
0.714700
0.721875
0.722925
0.724375
0.726600
0.728375
0.736800
0.737550
0.740000
0.747150
0.752225
0.753650
0.755375
0.770225
0.776700
0.778825
0.789150
0.797000
0.809575
0.813425
0.813425
0.815925
0.822150
0.827225
0.830350
0.833350
0.847900
0.848025
0.848750
0.849000
0.853925
0.854275
0.865075
0.866200
0.869450
0.870725
0.872225
0.873100
0.886400
0.886775
0.896400
0.903775
0.926075
0.936375
0.943750
0.948825
0.951050
0.957675
0.959125
0.963250
0.968525
0.970150
1.004625
1.008975
1.015400
1.030900
1.055625
1.063850
1.072675
1.097250
1.111075
1.119350
1.121000
1.128325
1.168475
1.170400
1.192550
1.201600
1.204475
1.217250
1.241525
1.304300
1.311675
1.312400
1.319725
1.367000
1.423200
1.430075
1.466875
1.483350
1.496425
1.577825
1.630400
1.631800
1.644925
1.649025
1.736500
1.875450
1.884400
1.899400
2.012350
261
