0.003500
0.004425
0.005800
0.007300
0.011675
0.012325
0.020900
0.021725
0.027125
0.044975
0.049875
0.060000
0.061900
0.063375
0.066350
0.070500
0.073050
0.078600
0.079075
0.091950
0.092800
0.093150
0.095375
0.098325
0.098550
0.099675
0.106975
0.109175
0.110350
0.112250
0.121825
0.131000
0.137550
0.139225
0.140850
0.143525
0.145950
0.149925
0.156475
0.160950
0.162775
0.169700
0.170025
0.174825
0.188650
0.193300
0.194025
0.196475
0.201425
0.207925
0.210775
0.222925
0.223125
0.223425
0.228375
0.239425
0.240600
0.241275
0.245550
0.248075
0.249075
0.249150
0.251225
0.253175
0.264775
0.265200
0.266225
0.269700
0.273150
0.280075
0.280900
0.283650
0.284425
0.289775
0.295325
0.297850
0.300150
0.300250
0.312900
0.323900
0.327625
0.330625
0.333100
0.335075
0.335225
0.335550
0.361000
0.364025
0.368350
0.376200
0.378750
0.382700
0.384500
0.390925
0.399875
0.409450
0.414825
0.415675
0.418250
0.420475
0.421250
0.422600
0.430150
0.438275
0.444825
0.446175
0.450650
0.457150
0.478200
0.484550
0.495850
0.497175
0.497225
0.498375
0.499575
0.501750
0.503000
0.508950
0.509325
0.510975
0.528225
0.528825
0.536275
0.536400
0.537075
0.566300
0.572300
0.576075
0.578500
0.579025
0.581975
0.589825
0.594350
0.595475
0.596800
0.598625
0.601425
0.605950
0.607025
0.609075
0.609825
0.615175
0.620000
0.620900
0.620925
0.623450
0.631725
0.636175
0.636800
0.637300
0.640475
0.644075
0.646975
0.648050
0.648525
0.649300
0.668750
0.679600
0.682425
0.688650
0.692000
0.704225
0.706600
0.708250
0.708375
0.720925
0.732500
0.734950
0.735900
0.752025
0.758400
0.759700
0.759925
0.766275
0.767550
0.767600
0.771150
0.781975
0.782750
0.783475
0.785275
0.803100
0.803500
0.806475
0.815725
0.817250
0.821650
0.831075
0.831700
0.841525
0.860250
0.870575
0.871575
0.888225
0.892675
0.896975
0.905350
0.907525
0.911725
0.913350
0.914625
0.917150
0.923525
0.925725
0.931375
0.932075
0.943500
0.959575
0.967700
0.969100
0.973050
0.974725
0.981875
0.997625
1.002700
1.003100
1.005975
1.007800
1.015525
1.022050
1.023475
1.024700
1.027200
1.042550
1.054875
1.073100
1.081200
1.086300
1.116525
1.120125
1.131700
1.131750
1.132150
1.152525
1.165475
1.185300
1.241100
1.250575
1.251700
1.264175
1.271925
1.298625
1.341475
1.349600
1.376000
1.412600
1.470525
1.505800
1.522800
1.556575
1.604075
1.641725
1.653775
1.655025
1.674450
1.688225
1.719275
1.792600
1.916275
1.954650
2.063875
2.122025
262
