0.002900
0.006200
0.012000
0.028350
0.032975
0.033850
0.042900
0.044525
0.057050
0.058925
0.064325
0.064425
0.070550
0.072900
0.076725
0.078675
0.079275
0.080025
0.080650
0.098825
0.101675
0.102650
0.105650
0.113900
0.115525
0.116425
0.117600
0.121125
0.129275
0.130075
0.131775
0.132100
0.135125
0.138950
0.141525
0.142300
0.145250
0.163225
0.168300
0.175575
0.176950
0.183000
0.184850
0.186875
0.188075
0.191475
0.192575
0.195250
0.197550
0.221925
0.229000
0.239700
0.241825
0.241900
0.244950
0.248700
0.257275
0.257600
0.258225
0.267900
0.287375
0.289850
0.291900
0.296050
0.296750
0.299275
0.300275
0.303950
0.308725
0.309450
0.314925
0.319325
0.320325
0.334075
0.336825
0.343300
0.343400
0.352075
0.357075
0.358900
0.373600
0.374925
0.384050
0.384550
0.386600
0.394500
0.398925
0.400125
0.400375
0.401775
0.405650
0.410350
0.411500
0.429075
0.435675
0.436675
0.438025
0.444225
0.453725
0.465575
0.466575
0.479350
0.489050
0.494025
0.497200
0.497925
0.499025
0.503450
0.512975
0.514475
0.516950
0.524075
0.531200
0.543500
0.549775
0.551750
0.564775
0.568675
0.578050
0.580700
0.581300
0.581325
0.592350
0.592600
0.601200
0.601350
0.603775
0.606250
0.607000
0.611250
0.611500
0.613875
0.618550
0.624475
0.630750
0.635875
0.636950
0.643500
0.668825
0.671250
0.674900
0.679650
0.681175
0.683075
0.685475
0.685975
0.687150
0.692550
0.695950
0.697025
0.710275
0.714250
0.715450
0.715600
0.718800
0.724950
0.726250
0.731525
0.731750
0.744750
0.744850
0.745100
0.753225
0.755975
0.756900
0.758800
0.774475
0.776000
0.787575
0.794600
0.804300
0.805125
0.811675
0.825875
0.827825
0.844900
0.849275
0.861100
0.875825
0.885950
0.905975
0.906200
0.912350
0.928000
0.937550
0.940600
0.952075
0.953375
0.957075
0.962350
0.968725
0.972650
0.987125
0.990925
1.006425
1.027700
1.031950
1.032250
1.048725
1.050025
1.051775
1.074000
1.077200
1.086200
1.102550
1.147875
1.156850
1.189500
1.191925
1.215050
1.218125
1.251325
1.258950
1.293850
1.294950
1.312150
1.321725
1.324550
1.351100
1.353650
1.371650
1.470425
1.504025
1.632625
1.670975
1.735500
1.763725
1.803050
1.825850
1.889750
1.950800
1.971775
1.982550
2.007275
2.175350
2.266550
2.390925
237
