0.007250
0.009925
0.013800
0.024000
0.024550
0.030800
0.031025
0.031875
0.033325
0.037750
0.043875
0.047775
0.055825
0.056550
0.066150
0.068325
0.068975
0.070800
0.086700
0.086825
0.092475
0.101625
0.105050
0.106225
0.110325
0.112650
0.118325
0.120575
0.125850
0.128900
0.129050
0.132025
0.133350
0.135300
0.139000
0.143150
0.143150
0.143600
0.159950
0.172150
0.178100
0.180450
0.185050
0.192250
0.194850
0.195050
0.203350
0.203450
0.206050
0.208200
0.221400
0.226175
0.228150
0.233700
0.239775
0.244375
0.245000
0.251725
0.255450
0.266600
0.273250
0.275150
0.275800
0.277250
0.279875
0.283300
0.283800
0.293275
0.301025
0.302675
0.303025
0.311125
0.312350
0.313775
0.314250
0.317100
0.329750
0.332225
0.337125
0.342700
0.342975
0.344575
0.350825
0.354325
0.355600
0.356775
0.366225
0.379700
0.383850
0.385925
0.393425
0.393650
0.396275
0.398575
0.399375
0.405200
0.406550
0.407600
0.412725
0.434350
0.451275
0.459425
0.459800
0.467125
0.473025
0.473925
0.474025
0.501400
0.503700
0.507825
0.514300
0.520200
0.531775
0.543500
0.546300
0.548175
0.557750
0.560050
0.561900
0.570875
0.576975
0.578550
0.583000
0.584175
0.584500
0.585175
0.588100
0.604100
0.607450
0.613750
0.620150
0.621475
0.629825
0.630700
0.631050
0.640950
0.645425
0.645600
0.657400
0.667950
0.668925
0.670450
0.675625
0.678925
0.679050
0.684875
0.686375
0.687125
0.687525
0.687975
0.688650
0.688800
0.693750
0.717625
0.720950
0.724350
0.736000
0.758250
0.759600
0.759825
0.768950
0.770275
0.771275
0.776275
0.778600
0.778800
0.779600
0.779825
0.780075
0.785100
0.792175
0.795400
0.799850
0.811225
0.812325
0.812750
0.815700
0.816850
0.817675
0.819850
0.824075
0.826275
0.835750
0.840575
0.856350
0.856475
0.874425
0.876275
0.884875
0.894100
0.899725
0.901600
0.909225
0.913900
0.916200
0.919650
0.923775
0.938600
0.940325
0.954175
0.970800
0.976000
0.984050
1.016750
1.040950
1.044825
1.059600
1.061175
1.072950
1.084100
1.097250
1.111000
1.136850
1.149650
1.156375
1.164050
1.180800
1.181675
1.189775
1.211125
1.214100
1.221225
1.230875
1.279075
1.289950
1.331400
1.344525
1.400675
1.419525
1.420150
1.424400
1.431525
1.431625
1.456575
1.510900
1.554000
1.647850
1.672875
1.697350
1.698425
1.801725
1.815500
1.921950
2.147150
2.153900
245
