0.003050
0.004675
0.005500
0.011350
0.012800
0.016400
0.019675
0.028475
0.029525
0.031025
0.035300
0.044775
0.049700
0.049825
0.052000
0.053100
0.056000
0.056850
0.056900
0.060025
0.060675
0.067275
0.068250
0.068450
0.072975
0.075100
0.080400
0.082225
0.084750
0.092775
0.103050
0.103150
0.126125
0.138650
0.146950
0.148625
0.155675
0.157550
0.158550
0.169675
0.169775
0.170225
0.173175
0.175125
0.182700
0.188325
0.193050
0.201400
0.204300
0.207450
0.211400
0.215500
0.220025
0.220225
0.221250
0.224200
0.225000
0.225075
0.229150
0.240050
0.241175
0.243125
0.253350
0.255700
0.255700
0.256700
0.262350
0.262475
0.267200
0.275375
0.276175
0.276400
0.281975
0.286800
0.288225
0.289475
0.291350
0.293775
0.294275
0.305475
0.314750
0.317525
0.328725
0.332050
0.335200
0.341950
0.343550
0.347400
0.354550
0.356550
0.365225
0.371425
0.373775
0.379350
0.381250
0.381400
0.391075
0.392175
0.404250
0.405975
0.407750
0.409025
0.410575
0.411625
0.411700
0.412400
0.416550
0.418325
0.418750
0.423300
0.424000
0.426125
0.435050
0.439550
0.440025
0.447125
0.449975
0.451275
0.451650
0.455175
0.455675
0.458125
0.458200
0.463075
0.464000
0.480325
0.482500
0.484300
0.485750
0.489100
0.490150
0.492075
0.495450
0.496475
0.512025
0.512325
0.513650
0.516450
0.524050
0.525750
0.525775
0.529325
0.534625
0.539325
0.542675
0.545750
0.552000
0.578850
0.579700
0.581925
0.584750
0.591800
0.599100
0.604650
0.606775
0.609075
0.611050
0.615100
0.616775
0.620700
0.622625
0.624225
0.624725
0.631825
0.634825
0.645700
0.647100
0.652000
0.652150
0.656800
0.661575
0.661675
0.662275
0.663900
0.665750
0.666500
0.667125
0.672400
0.672750
0.679700
0.695025
0.697025
0.698725
0.698775
0.698975
0.699500
0.701725
0.705625
0.717750
0.719350
0.735775
0.740675
0.744875
0.755650
0.761250
0.766475
0.766725
0.780500
0.782350
0.795825
0.804550
0.808800
0.826025
0.829775
0.832550
0.841200
0.855825
0.862950
0.867800
0.870250
0.885600
0.887975
0.888225
0.902275
0.917275
0.919775
0.929225
0.931900
0.935200
0.940700
0.943025
0.943325
0.947925
0.947950
0.949200
0.958075
0.958125
0.966425
1.013150
1.043650
1.044950
1.051100
1.052850
1.075400
1.104300
1.109575
1.122750
1.125750
1.133400
1.203150
1.220850
1.244675
1.246175
1.256150
1.264525
1.266100
1.279975
1.312675
1.315325
1.346050
1.349925
1.396100
1.420150
1.449675
1.470025
1.507450
1.525275
1.588700
1.591125
1.594625
1.697450
1.730200
1.774475
1.785925
1.793450
1.853875
1.874400
1.895750
2.067900
2.348225
270
