0.011950
0.012675
0.020575
0.028375
0.029550
0.042350
0.053125
0.059025
0.060900
0.072125
0.072275
0.076400
0.076900
0.080825
0.087125
0.090350
0.091050
0.094550
0.100325
0.101875
0.103800
0.109425
0.111750
0.112075
0.113475
0.114850
0.116275
0.116375
0.129225
0.130775
0.134075
0.140575
0.141725
0.142350
0.144800
0.179975
0.182000
0.182975
0.187750
0.189750
0.190250
0.192300
0.194000
0.194050
0.202800
0.207725
0.220275
0.222650
0.222650
0.228075
0.233225
0.235750
0.237500
0.242200
0.242525
0.242925
0.243300
0.250500
0.252725
0.254125
0.257750
0.258125
0.259275
0.276675
0.281550
0.289500
0.298800
0.299900
0.304525
0.309725
0.310000
0.315275
0.325875
0.327875
0.333650
0.339325
0.351150
0.353725
0.354925
0.359775
0.365025
0.375400
0.392025
0.393475
0.400850
0.405300
0.409125
0.414825
0.425075
0.428400
0.429325
0.430325
0.453075
0.460225
0.462950
0.464450
0.465050
0.466875
0.476125
0.490500
0.506950
0.508750
0.511775
0.518675
0.519475
0.520650
0.521925
0.525775
0.529625
0.532325
0.539625
0.541100
0.549775
0.550400
0.551325
0.552975
0.557725
0.565300
0.567475
0.567925
0.573075
0.573400
0.573675
0.576100
0.576225
0.578275
0.580100
0.581900
0.588125
0.588875
0.599550
0.602850
0.605275
0.606875
0.609175
0.610150
0.612375
0.613250
0.621025
0.623925
0.627200
0.628600
0.637150
0.638425
0.638500
0.643875
0.644300
0.650800
0.658350
0.661050
0.664225
0.665925
0.670175
0.672475
0.678175
0.679525
0.680950
0.684575
0.698550
0.699800
0.703350
0.708125
0.718625
0.722800
0.732150
0.735950
0.741400
0.746225
0.748750
0.753025
0.757350
0.765500
0.775625
0.785825
0.786050
0.787800
0.791725
0.799300
0.799750
0.799975
0.802775
0.808325
0.822375
0.825475
0.827375
0.844925
0.847600
0.848950
0.849050
0.850050
0.853150
0.856225
0.857550
0.858650
0.863250
0.863400
0.863675
0.868700
0.874225
0.890475
0.893750
0.899025
0.926325
0.930100
0.933925
0.937950
0.947200
0.957200
0.960750
0.965225
0.971850
0.975125
0.978875
0.988225
0.994000
0.998450
1.011350
1.017650
1.021275
1.021800
1.024150
1.028325
1.037550
1.051475
1.051775
1.076200
1.083875
1.122700
1.125425
1.127225
1.130050
1.141450
1.162100
1.199450
1.201900
1.217850
1.239800
1.249325
1.256900
1.287600
1.303375
1.310150
1.313175
1.338575
1.342125
1.348750
1.374300
1.431300
1.435875
1.436175
1.465325
1.483025
1.531025
1.611075
1.619925
1.635475
1.658725
1.746475
1.880100
1.969850
2.023725
2.150550
2.249275
263
