0.001825
0.003025
0.006850
0.007525
0.011225
0.015725
0.023700
0.025900
0.026300
0.027275
0.032725
0.034575
0.037350
0.038775
0.040175
0.040650
0.041950
0.046650
0.050300
0.055175
0.057650
0.059725
0.060650
0.063925
0.066225
0.067000
0.072675
0.085900
0.088575
0.090075
0.101700
0.112850
0.119050
0.120350
0.124250
0.145300
0.146275
0.147250
0.149050
0.156400
0.157900
0.159250
0.159750
0.170325
0.173750
0.183425
0.184250
0.185075
0.185300
0.186525
0.193600
0.196075
0.200225
0.201050
0.201350
0.203650
0.204925
0.214650
0.216275
0.219050
0.219700
0.222025
0.223950
0.224825
0.225150
0.228625
0.230475
0.233750
0.236575
0.237075
0.242000
0.244950
0.251525
0.251975
0.253525
0.253675
0.257025
0.269400
0.278200
0.280525
0.289750
0.290125
0.291175
0.294000
0.298875
0.308975
0.311525
0.313375
0.317350
0.318125
0.323525
0.339625
0.345100
0.345150
0.352750
0.359125
0.361350
0.365375
0.367300
0.368075
0.371475
0.374125
0.376700
0.383700
0.387450
0.390200
0.393025
0.402025
0.402250
0.410000
0.416550
0.423800
0.424875
0.431350
0.436950
0.439525
0.439825
0.441600
0.447625
0.448800
0.455175
0.457700
0.460200
0.460750
0.468500
0.470325
0.476025
0.479300
0.484525
0.490275
0.490675
0.492125
0.498250
0.505500
0.505675
0.526175
0.529850
0.537425
0.545025
0.551700
0.561200
0.566000
0.567850
0.568700
0.570175
0.574700
0.575575
0.584650
0.591925
0.593200
0.594375
0.598375
0.603350
0.608300
0.615225
0.622025
0.624850
0.627475
0.629925
0.630600
0.637625
0.639750
0.649350
0.659575
0.661325
0.661925
0.664700
0.665950
0.666625
0.669800
0.671225
0.672725
0.673950
0.675900
0.678400
0.681825
0.682950
0.683800
0.687375
0.689150
0.695625
0.710000
0.719075
0.721475
0.727300
0.738875
0.744025
0.746375
0.750700
0.751275
0.753475
0.758350
0.767350
0.770275
0.777250
0.788350
0.802150
0.805000
0.816450
0.823425
0.834675
0.836950
0.838250
0.860625
0.877400
0.877600
0.884750
0.906500
0.908550
0.913125
0.913775
0.916400
0.952550
0.956875
0.964800
0.965950
0.989375
0.992700
1.013525
1.055700
1.056100
1.080075
1.084125
1.088600
1.089850
1.111050
1.118400
1.170650
1.173825
1.189675
1.191725
1.197075
1.232825
1.234175
1.244450
1.258375
1.265400
1.318125
1.335250
1.348425
1.359725
1.364925
1.366175
1.379025
1.439600
1.439850
1.489500
1.514275
1.518375
1.520125
1.546775
1.614000
1.657475
1.659800
1.685300
1.732625
1.746950
1.747500
1.773200
1.856600
1.942825
2.058350
2.124875
2.372050
264
