0.003150
0.003600
0.003675
0.010525
0.011525
0.014625
0.016625
0.016750
0.020500
0.021975
0.023375
0.026125
0.033075
0.035550
0.039300
0.048925
0.054150
0.055925
0.056025
0.067925
0.074350
0.084975
0.088950
0.090300
0.090675
0.093575
0.097125
0.099375
0.100400
0.104575
0.107825
0.108525
0.109550
0.126325
0.137025
0.142825
0.150025
0.166775
0.169300
0.174475
0.178475
0.178775
0.182025
0.197150
0.210800
0.221025
0.224025
0.224775
0.227150
0.229450
0.229850
0.233700
0.236650
0.243875
0.247300
0.252875
0.262700
0.266600
0.271250
0.278025
0.280125
0.286325
0.290725
0.291425
0.292825
0.294450
0.300050
0.300225
0.301850
0.305300
0.305400
0.320175
0.321450
0.322875
0.324225
0.326050
0.326325
0.330775
0.334650
0.341325
0.358900
0.362475
0.362600
0.362625
0.368675
0.370050
0.371475
0.374225
0.375075
0.377900
0.379900
0.381150
0.384150
0.389550
0.394375
0.396950
0.398850
0.399450
0.400500
0.403175
0.408900
0.418600
0.419425
0.420200
0.424050
0.430200
0.431025
0.441325
0.442575
0.450575
0.453025
0.453525
0.456025
0.456625
0.465525
0.468250
0.471475
0.472525
0.474000
0.476925
0.481100
0.500400
0.507350
0.511425
0.511425
0.517050
0.524025
0.524050
0.525250
0.527550
0.531650
0.542050
0.547100
0.549675
0.551225
0.558650
0.568750
0.569725
0.572250
0.575450
0.592625
0.595200
0.604150
0.610400
0.616800
0.617125
0.617550
0.625325
0.631725
0.636075
0.647625
0.651675
0.656825
0.660550
0.660975
0.663300
0.667375
0.668525
0.679100
0.679800
0.686400
0.695325
0.701150
0.701425
0.706100
0.707200
0.712925
0.717650
0.721650
0.726600
0.729150
0.730225
0.731600
0.732475
0.732900
0.738600
0.744825
0.748325
0.754075
0.759925
0.762450
0.766525
0.771000
0.785500
0.785625
0.794300
0.805400
0.809475
0.854400
0.855575
0.862350
0.863900
0.864025
0.867600
0.874800
0.876650
0.876675
0.882825
0.883150
0.893650
0.896250
0.897575
0.907550
0.911350
0.915625
0.918600
0.948925
0.950075
0.956825
0.960200
0.965200
0.975625
0.984250
0.990650
1.008750
1.017400
1.024400
1.024700
1.051675
1.072475
1.078725
1.089350
1.103150
1.152225
1.153825
1.157875
1.160925
1.282350
1.300850
1.339850
1.377750
1.387425
1.405800
1.416075
1.469800
1.499500
1.501550
1.602475
1.626900
1.628200
1.646100
1.646675
1.649825
1.678875
1.712750
1.748375
1.870700
1.877275
1.914250
2.057225
2.154775
2.288725
2.361650
253
