0.006025
0.006450
0.010650
0.016625
0.027025
0.034700
0.037975
0.050100
0.050650
0.051500
0.062925
0.066875
0.072650
0.080325
0.085675
0.092325
0.096050
0.101075
0.101625
0.102225
0.103600
0.106650
0.111325
0.111900
0.112100
0.113125
0.114775
0.117850
0.124975
0.141425
0.143650
0.149650
0.151050
0.151400
0.158300
0.166325
0.171200
0.171375
0.176000
0.179500
0.179875
0.180450
0.181975
0.183075
0.185125
0.187200
0.190375
0.193450
0.210450
0.211125
0.219075
0.220975
0.223650
0.224275
0.225000
0.225900
0.228275
0.232250
0.237575
0.239625
0.241175
0.251575
0.253025
0.253425
0.253975
0.256775
0.258725
0.259050
0.268175
0.272825
0.276250
0.280375
0.282975
0.300450
0.306850
0.308975
0.310375
0.310700
0.312950
0.314375
0.314400
0.315600
0.319825
0.323375
0.332575
0.345300
0.355150
0.383250
0.384350
0.392625
0.397950
0.406200
0.409350
0.415225
0.420750
0.427225
0.430800
0.434275
0.437350
0.440925
0.441400
0.443200
0.450550
0.460450
0.463275
0.466425
0.471125
0.476350
0.479825
0.489250
0.493875
0.497175
0.497825
0.519675
0.521900
0.527650
0.531750
0.535200
0.535550
0.544050
0.547575
0.558425
0.566750
0.584450
0.587650
0.592925
0.593150
0.596700
0.605350
0.613075
0.617850
0.619725
0.625500
0.631800
0.637675
0.642600
0.645900
0.648100
0.663925
0.668500
0.670825
0.676825
0.685275
0.688825
0.697550
0.703950
0.704975
0.706500
0.708350
0.712000
0.717050
0.726150
0.729950
0.730625
0.731875
0.733125
0.740625
0.745925
0.747350
0.759750
0.766175
0.767100
0.768750
0.775225
0.777775
0.783200
0.789300
0.791250
0.794950
0.796150
0.798350
0.809400
0.817775
0.818950
0.823000
0.824025
0.826100
0.828825
0.829650
0.834625
0.839650
0.841825
0.848875
0.851975
0.855275
0.855775
0.867725
0.870400
0.871400
0.874100
0.877725
0.884000
0.890225
0.891700
0.893650
0.897025
0.907650
0.917550
0.919975
0.921100
0.934275
0.949775
0.950025
0.966000
0.975950
0.982650
0.985100
0.991950
0.997000
0.997150
1.011700
1.029125
1.040075
1.043200
1.046050
1.051325
1.065900
1.067450
1.076125
1.093475
1.119775
1.128200
1.131850
1.134125
1.143075
1.145900
1.164725
1.201550
1.211800
1.218375
1.220000
1.236875
1.247475
1.254675
1.261925
1.266600
1.279700
1.298550
1.302875
1.319200
1.319775
1.347125
1.426000
1.447250
1.464925
1.481875
1.482775
1.531525
1.543925
1.590175
1.604825
1.612500
1.614400
1.624925
1.641925
1.717350
1.717975
1.762400
1.780375
1.800300
2.002575
2.035100
2.109825
2.127600
2.435900
265
