0.005300
0.010975
0.011550
0.011900
0.012025
0.012650
0.024850
0.027975
0.039550
0.040175
0.041600
0.045500
0.045800
0.050075
0.052100
0.054850
0.056225
0.065925
0.066050
0.071875
0.073425
0.079500
0.082525
0.083525
0.087475
0.087775
0.090475
0.093450
0.098975
0.099300
0.101100
0.110450
0.111425
0.111800
0.118300
0.127200
0.134675
0.139450
0.148775
0.151025
0.163350
0.165450
0.171800
0.172750
0.181625
0.181800
0.187650
0.188175
0.188300
0.193400
0.196475
0.200525
0.200925
0.204275
0.204575
0.205000
0.205275
0.213100
0.214250
0.216725
0.222375
0.230975
0.232225
0.235800
0.236375
0.236375
0.237350
0.243625
0.243750
0.246050
0.271600
0.277350
0.285525
0.290300
0.302325
0.304125
0.304675
0.308175
0.310400
0.311875
0.312300
0.323400
0.325825
0.326025
0.327350
0.330200
0.330800
0.341250
0.345300
0.350550
0.353975
0.357025
0.361425
0.364875
0.365125
0.386825
0.390500
0.403450
0.406200
0.408850
0.409225
0.411425
0.415275
0.416975
0.417350
0.422200
0.426925
0.429900
0.433775
0.447350
0.448450
0.449825
0.458925
0.459425
0.460675
0.464425
0.468025
0.475375
0.475675
0.483925
0.484200
0.486050
0.491900
0.496925
0.502475
0.502750
0.518800
0.520550
0.523675
0.532750
0.539025
0.550375
0.552125
0.552875
0.553000
0.554025
0.556125
0.561250
0.573100
0.580250
0.580400
0.586175
0.587375
0.590375
0.592825
0.593425
0.596150
0.596625
0.600975
0.602675
0.609925
0.610625
0.611175
0.613575
0.619350
0.619975
0.629525
0.631300
0.638025
0.640600
0.647550
0.651525
0.652425
0.654150
0.656350
0.659125
0.662150
0.665025
0.665375
0.677925
0.689475
0.702425
0.703500
0.713425
0.715575
0.716050
0.719350
0.722225
0.739125
0.742850
0.743775
0.757825
0.758150
0.764675
0.765150
0.766175
0.766250
0.767825
0.771025
0.776875
0.780100
0.783275
0.796100
0.803725
0.804350
0.812125
0.817250
0.817675
0.818100
0.819050
0.820475
0.825600
0.826200
0.826450
0.827150
0.830525
0.834750
0.834750
0.834775
0.837950
0.839000
0.839750
0.842850
0.860150
0.861800
0.863750
0.863900
0.865125
0.875150
0.881900
0.889375
0.899725
0.901925
0.912250
0.915550
0.939600
0.939625
0.952250
0.954325
0.963250
0.969575
0.971675
0.978900
0.986525
0.996675
0.999400
1.027975
1.035175
1.040150
1.051875
1.053775
1.056125
1.059550
1.063575
1.064200
1.066175
1.069175
1.075175
1.083200
1.100050
1.101050
1.110300
1.136975
1.160275
1.172150
1.195900
1.228125
1.234775
1.261450
1.301750
1.330050
1.379625
1.380575
1.395675
1.432075
1.447925
1.449825
1.546950
1.581650
1.601700
1.694775
1.787300
1.789400
1.792075
1.826400
1.830975
1.903475
2.191525
2.213000
2.267625
280
