0.004700
0.014875
0.018075
0.018850
0.020775
0.036375
0.040600
0.055225
0.056575
0.060375
0.061100
0.066250
0.071175
0.078000
0.088375
0.092375
0.100000
0.101975
0.102300
0.105525
0.105675
0.115950
0.125750
0.126475
0.129625
0.136375
0.153450
0.153750
0.155025
0.155325
0.175175
0.179000
0.180300
0.189250
0.191725
0.195575
0.203825
0.205650
0.206775
0.214375
0.218250
0.232250
0.234325
0.237200
0.241550
0.242200
0.244175
0.249900
0.256400
0.257100
0.262050
0.263900
0.268750
0.270400
0.271525
0.272975
0.274450
0.279250
0.294925
0.304025
0.311350
0.327850
0.329200
0.344375
0.356850
0.357325
0.358225
0.360525
0.365475
0.365875
0.372825
0.373375
0.374525
0.376050
0.381275
0.387375
0.396825
0.399275
0.403350
0.405925
0.408775
0.410675
0.413625
0.414300
0.415425
0.420250
0.421675
0.422875
0.429625
0.431325
0.432475
0.437425
0.437750
0.450675
0.456450
0.462850
0.465575
0.466825
0.472950
0.473575
0.476650
0.478175
0.481725
0.483775
0.484800
0.488825
0.490450
0.492600
0.493125
0.493850
0.517025
0.517625
0.518500
0.524200
0.525625
0.526025
0.528325
0.534525
0.542175
0.544150
0.558375
0.559150
0.561725
0.565625
0.566950
0.570100
0.579350
0.586975
0.588850
0.589025
0.596450
0.598350
0.602825
0.603075
0.604875
0.609125
0.610925
0.619175
0.621100
0.621150
0.627100
0.629600
0.633625
0.649400
0.655425
0.655800
0.658725
0.662950
0.683675
0.691850
0.694575
0.703125
0.703250
0.704075
0.721100
0.731050
0.745125
0.749250
0.752075
0.763200
0.769275
0.770050
0.773925
0.775700
0.780725
0.793200
0.799425
0.802750
0.804025
0.804225
0.809225
0.809675
0.810625
0.810650
0.814025
0.820000
0.824675
0.831550
0.832450
0.841825
0.844150
0.844275
0.845950
0.846000
0.855200
0.855975
0.871600
0.875475
0.880850
0.895100
0.899600
0.907700
0.917000
0.922250
0.924575
0.925525
0.930150
0.930975
0.939575
0.953500
0.953875
0.969850
0.972400
0.976325
0.994650
0.995925
0.996325
0.996400
0.999675
1.005175
1.008425
1.027675
1.031150
1.036575
1.037300
1.041375
1.045250
1.054025
1.066925
1.069025
1.086125
1.093700
1.095675
1.130725
1.131750
1.141525
1.167700
1.209400
1.210200
1.237250
1.248225
1.271450
1.311650
1.323850
1.360250
1.378450
1.408050
1.413500
1.440225
1.490750
1.539000
1.586625
1.658775
1.667500
1.695275
1.699725
1.886725
1.899325
1.951000
1.976500
2.404500
251
