0.002100
0.004850
0.013900
0.017650
0.019000
0.022200
0.024050
0.024325
0.027050
0.028075
0.030725
0.032275
0.036700
0.043625
0.045250
0.049550
0.054400
0.055275
0.062125
0.066500
0.070050
0.072150
0.076400
0.089550
0.107525
0.107525
0.119000
0.123775
0.144425
0.148450
0.154675
0.156475
0.158375
0.158775
0.164275
0.165125
0.167550
0.173825
0.183175
0.191225
0.192975
0.197675
0.199175
0.209125
0.210275
0.214100
0.214450
0.225150
0.226600
0.230875
0.240725
0.241825
0.257950
0.263575
0.282400
0.283500
0.290000
0.300600
0.320425
0.323525
0.325250
0.326500
0.329325
0.330525
0.339500
0.348775
0.352925
0.360050
0.366125
0.366725
0.369500
0.370725
0.372025
0.373050
0.383975
0.385700
0.390150
0.391825
0.396775
0.397650
0.397825
0.410475
0.411900
0.412725
0.424100
0.432350
0.433950
0.435675
0.436250
0.437475
0.441325
0.441925
0.448925
0.451350
0.451575
0.455350
0.468025
0.469675
0.479075
0.479600
0.480650
0.485325
0.486300
0.488300
0.492525
0.504575
0.505475
0.507550
0.507950
0.517100
0.524275
0.525050
0.527300
0.532000
0.533125
0.534000
0.535650
0.536675
0.538800
0.544550
0.556650
0.557500
0.560500
0.563575
0.569225
0.572875
0.574275
0.576325
0.576325
0.581725
0.583625
0.585775
0.586600
0.592350
0.594350
0.597100
0.603850
0.605850
0.610275
0.613925
0.614700
0.615575
0.624450
0.630075
0.630675
0.631575
0.633825
0.639175
0.639200
0.644250
0.645025
0.652075
0.658900
0.664475
0.670300
0.680050
0.681875
0.684425
0.686725
0.691400
0.691750
0.692000
0.707800
0.710175
0.719200
0.723950
0.724150
0.726725
0.732625
0.746175
0.751975
0.752100
0.756600
0.758275
0.762175
0.765300
0.765925
0.766350
0.766750
0.768900
0.782725
0.786325
0.790500
0.796350
0.796850
0.797225
0.804025
0.804600
0.808975
0.812375
0.815500
0.822700
0.841700
0.845475
0.857250
0.858900
0.867800
0.874000
0.880775
0.887100
0.926225
0.926650
0.953875
0.959350
0.963650
0.964850
0.978250
1.004300
1.009950
1.010500
1.016250
1.026700
1.029125
1.039700
1.043000
1.044450
1.046200
1.051675
1.056125
1.072925
1.073625
1.078600
1.085850
1.096325
1.128525
1.135250
1.135275
1.173000
1.175150
1.192800
1.194575
1.200550
1.206200
1.213050
1.237775
1.247625
1.248925
1.267525
1.281700
1.294250
1.295450
1.297725
1.303775
1.309400
1.324125
1.360750
1.377825
1.386100
1.390775
1.396500
1.414225
1.420700
1.459100
1.529550
1.564025
1.619450
1.650825
1.662225
1.733375
1.800650
1.842150
1.895850
1.901550
1.980275
2.030925
2.107225
2.205300
267
