0.005025
0.027550
0.029900
0.035925
0.036225
0.053125
0.053975
0.059575
0.065750
0.069775
0.073525
0.081875
0.083975
0.090175
0.096600
0.097750
0.112825
0.119150
0.125925
0.128475
0.134750
0.139675
0.143500
0.145275
0.147375
0.154000
0.162725
0.163075
0.172325
0.174300
0.191000
0.199150
0.202700
0.210775
0.213700
0.226550
0.239900
0.244400
0.246750
0.254275
0.255525
0.259550
0.274625
0.275075
0.278475
0.280350
0.286275
0.293825
0.299000
0.302500
0.310750
0.311050
0.316325
0.316850
0.319775
0.320650
0.321900
0.327425
0.328700
0.339600
0.340875
0.345950
0.348025
0.349700
0.352575
0.354300
0.368850
0.369150
0.371000
0.377750
0.378825
0.380400
0.382600
0.387800
0.395400
0.397100
0.399900
0.405800
0.406950
0.407850
0.409025
0.410975
0.411500
0.413275
0.414800
0.415875
0.420975
0.422425
0.431175
0.443925
0.444700
0.452700
0.458900
0.468300
0.469550
0.472775
0.477175
0.477925
0.482400
0.486025
0.490675
0.496075
0.496100
0.496600
0.503925
0.506825
0.509000
0.510775
0.519375
0.531550
0.534250
0.535625
0.539675
0.540050
0.543075
0.560950
0.566725
0.582800
0.591900
0.597700
0.599800
0.610750
0.611825
0.613300
0.620100
0.626575
0.628950
0.641675
0.642750
0.646150
0.653975
0.655400
0.660925
0.667600
0.668425
0.673525
0.683525
0.683925
0.684300
0.700025
0.700600
0.705600
0.707850
0.707950
0.715075
0.717975
0.719075
0.727550
0.731200
0.736350
0.737050
0.759525
0.759700
0.761250
0.761575
0.762325
0.762975
0.767175
0.768600
0.770825
0.775725
0.776750
0.792725
0.793675
0.795000
0.804625
0.807425
0.809425
0.812125
0.815250
0.821650
0.829650
0.836975
0.845800
0.846925
0.863350
0.866500
0.866975
0.881475
0.898325
0.906550
0.926850
0.927050
0.938075
0.941075
0.941125
0.952925
0.955500
0.960825
0.962975
0.967775
0.968025
0.980450
0.994600
0.996975
1.000525
1.006525
1.010625
1.016300
1.024125
1.024350
1.026075
1.035425
1.038500
1.060150
1.075375
1.082975
1.101675
1.112225
1.119575
1.126750
1.129825
1.147150
1.169925
1.192300
1.213375
1.243775
1.254300
1.259025
1.269600
1.323200
1.330825
1.331800
1.333075
1.345375
1.351900
1.425150
1.450950
1.453425
1.454250
1.519600
1.524375
1.538725
1.560800
1.578650
1.584400
1.644775
1.669175
1.684775
1.761050
1.822400
1.826175
1.925775
1.932875
2.053375
2.086675
2.410925
247
