0.001025
0.019275
0.020325
0.022800
0.023475
0.024450
0.028575
0.028650
0.032450
0.037250
0.038625
0.043550
0.049400
0.053850
0.065600
0.073600
0.076825
0.077400
0.082800
0.082875
0.088200
0.088225
0.090525
0.092000
0.094800
0.102750
0.116800
0.120075
0.120500
0.126150
0.127500
0.131175
0.134950
0.142075
0.142900
0.145225
0.152400
0.153500
0.154125
0.158375
0.160575
0.162300
0.169650
0.180300
0.190625
0.205250
0.210725
0.215125
0.217025
0.217550
0.222000
0.227400
0.229250
0.230600
0.238575
0.244525
0.255450
0.256300
0.259225
0.268375
0.268450
0.277950
0.282425
0.294400
0.301375
0.312850
0.315875
0.316900
0.331525
0.335525
0.338675
0.351250
0.353375
0.355150
0.356625
0.360425
0.360800
0.361350
0.367050
0.368175
0.369875
0.371225
0.380150
0.394725
0.396250
0.396525
0.397150
0.397275
0.398175
0.399125
0.400725
0.401325
0.406525
0.412800
0.414275
0.419350
0.419850
0.432475
0.432775
0.441475
0.444750
0.453025
0.454200
0.475200
0.477925
0.482950
0.486550
0.489225
0.489625
0.490550
0.508175
0.508900
0.513175
0.514825
0.518100
0.526650
0.528325
0.528700
0.528750
0.528900
0.529225
0.534800
0.540300
0.543075
0.543250
0.544275
0.545800
0.545975
0.549100
0.553225
0.560550
0.561775
0.566875
0.567575
0.569125
0.573450
0.578550
0.580775
0.586300
0.593925
0.596825
0.598700
0.608450
0.609375
0.609875
0.612450
0.615650
0.615675
0.619250
0.623875
0.630650
0.642600
0.642950
0.649375
0.657725
0.663150
0.664300
0.668825
0.672225
0.675225
0.683650
0.683800
0.691200
0.695350
0.698550
0.700600
0.703750
0.704550
0.709475
0.712350
0.729150
0.729300
0.729900
0.741500
0.745625
0.747350
0.754275
0.771775
0.772525
0.777925
0.779100
0.780625
0.785150
0.790850
0.792100
0.792775
0.793650
0.794175
0.795575
0.804550
0.804925
0.811800
0.815925
0.820675
0.831975
0.838700
0.841025
0.845425
0.847550
0.849850
0.850625
0.852875
0.852925
0.855275
0.861025
0.870000
0.877400
0.879950
0.883400
0.887350
0.899700
0.900075
0.906325
0.926375
0.929450
0.932625
0.948400
0.960725
0.965575
0.982925
0.988700
0.995625
0.997375
0.998200
1.002000
1.002425
1.006650
1.014600
1.021175
1.023850
1.024000
1.066775
1.112500
1.144000
1.147125
1.151250
1.157000
1.163075
1.169975
1.178275
1.181550
1.194350
1.219300
1.238250
1.245300
1.270500
1.302050
1.313850
1.318550
1.363225
1.364900
1.369375
1.394250
1.411400
1.420000
1.429825
1.431875
1.434350
1.461950
1.475950
1.495950
1.570275
1.611650
1.631300
1.842425
2.001100
2.053225
2.072550
2.109800
2.232100
2.296700
2.437575
272
