0.002000
0.002025
0.007125
0.012900
0.039250
0.044025
0.048825
0.049125
0.049425
0.055225
0.060300
0.062850
0.067200
0.078650
0.081675
0.082275
0.083700
0.084575
0.085850
0.088275
0.093825
0.095075
0.097900
0.105375
0.108350
0.115350
0.116050
0.123625
0.124950
0.125775
0.129475
0.132575
0.137375
0.139500
0.145075
0.146975
0.148100
0.150800
0.151950
0.155400
0.169300
0.172150
0.174200
0.176800
0.180825
0.181300
0.183175
0.187275
0.189000
0.190475
0.212500
0.217600
0.219100
0.238175
0.241525
0.246175
0.253325
0.255300
0.255350
0.285225
0.288725
0.289600
0.291925
0.295200
0.305975
0.307050
0.317275
0.318125
0.323475
0.327775
0.331775
0.341525
0.344375
0.354200
0.363100
0.370000
0.370900
0.374175
0.380150
0.394175
0.405800
0.410750
0.414100
0.419100
0.437600
0.437950
0.439475
0.443650
0.443975
0.449475
0.457025
0.460300
0.465400
0.470300
0.471825
0.476000
0.488700
0.498175
0.500900
0.516250
0.516350
0.517575
0.531225
0.535900
0.539625
0.561575
0.567350
0.569400
0.569725
0.569950
0.572475
0.583300
0.586225
0.597125
0.597625
0.606950
0.607525
0.610775
0.620550
0.627750
0.634300
0.638825
0.647375
0.648675
0.648775
0.652075
0.652575
0.652800
0.663050
0.666075
0.674525
0.680300
0.681300
0.681625
0.699675
0.703600
0.715375
0.720525
0.722025
0.734450
0.747200
0.748800
0.756025
0.762025
0.764650
0.774125
0.777775
0.778525
0.787700
0.803375
0.806450
0.807550
0.809075
0.812175
0.812950
0.813675
0.817425
0.820575
0.824675
0.830175
0.837100
0.847025
0.849525
0.851850
0.857800
0.866975
0.882400
0.883400
0.885725
0.887550
0.892750
0.907800
0.917700
0.925200
0.925725
0.928925
0.941100
0.949900
0.951775
0.960600
0.981850
0.994375
0.996650
1.003050
1.010525
1.016650
1.023825
1.039875
1.060375
1.062800
1.079600
1.108550
1.111375
1.134450
1.137975
1.143400
1.149225
1.152600
1.161575
1.167300
1.185950
1.210725
1.213925
1.228525
1.252550
1.287925
1.288725
1.363875
1.365550
1.401375
1.426550
1.446575
1.464775
1.482350
1.496600
1.512650
1.537275
1.592800
1.620850
1.630200
1.632375
1.649625
1.668950
1.695850
1.724025
1.877875
1.911100
1.911925
2.019250
2.052825
2.438275
231
