0.010975
0.012250
0.012725
0.018000
0.029425
0.037375
0.038150
0.041950
0.043375
0.047600
0.051225
0.054850
0.055600
0.063800
0.066900
0.073700
0.084075
0.088075
0.088525
0.094925
0.105300
0.105800
0.110500
0.117575
0.120775
0.121200
0.121925
0.125575
0.132350
0.133775
0.136000
0.144800
0.148100
0.148625
0.153775
0.158300
0.158550
0.160950
0.171175
0.173575
0.185325
0.194775
0.195025
0.196050
0.198550
0.201350
0.202025
0.203675
0.206850
0.210950
0.212350
0.212725
0.212750
0.212975
0.218200
0.220950
0.230750
0.231700
0.231800
0.239700
0.241950
0.244750
0.250500
0.252975
0.256200
0.257150
0.258850
0.265675
0.270725
0.273675
0.276025
0.292625
0.292975
0.293000
0.293700
0.303900
0.305550
0.305775
0.324700
0.325100
0.328125
0.328925
0.329125
0.333750
0.334400
0.337950
0.342475
0.343000
0.345325
0.345750
0.346600
0.348400
0.361200
0.369600
0.379850
0.380100
0.393075
0.395925
0.396800
0.403250
0.405825
0.415850
0.416500
0.419325
0.423100
0.425025
0.437800
0.437825
0.443250
0.444325
0.446325
0.448850
0.448925
0.449600
0.452900
0.459650
0.471225
0.479050
0.487725
0.494575
0.498675
0.499450
0.503225
0.509375
0.512650
0.515025
0.521125
0.524500
0.525825
0.529075
0.541300
0.544750
0.546350
0.546775
0.550525
0.552800
0.554550
0.556750
0.557900
0.559425
0.559500
0.566075
0.566625
0.566975
0.576425
0.584675
0.584850
0.590600
0.591000
0.591375
0.601725
0.617575
0.617625
0.618750
0.631750
0.632275
0.632425
0.633250
0.635100
0.637575
0.650350
0.658650
0.666825
0.667750
0.675650
0.682425
0.683550
0.685900
0.701325
0.707375
0.712900
0.716725
0.725600
0.727325
0.743300
0.748325
0.756525
0.756925
0.759675
0.759975
0.762425
0.775750
0.780400
0.783150
0.798075
0.810975
0.815250
0.815975
0.842775
0.845200
0.845300
0.847250
0.850250
0.857350
0.857800
0.860600
0.860775
0.861700
0.864625
0.870175
0.884425
0.899025
0.904775
0.905425
0.933175
0.948675
0.955900
0.957550
0.960725
0.971675
0.988475
0.997875
1.009475
1.015375
1.023450
1.027050
1.038850
1.046625
1.048350
1.049975
1.054050
1.058025
1.064300
1.069625
1.074375
1.081250
1.105300
1.113050
1.136850
1.144775
1.168275
1.185150
1.187600
1.196425
1.198200
1.205750
1.216400
1.221600
1.222025
1.231250
1.242075
1.246900
1.255700
1.278675
1.282700
1.286850
1.349475
1.376575
1.412700
1.467225
1.468050
1.545975
1.552700
1.561775
1.611700
1.621500
1.678525
1.769700
1.778475
1.823850
2.095675
2.261950
262
