0.019500
0.025900
0.039525
0.039525
0.058800
0.063150
0.071900
0.073900
0.074950
0.076325
0.078075
0.079650
0.081800
0.088125
0.089825
0.090750
0.095700
0.096650
0.098450
0.101275
0.102875
0.103500
0.107650
0.108975
0.109325
0.111100
0.113650
0.113975
0.125850
0.135950
0.136500
0.136700
0.141275
0.142225
0.159125
0.163875
0.169775
0.172700
0.177800
0.192825
0.192900
0.194850
0.202525
0.207775
0.215175
0.215625
0.217450
0.219575
0.220550
0.231500
0.233550
0.235950
0.236850
0.239900
0.240800
0.241350
0.244875
0.245475
0.257500
0.284325
0.285900
0.288975
0.290025
0.290675
0.293275
0.296125
0.298075
0.299175
0.312850
0.314375
0.317250
0.330200
0.330675
0.334625
0.339150
0.346650
0.350150
0.359675
0.360925
0.362775
0.367250
0.370225
0.380800
0.384500
0.387225
0.401800
0.405375
0.409300
0.415575
0.417075
0.419400
0.420150
0.424125
0.434025
0.434175
0.436400
0.443850
0.445650
0.447800
0.450800
0.457175
0.459750
0.464000
0.465875
0.477025
0.477500
0.478575
0.484675
0.488050
0.499700
0.501225
0.501375
0.511375
0.515075
0.532575
0.533975
0.541000
0.542025
0.546675
0.559050
0.561475
0.567775
0.569500
0.573325
0.579025
0.579550
0.583800
0.586100
0.588100
0.588750
0.590950
0.594100
0.599950
0.600450
0.606625
0.616500
0.620450
0.621250
0.623750
0.624975
0.663450
0.673875
0.673900
0.676125
0.678175
0.678775
0.679925
0.683200
0.683650
0.686950
0.704800
0.704875
0.709300
0.715725
0.717425
0.722300
0.726100
0.738625
0.740250
0.740550
0.740775
0.761250
0.763500
0.765550
0.789150
0.789850
0.798750
0.803725
0.816600
0.832775
0.836800
0.850775
0.853800
0.862450
0.865625
0.870950
0.876725
0.879025
0.879500
0.900725
0.905275
0.910825
0.946100
0.950375
0.954525
0.958850
0.961550
0.973700
0.975050
0.980975
0.991000
0.993475
1.001675
1.002825
1.020950
1.040000
1.049525
1.061600
1.070025
1.078750
1.088750
1.090175
1.103375
1.108775
1.148825
1.156375
1.218850
1.231500
1.235200
1.243000
1.249425
1.274300
1.301900
1.361700
1.393200
1.402575
1.433475
1.530650
1.690625
1.691075
1.779300
1.926250
1.994300
2.065925
2.088000
2.292475
226
