0.005625
0.007125
0.008675
0.028025
0.035900
0.038225
0.041200
0.043450
0.059350
0.078675
0.079000
0.085725
0.087475
0.087925
0.112875
0.115100
0.115150
0.133025
0.134550
0.151725
0.161000
0.168875
0.171050
0.173150
0.175275
0.178100
0.178300
0.182300
0.183725
0.184600
0.212175
0.219225
0.224225
0.230800
0.231575
0.234675
0.238775
0.241325
0.244725
0.246225
0.251825
0.262475
0.263525
0.263675
0.268300
0.277675
0.279400
0.287675
0.301100
0.314100
0.318025
0.328675
0.329875
0.330650
0.330675
0.339025
0.339700
0.341875
0.343925
0.355200
0.365850
0.368575
0.371700
0.379650
0.381425
0.387250
0.391750
0.406975
0.407875
0.410450
0.418150
0.421700
0.421925
0.436925
0.442000
0.446000
0.446525
0.447000
0.453225
0.456150
0.458025
0.472050
0.475375
0.483400
0.490850
0.511175
0.516400
0.518550
0.532900
0.547425
0.550425
0.553375
0.555225
0.556650
0.557150
0.558300
0.562150
0.563275
0.568925
0.577975
0.589325
0.589925
0.592825
0.594900
0.601575
0.609525
0.613375
0.616900
0.618425
0.623825
0.630425
0.630475
0.634925
0.639525
0.640375
0.655125
0.659425
0.668975
0.674250
0.676725
0.687000
0.700950
0.722650
0.729500
0.736625
0.747625
0.759675
0.762700
0.767500
0.769800
0.770050
0.774875
0.777725
0.779425
0.779475
0.779600
0.784925
0.793575
0.797925
0.800150
0.800500
0.801550
0.803075
0.805175
0.806100
0.823800
0.824300
0.828375
0.839025
0.847225
0.847750
0.847900
0.847925
0.848025
0.862400
0.867350
0.882150
0.884850
0.898325
0.910800
0.913850
0.913850
0.921300
0.921900
0.925825
0.927500
0.942700
0.957525
0.959500
0.960525
0.965375
0.983650
0.987175
1.013750
1.027525
1.027800
1.030300
1.035075
1.040875
1.057000
1.061225
1.084350
1.094275
1.101275
1.103625
1.105600
1.112525
1.113475
1.135925
1.145650
1.146275
1.147450
1.167250
1.213425
1.235225
1.235675
1.281000
1.286850
1.327275
1.341425
1.357350
1.367725
1.403875
1.406775
1.407000
1.433250
1.447875
1.465725
1.491475
1.500275
1.526025
1.576500
1.592625
1.630375
1.673900
1.681675
1.710275
1.815050
1.913300
2.077500
2.247100
221
