0.002450
0.004900
0.024700
0.049600
0.052900
0.054800
0.056800
0.056850
0.072125
0.074075
0.076325
0.082800
0.086025
0.096425
0.099025
0.103400
0.108650
0.110550
0.112800
0.116675
0.121100
0.122275
0.138075
0.139525
0.144000
0.144500
0.144975
0.145475
0.149750
0.149875
0.153500
0.153850
0.164650
0.166325
0.169650
0.171450
0.176425
0.184700
0.190075
0.193350
0.194600
0.199825
0.201975
0.205375
0.207975
0.221375
0.231450
0.235500
0.254000
0.254000
0.266775
0.275075
0.278600
0.278625
0.278725
0.281900
0.281950
0.282650
0.305650
0.309750
0.321500
0.321950
0.324525
0.325225
0.325650
0.332300
0.332800
0.338600
0.347100
0.347950
0.348750
0.351075
0.351375
0.352400
0.355450
0.358450
0.359475
0.361075
0.369850
0.386250
0.390000
0.413875
0.414600
0.415900
0.416800
0.417325
0.417750
0.427375
0.433900
0.445350
0.452550
0.452575
0.458900
0.488250
0.490600
0.492225
0.496975
0.503675
0.511975
0.512175
0.521350
0.522675
0.530700
0.543225
0.548400
0.550375
0.551875
0.558400
0.568925
0.569250
0.572175
0.572625
0.580475
0.589525
0.592925
0.604400
0.607925
0.615200
0.625825
0.635675
0.642850
0.647750
0.654075
0.657750
0.660225
0.663175
0.676050
0.679725
0.681050
0.681475
0.691975
0.694150
0.697425
0.699700
0.700475
0.702450
0.704225
0.707675
0.708450
0.711125
0.720525
0.722800
0.724975
0.726450
0.754275
0.759175
0.761500
0.762000
0.772150
0.774200
0.780625
0.790800
0.792100
0.792850
0.793275
0.793725
0.799100
0.804325
0.807875
0.810750
0.816575
0.825975
0.826775
0.826850
0.841800
0.843975
0.844425
0.848650
0.850125
0.853150
0.862150
0.869950
0.870125
0.871600
0.882125
0.885175
0.889900
0.890250
0.890700
0.907000
0.911375
0.970825
0.977150
0.984275
0.994200
1.008100
1.009675
1.010500
1.012650
1.018575
1.019350
1.023500
1.031650
1.035075
1.035300
1.055225
1.067100
1.079750
1.093375
1.106075
1.109725
1.117575
1.151275
1.157600
1.164625
1.169900
1.173575
1.176150
1.195875
1.208775
1.237875
1.257775
1.274100
1.353825
1.362575
1.424850
1.430575
1.434275
1.457075
1.485175
1.501175
1.501625
1.517750
1.559900
1.589400
1.604625
1.684075
1.725075
1.988575
229
