0.004275
0.008050
0.010100
0.013275
0.020975
0.021175
0.022425
0.054125
0.054325
0.058225
0.060000
0.066275
0.075475
0.080250
0.081275
0.082750
0.085150
0.086375
0.091900
0.095675
0.098150
0.102850
0.117125
0.122800
0.124950
0.126425
0.126675
0.127275
0.130375
0.148550
0.149025
0.154500
0.163375
0.163600
0.165000
0.176375
0.181200
0.183025
0.183250
0.187475
0.187775
0.190500
0.191800
0.192400
0.211150
0.213575
0.218625
0.223350
0.235625
0.236375
0.243600
0.244500
0.247000
0.247900
0.253525
0.261050
0.261225
0.261800
0.267900
0.268000
0.268750
0.272025
0.275525
0.281525
0.282700
0.283825
0.294625
0.297300
0.298275
0.300475
0.304925
0.305925
0.309900
0.310950
0.311500
0.318250
0.322600
0.323325
0.324175
0.325900
0.328625
0.333300
0.339950
0.342150
0.351800
0.352725
0.353900
0.355300
0.381000
0.381350
0.384125
0.392900
0.393825
0.396325
0.403625
0.404100
0.406325
0.407100
0.409225
0.409550
0.409925
0.410975
0.421200
0.427325
0.429575
0.432075
0.432950
0.438400
0.439275
0.444225
0.450925
0.468650
0.471575
0.474100
0.474425
0.479925
0.482950
0.485725
0.486200
0.486275
0.490700
0.494875
0.502075
0.513100
0.516925
0.524025
0.525750
0.527700
0.532500
0.538525
0.541125
0.553400
0.554300
0.555175
0.555175
0.555950
0.561800
0.565100
0.573950
0.575775
0.590375
0.598350
0.600850
0.608600
0.610975
0.614125
0.619625
0.629775
0.639550
0.645300
0.658325
0.674325
0.685225
0.686825
0.690025
0.692450
0.693775
0.696200
0.701900
0.701925
0.712850
0.713150
0.719950
0.723750
0.726875
0.728050
0.733250
0.738950
0.747275
0.753425
0.755325
0.755600
0.758850
0.762575
0.767700
0.773150
0.780525
0.784500
0.787875
0.787875
0.790550
0.795400
0.796150
0.800300
0.800550
0.802350
0.802625
0.818350
0.829525
0.832400
0.838075
0.847075
0.848800
0.878400
0.880250
0.883750
0.886675
0.888425
0.898600
0.904150
0.910100
0.912775
0.912950
0.915600
0.919075
0.922825
0.924250
0.924775
0.925600
0.940400
0.940425
0.957975
0.959900
0.965300
0.970025
0.977800
0.979750
0.986925
0.990800
1.025550
1.039850
1.041250
1.047475
1.061800
1.082500
1.091000
1.094050
1.131575
1.150600
1.153250
1.153550
1.162425
1.168075
1.178400
1.189425
1.199325
1.242150
1.263950
1.267275
1.287925
1.303325
1.310425
1.329150
1.340250
1.359050
1.359075
1.376450
1.405075
1.421950
1.432775
1.483575
1.505325
1.545125
1.548525
1.614325
1.657825
1.669300
1.686850
1.707150
1.711325
1.714975
1.744500
1.780450
1.835575
1.906000
1.917100
2.091650
2.196200
2.222175
269
