0.001625
0.004600
0.011775
0.011875
0.019150
0.019175
0.026725
0.029025
0.031400
0.038675
0.039050
0.039425
0.041100
0.042775
0.043600
0.051525
0.061900
0.066325
0.071075
0.071425
0.075175
0.075625
0.113550
0.121875
0.122975
0.126100
0.126150
0.137100
0.138375
0.142200
0.143700
0.146400
0.154825
0.160575
0.165575
0.165700
0.169875
0.175100
0.190250
0.191475
0.194500
0.196275
0.211650
0.215150
0.216500
0.218225
0.219075
0.221225
0.238850
0.240700
0.243625
0.246875
0.250225
0.253100
0.256025
0.256825
0.262325
0.272575
0.278475
0.279275
0.282250
0.285050
0.291850
0.294100
0.299975
0.302875
0.304275
0.311475
0.323750
0.332575
0.334425
0.336650
0.343025
0.344825
0.348575
0.350025
0.357275
0.358325
0.358600
0.364075
0.369125
0.369900
0.373425
0.374700
0.377400
0.395800
0.398850
0.403125
0.403275
0.404875
0.406125
0.412100
0.420000
0.426075
0.426225
0.431000
0.431725
0.436800
0.443575
0.447525
0.450325
0.451225
0.454275
0.455075
0.459100
0.461975
0.462225
0.462300
0.484225
0.498625
0.498775
0.503875
0.509100
0.510475
0.513450
0.514200
0.519925
0.529275
0.534200
0.536625
0.537650
0.541150
0.542675
0.567375
0.569525
0.570325
0.572650
0.591400
0.597775
0.600375
0.600875
0.609175
0.612525
0.630925
0.636275
0.637300
0.645875
0.652175
0.655075
0.659350
0.659500
0.661550
0.666625
0.670075
0.677375
0.681950
0.688000
0.690825
0.718175
0.720225
0.725150
0.729900
0.733450
0.739350
0.740500
0.754800
0.755125
0.755150
0.767425
0.775150
0.778525
0.780550
0.784650
0.787875
0.790200
0.791750
0.801225
0.808725
0.813950
0.817225
0.831425
0.831875
0.834375
0.836100
0.846325
0.852400
0.856750
0.859500
0.863375
0.863900
0.866225
0.889025
0.914325
0.920475
0.934525
0.935350
0.942200
0.942800
0.952225
0.964725
0.977175
0.988325
0.997200
1.000525
1.002375
1.021950
1.031550
1.033100
1.038525
1.041375
1.044200
1.047500
1.049400
1.057475
1.091725
1.092700
1.110250
1.110425
1.134700
1.135775
1.138850
1.189075
1.212400
1.215900
1.252425
1.262675
1.274775
1.281350
1.295075
1.295800
1.378200
1.379725
1.394400
1.439525
1.545475
1.595400
1.596025
1.600175
1.706350
1.931550
1.954625
2.003000
2.104125
2.151750
2.193800
2.388150
236
