0.000875
0.002250
0.003350
0.005300
0.005725
0.010775
0.015125
0.015950
0.025600
0.028350
0.028450
0.030975
0.032375
0.032600
0.039050
0.039950
0.041425
0.049800
0.051600
0.053975
0.058300
0.061675
0.071625
0.073550
0.092950
0.094625
0.101850
0.104425
0.106600
0.108200
0.109075
0.112200
0.116900
0.128050
0.149600
0.150775
0.156500
0.170225
0.176475
0.183775
0.193475
0.193500
0.193575
0.194325
0.195175
0.201375
0.204400
0.214425
0.216125
0.221225
0.227850
0.236750
0.245250
0.253175
0.257100
0.260475
0.263325
0.270875
0.274300
0.280250
0.282600
0.291000
0.297225
0.303600
0.303875
0.304100
0.310025
0.310425
0.310700
0.311775
0.319575
0.333400
0.336300
0.342850
0.349475
0.352575
0.361150
0.365350
0.378825
0.390125
0.410300
0.413850
0.414400
0.416925
0.419225
0.435550
0.442225
0.443850
0.448325
0.451375
0.452125
0.454300
0.459300
0.459675
0.460600
0.460775
0.471975
0.478200
0.479775
0.481100
0.481600
0.483475
0.509725
0.514625
0.535875
0.539275
0.539475
0.545025
0.546200
0.554200
0.560075
0.574325
0.581700
0.585500
0.590175
0.608300
0.614200
0.617650
0.623150
0.626375
0.627275
0.632000
0.634425
0.636325
0.640825
0.644150
0.651125
0.653475
0.653500
0.654200
0.654450
0.656425
0.659250
0.663025
0.666625
0.668575
0.669300
0.673875
0.679350
0.680725
0.681250
0.684325
0.684775
0.686500
0.697750
0.706900
0.706975
0.711050
0.711175
0.714075
0.716325
0.718250
0.720800
0.722225
0.722575
0.726650
0.727025
0.729850
0.732325
0.738425
0.740475
0.743525
0.751400
0.753275
0.755150
0.756475
0.756525
0.764500
0.772525
0.786100
0.790300
0.806375
0.814250
0.820150
0.827400
0.832800
0.839775
0.839900
0.844825
0.845275
0.854675
0.869325
0.878500
0.884775
0.889175
0.890700
0.904400
0.905150
0.907425
0.907600
0.910900
0.932575
0.965550
0.982050
0.993775
0.998275
1.006650
1.007200
1.009225
1.019875
1.054125
1.054625
1.067475
1.071175
1.091400
1.095500
1.095800
1.106450
1.130225
1.132725
1.144175
1.168725
1.171050
1.184650
1.199825
1.202200
1.241550
1.244675
1.252450
1.258275
1.288225
1.335325
1.358100
1.374225
1.374575
1.404200
1.410575
1.474775
1.575900
1.592875
1.619200
1.636700
1.678800
1.685875
1.787950
1.988150
2.035325
2.128075
2.333700
2.337075
2.342000
241
