0.001100
0.019975
0.029950
0.037050
0.037250
0.040225
0.041800
0.044350
0.053850
0.065425
0.066150
0.075700
0.078850
0.082975
0.083650
0.089100
0.095775
0.104375
0.107475
0.110600
0.114750
0.114800
0.116325
0.119900
0.126550
0.126850
0.141550
0.150150
0.150900
0.157400
0.169400
0.169500
0.176200
0.177125
0.178025
0.178600
0.183450
0.185750
0.185800
0.187375
0.195700
0.196100
0.217525
0.219400
0.220800
0.220925
0.227450
0.227825
0.229250
0.235950
0.254825
0.260025
0.260850
0.264875
0.271500
0.274975
0.277150
0.277600
0.278550
0.279450
0.280725
0.287525
0.288325
0.290300
0.295850
0.307475
0.307825
0.318700
0.323350
0.323375
0.324800
0.344050
0.344825
0.346825
0.359125
0.363300
0.364225
0.365000
0.370650
0.376100
0.377800
0.378800
0.385525
0.390950
0.394500
0.399550
0.399975
0.406500
0.408775
0.410825
0.411700
0.413325
0.419825
0.422275
0.434900
0.441025
0.443475
0.451200
0.451550
0.456475
0.462375
0.464600
0.476475
0.476925
0.488850
0.490025
0.491200
0.496500
0.512475
0.527225
0.529725
0.530925
0.537625
0.542500
0.550825
0.558975
0.561475
0.563050
0.570100
0.573375
0.574975
0.581450
0.583125
0.583925
0.587300
0.587350
0.590500
0.596900
0.597650
0.609350
0.613100
0.618200
0.624850
0.639650
0.644575
0.649425
0.651850
0.655000
0.657175
0.664475
0.669550
0.675875
0.676525
0.680850
0.688625
0.696775
0.699075
0.702875
0.703200
0.721275
0.722700
0.727550
0.732400
0.740600
0.753700
0.753975
0.756475
0.759375
0.764675
0.769325
0.769725
0.770350
0.773900
0.775600
0.777375
0.788175
0.799375
0.801125
0.804625
0.809825
0.812300
0.818400
0.822475
0.830250
0.845825
0.847350
0.850900
0.854950
0.867525
0.879275
0.884575
0.888050
0.892075
0.896225
0.899725
0.914250
0.914975
0.922800
0.924775
0.926300
0.940625
0.945325
0.975825
0.976400
0.980975
0.983900
0.986600
0.987150
1.019975
1.037150
1.040200
1.055825
1.095425
1.100550
1.103375
1.115400
1.147125
1.150775
1.175325
1.223425
1.238425
1.263275
1.288125
1.291475
1.294550
1.304350
1.307000
1.317650
1.322375
1.331050
1.336650
1.347600
1.359125
1.375475
1.390875
1.430575
1.449875
1.487850
1.489325
1.504125
1.505550
1.604450
1.638675
1.753550
1.768775
1.782775
1.796250
1.827800
1.929900
1.981550
2.001000
2.061425
2.081425
2.202425
2.234900
2.275700
2.390100
247
