0.006125
0.011775
0.015675
0.018075
0.018425
0.022500
0.023400
0.025525
0.030575
0.032975
0.035000
0.042850
0.052025
0.056225
0.056300
0.058350
0.072575
0.077100
0.078625
0.079650
0.082750
0.092575
0.092675
0.097125
0.106200
0.106975
0.112400
0.113200
0.122000
0.122800
0.124925
0.125225
0.130150
0.136000
0.141575
0.148625
0.159575
0.175850
0.181500
0.191050
0.206450
0.208700
0.209025
0.215275
0.217650
0.220000
0.221750
0.222150
0.222975
0.224300
0.227625
0.240725
0.241300
0.248300
0.249575
0.253000
0.254000
0.259125
0.268125
0.269275
0.276050
0.278825
0.284025
0.284525
0.310100
0.310750
0.311725
0.313250
0.318225
0.322875
0.326325
0.333500
0.341250
0.341400
0.347475
0.350925
0.351975
0.352150
0.353400
0.354475
0.366250
0.367150
0.367200
0.369150
0.370425
0.373000
0.378275
0.385950
0.389525
0.390975
0.401075
0.403500
0.404800
0.405025
0.413400
0.415400
0.421275
0.435825
0.435925
0.448675
0.451300
0.452575
0.452800
0.457325
0.459600
0.467700
0.471775
0.474950
0.479225
0.479650
0.481275
0.483300
0.487400
0.492375
0.496600
0.496775
0.505900
0.506675
0.507175
0.507525
0.515100
0.516175
0.533850
0.538825
0.539100
0.547600
0.549350
0.559025
0.561400
0.565700
0.567300
0.570450
0.571025
0.586200
0.597100
0.598100
0.606650
0.608150
0.608925
0.610325
0.619150
0.622550
0.624125
0.624800
0.626000
0.626775
0.627600
0.628450
0.634625
0.639600
0.642550
0.644275
0.646275
0.652350
0.670650
0.674350
0.676650
0.686825
0.687475
0.693425
0.693550
0.699950
0.700650
0.701775
0.711125
0.711300
0.718075
0.726125
0.738075
0.739325
0.742025
0.744100
0.745525
0.753525
0.754250
0.760850
0.762225
0.763150
0.768475
0.771800
0.782900
0.785575
0.788800
0.794650
0.796725
0.797350
0.804350
0.804450
0.813625
0.814800
0.817725
0.824075
0.827025
0.852375
0.863575
0.897350
0.919975
0.922975
0.926925
0.949450
0.956800
0.958600
0.966550
0.973850
0.980375
0.993000
1.024375
1.026250
1.027825
1.063850
1.083650
1.121075
1.151475
1.160725
1.166825
1.169050
1.171475
1.203675
1.218275
1.237075
1.243600
1.265625
1.273350
1.276650
1.309475
1.326175
1.330575
1.374000
1.419400
1.420825
1.421750
1.439075
1.442275
1.487000
1.508375
1.510475
1.517100
1.531975
1.597575
1.716075
1.778075
1.839425
1.871000
1.903825
2.006550
2.135225
2.258575
2.324450
2.442850
249
