0.003900
0.008400
0.010425
0.031000
0.035250
0.035300
0.035500
0.036325
0.044425
0.062800
0.063650
0.067175
0.070225
0.070275
0.073900
0.080875
0.084700
0.089850
0.090225
0.094875
0.096500
0.098675
0.099225
0.106500
0.110100
0.123100
0.132325
0.142900
0.146700
0.148200
0.149275
0.151075
0.151600
0.152050
0.152300
0.153050
0.159200
0.179375
0.184625
0.186675
0.189700
0.200000
0.210525
0.215050
0.216750
0.217550
0.225375
0.232825
0.233475
0.234175
0.234500
0.235700
0.238025
0.255750
0.266200
0.267300
0.267350
0.273100
0.281275
0.289925
0.293075
0.297250
0.299625
0.303675
0.324525
0.325150
0.337950
0.338825
0.341925
0.345550
0.357725
0.358725
0.359300
0.365925
0.376100
0.381150
0.381675
0.383325
0.386675
0.389875
0.392950
0.397075
0.403075
0.407675
0.425850
0.427175
0.428300
0.434375
0.442250
0.444350
0.447400
0.456525
0.458075
0.465000
0.469250
0.471375
0.478400
0.478800
0.479175
0.479550
0.481200
0.484500
0.485050
0.488775
0.493200
0.494600
0.498675
0.503150
0.503675
0.503975
0.508675
0.511450
0.527900
0.544600
0.548175
0.555975
0.557675
0.558875
0.569800
0.572500
0.577375
0.580550
0.586000
0.590350
0.606175
0.606500
0.607925
0.610175
0.610275
0.611200
0.615350
0.633125
0.635450
0.636000
0.636125
0.640750
0.641900
0.649725
0.654150
0.657850
0.660675
0.664575
0.667850
0.683525
0.689975
0.694000
0.695775
0.701125
0.704025
0.716575
0.716675
0.720925
0.726650
0.731250
0.747300
0.747950
0.747950
0.754175
0.756900
0.761950
0.770750
0.771300
0.775950
0.783500
0.787675
0.790225
0.792550
0.795400
0.796225
0.805225
0.810625
0.817950
0.819350
0.820425
0.831500
0.832475
0.832600
0.837150
0.837700
0.851725
0.855300
0.871875
0.874575
0.876275
0.876300
0.877775
0.877850
0.878975
0.879350
0.884650
0.885650
0.891225
0.891700
0.892250
0.896400
0.896600
0.898175
0.903600
0.903675
0.911725
0.913050
0.921775
0.929975
0.931550
0.966000
0.978975
0.981850
0.991900
1.016775
1.029250
1.036425
1.037125
1.037375
1.055075
1.062525
1.076750
1.083925
1.092050
1.092525
1.093475
1.098975
1.106200
1.112850
1.132275
1.159150
1.176175
1.182675
1.183050
1.186750
1.189650
1.192475
1.208900
1.265400
1.295375
1.303175
1.316200
1.324450
1.360450
1.379275
1.406225
1.411550
1.432250
1.459150
1.469375
1.471650
1.499325
1.516850
1.533050
1.538300
1.559625
1.567575
1.630925
1.638050
1.658525
1.970125
2.093125
2.326225
2.390500
258
