0.000825
0.002025
0.015125
0.023100
0.023275
0.024075
0.027775
0.032925
0.033475
0.033950
0.044700
0.057325
0.061075
0.063100
0.079400
0.085575
0.095100
0.110375
0.110625
0.114925
0.119325
0.124875
0.136100
0.143375
0.147225
0.148950
0.149900
0.151400
0.156775
0.159025
0.162875
0.165375
0.166275
0.168850
0.174550
0.176425
0.180800
0.194150
0.205025
0.207400
0.222950
0.224725
0.227700
0.227975
0.236575
0.237925
0.238300
0.239200
0.244050
0.261050
0.265775
0.274250
0.275600
0.275650
0.275750
0.278025
0.278300
0.278625
0.280675
0.281650
0.289600
0.291075
0.296375
0.302700
0.307775
0.309200
0.315925
0.323275
0.328200
0.337950
0.338100
0.344450
0.345975
0.348300
0.348600
0.354325
0.364825
0.365550
0.365950
0.382250
0.388225
0.392475
0.397475
0.400275
0.404675
0.412175
0.415700
0.421650
0.435575
0.436900
0.440925
0.446725
0.447475
0.456200
0.457425
0.468500
0.468625
0.476550
0.477700
0.482475
0.494625
0.495675
0.498625
0.502150
0.502850
0.503375
0.507625
0.519075
0.527725
0.532375
0.534925
0.539275
0.541300
0.543375
0.545350
0.549500
0.553275
0.566850
0.566900
0.569825
0.571375
0.573925
0.589775
0.594900
0.596875
0.597100
0.599625
0.602275
0.603700
0.605850
0.607250
0.609400
0.623750
0.624650
0.625075
0.627450
0.633975
0.635125
0.635500
0.636025
0.637425
0.639000
0.648125
0.650800
0.650850
0.656325
0.662250
0.665075
0.666100
0.666350
0.667125
0.668200
0.670775
0.678325
0.678475
0.680575
0.681650
0.686475
0.688050
0.695075
0.699400
0.701025
0.712250
0.717700
0.724425
0.732875
0.733975
0.734275
0.737375
0.738275
0.738600
0.739500
0.746550
0.747750
0.754000
0.758175
0.760025
0.765900
0.766250
0.774775
0.777650
0.782950
0.784375
0.784875
0.785750
0.786350
0.792375
0.794150
0.796225
0.814750
0.831650
0.834475
0.842150
0.845775
0.845850
0.849400
0.857450
0.857475
0.862525
0.869375
0.876675
0.886500
0.888000
0.890725
0.897325
0.906525
0.915175
0.918075
0.925800
0.949125
0.971750
0.972625
0.982650
0.987100
0.990375
1.008850
1.019450
1.022350
1.035600
1.040975
1.045625
1.053900
1.053950
1.063525
1.086775
1.087200
1.110125
1.120000
1.155325
1.159475
1.167550
1.169500
1.186700
1.201100
1.240400
1.251800
1.278025
1.294500
1.314650
1.391300
1.408275
1.442800
1.473200
1.513600
1.552275
1.732750
1.738100
1.752525
1.783800
1.879125
1.929450
2.181300
252
