0.001175
0.003800
0.004200
0.010575
0.011725
0.024250
0.026550
0.027275
0.028700
0.029500
0.031150
0.032400
0.043125
0.059250
0.071050
0.073850
0.078250
0.080700
0.094000
0.097825
0.099650
0.103875
0.105925
0.106150
0.108625
0.115500
0.119400
0.119575
0.130250
0.131725
0.134700
0.135100
0.140900
0.143000
0.155725
0.156575
0.157450
0.174075
0.180950
0.185325
0.191475
0.191550
0.197050
0.197225
0.198125
0.204025
0.206700
0.213175
0.217500
0.226725
0.231600
0.233250
0.239300
0.241250
0.242500
0.246775
0.252850
0.262475
0.264525
0.274100
0.275400
0.276525
0.276725
0.281375
0.282100
0.283350
0.286750
0.291175
0.294125
0.294250
0.302750
0.322725
0.330625
0.335050
0.336275
0.342325
0.342975
0.343800
0.347325
0.358325
0.364100
0.370225
0.370250
0.370600
0.374000
0.375025
0.377500
0.383000
0.396875
0.402625
0.406650
0.410950
0.411350
0.411650
0.413375
0.417825
0.425975
0.432350
0.434850
0.441100
0.441375
0.444850
0.456050
0.457200
0.466750
0.470350
0.472450
0.473250
0.482100
0.485800
0.485875
0.486925
0.494300
0.496725
0.498150
0.498275
0.503025
0.506550
0.507700
0.512925
0.514425
0.519200
0.523525
0.527300
0.543575
0.545150
0.549650
0.550225
0.551200
0.559150
0.563650
0.564225
0.571475
0.573425
0.575225
0.580525
0.586500
0.598950
0.600725
0.604450
0.604650
0.608575
0.614825
0.615550
0.628450
0.633175
0.633975
0.634625
0.634700
0.638075
0.643850
0.661350
0.663025
0.674275
0.677550
0.685875
0.689950
0.699275
0.712500
0.714800
0.716700
0.721000
0.724725
0.726725
0.731900
0.733025
0.734325
0.735100
0.735950
0.738875
0.744625
0.747350
0.749100
0.754150
0.756750
0.764200
0.766800
0.766900
0.771450
0.773925
0.774900
0.776150
0.780500
0.784350
0.794825
0.802850
0.806450
0.808600
0.825975
0.826100
0.829575
0.832625
0.838825
0.844375
0.851875
0.861150
0.863075
0.866050
0.870300
0.883700
0.891275
0.894025
0.894550
0.896800
0.902050
0.904775
0.912550
0.913525
0.915075
0.921750
0.926175
0.933175
0.939350
0.940300
0.949900
0.953200
0.974325
0.975625
0.985625
0.994700
1.022050
1.037000
1.039925
1.040100
1.069800
1.077475
1.078600
1.081050
1.086850
1.107525
1.125800
1.142000
1.153450
1.153925
1.191775
1.206875
1.219875
1.237125
1.247550
1.253825
1.259975
1.272025
1.282925
1.291675
1.302325
1.326575
1.338750
1.339075
1.350725
1.354875
1.415400
1.423175
1.468425
1.471275
1.486875
1.631775
1.687200
1.798425
1.827675
1.939150
1.984950
1.994300
2.047725
2.083350
2.367875
265
