0.015350
0.026150
0.029475
0.043075
0.043650
0.048200
0.049400
0.053375
0.058100
0.058575
0.061700
0.062425
0.069625
0.074725
0.078925
0.079400
0.084800
0.097300
0.099550
0.103200
0.107125
0.110600
0.110800
0.114425
0.117075
0.122125
0.128875
0.131675
0.132275
0.136500
0.138025
0.140825
0.145400
0.160925
0.161200
0.168050
0.169200
0.173100
0.180075
0.182850
0.190150
0.192125
0.192400
0.194225
0.195575
0.205650
0.209450
0.209550
0.213625
0.219550
0.241175
0.242650
0.255025
0.256050
0.278750
0.283550
0.284000
0.284025
0.284525
0.297775
0.305250
0.307450
0.325275
0.341725
0.342125
0.346475
0.350275
0.352200
0.352875
0.354050
0.358175
0.368900
0.372575
0.378700
0.382625
0.384300
0.392200
0.393150
0.399475
0.400250
0.404050
0.408400
0.415850
0.420375
0.434325
0.443575
0.447150
0.460100
0.471875
0.478800
0.482375
0.482700
0.487175
0.490050
0.493625
0.498675
0.503775
0.505725
0.512675
0.522825
0.525075
0.527275
0.531350
0.539500
0.540600
0.548975
0.554225
0.559075
0.563050
0.566500
0.568300
0.573150
0.574475
0.575700
0.579350
0.581900
0.582875
0.585725
0.586450
0.593675
0.595825
0.600275
0.602275
0.613975
0.621675
0.625850
0.626400
0.635075
0.641700
0.654500
0.657850
0.662850
0.666075
0.680000
0.680100
0.685075
0.685125
0.686000
0.692350
0.700325
0.711050
0.713950
0.718625
0.720250
0.730950
0.734075
0.739875
0.747025
0.756100
0.757550
0.762575
0.769600
0.774750
0.782500
0.788300
0.799750
0.804000
0.806325
0.819350
0.830225
0.830475
0.835725
0.836050
0.838825
0.839200
0.845250
0.846800
0.847025
0.855100
0.865600
0.876825
0.881950
0.899775
0.903250
0.913600
0.914725
0.919300
0.923700
0.926550
0.942350
0.943175
0.945250
0.960700
0.965550
0.977275
0.979350
0.984500
0.986025
0.987325
0.995050
1.001000
1.001850
1.009775
1.011125
1.011400
1.022925
1.037250
1.041150
1.043650
1.051575
1.052975
1.056375
1.061800
1.102700
1.121475
1.141775
1.143225
1.152300
1.158050
1.198600
1.222050
1.237575
1.264050
1.274325
1.278200
1.284200
1.290325
1.294000
1.294075
1.359975
1.377725
1.388125
1.418200
1.425625
1.445275
1.455050
1.496750
1.500900
1.528125
1.602875
1.711000
1.722875
1.801000
1.866350
1.894975
1.946075
236
