0.009950
0.013525
0.015400
0.020875
0.022300
0.023000
0.028000
0.032225
0.037800
0.039850
0.040150
0.046500
0.048075
0.048825
0.055025
0.055550
0.057750
0.060000
0.060250
0.060250
0.065525
0.065875
0.077550
0.083625
0.097975
0.098950
0.099300
0.110700
0.113200
0.123600
0.124725
0.126775
0.127850
0.134450
0.135675
0.143075
0.144325
0.153825
0.153825
0.156900
0.158650
0.163825
0.167425
0.168425
0.177750
0.180025
0.180025
0.180025
0.180825
0.189400
0.189825
0.191600
0.200550
0.203150
0.205000
0.210325
0.220700
0.222300
0.222350
0.226350
0.235775
0.248875
0.249400
0.251325
0.253150
0.257700
0.262100
0.265075
0.270175
0.272275
0.279825
0.289600
0.291425
0.297050
0.307000
0.308600
0.316475
0.329875
0.340200
0.344750
0.348875
0.349350
0.349375
0.361550
0.364525
0.369750
0.374550
0.377575
0.389125
0.396675
0.398950
0.408375
0.412125
0.412750
0.413425
0.418375
0.433525
0.437025
0.438675
0.439725
0.441800
0.445725
0.447825
0.456575
0.458875
0.466800
0.468450
0.470350
0.471450
0.471800
0.471875
0.472225
0.472275
0.472375
0.472750
0.473275
0.477400
0.482125
0.484550
0.501375
0.509025
0.511050
0.521925
0.530100
0.543650
0.543850
0.552075
0.554000
0.554300
0.558725
0.570525
0.582925
0.583225
0.587850
0.588950
0.592525
0.593450
0.604650
0.606550
0.607250
0.612025
0.617600
0.626575
0.630350
0.631050
0.635825
0.647975
0.649075
0.677275
0.678075
0.691650
0.691700
0.700850
0.701700
0.717750
0.723200
0.723800
0.729100
0.732450
0.732700
0.741025
0.746000
0.756425
0.758625
0.768225
0.770175
0.776925
0.780775
0.786750
0.787375
0.793300
0.793975
0.796550
0.798200
0.804300
0.811825
0.819875
0.820600
0.828575
0.831050
0.847425
0.850975
0.851550
0.851925
0.853425
0.855275
0.856275
0.862175
0.870200
0.872350
0.888725
0.895400
0.897050
0.903825
0.907825
0.921325
0.922475
0.935900
0.939125
0.947750
0.958550
0.974075
0.987300
0.991675
1.017400
1.024475
1.043775
1.044125
1.057250
1.058350
1.065550
1.068725
1.078775
1.079000
1.083675
1.087625
1.111850
1.113350
1.116275
1.120350
1.149725
1.156400
1.203350
1.229175
1.245900
1.253200
1.267675
1.271500
1.329500
1.347975
1.360975
1.422775
1.423900
1.440475
1.469475
1.555050
1.623350
1.650875
1.652975
1.669250
1.764900
1.880575
1.918600
2.096600
2.101400
245
