0.008675
0.011375
0.016475
0.017425
0.019475
0.023050
0.024575
0.028525
0.035500
0.040750
0.043325
0.043350
0.051825
0.066650
0.067400
0.070600
0.071475
0.071900
0.077500
0.085825
0.086100
0.090275
0.101850
0.105850
0.110125
0.121325
0.125000
0.132150
0.136800
0.137850
0.139025
0.139825
0.140150
0.141375
0.141925
0.146400
0.160825
0.179200
0.179550
0.187825
0.196100
0.197375
0.199775
0.200725
0.210350
0.216850
0.217650
0.218025
0.225325
0.230850
0.234575
0.240825
0.241375
0.243800
0.247100
0.249450
0.255500
0.265925
0.277625
0.278475
0.283900
0.291050
0.291525
0.291700
0.298425
0.306975
0.312225
0.312775
0.312800
0.312975
0.317650
0.318600
0.322200
0.326650
0.338950
0.341400
0.352600
0.357725
0.367650
0.369650
0.374650
0.374700
0.389300
0.392500
0.399650
0.404100
0.406000
0.406050
0.408900
0.414250
0.415700
0.416150
0.416375
0.421525
0.424375
0.428275
0.431325
0.440150
0.441150
0.451350
0.453900
0.454675
0.466675
0.471000
0.476900
0.479300
0.481575
0.482100
0.498300
0.500700
0.504950
0.511275
0.514825
0.515800
0.535650
0.537875
0.548500
0.549150
0.549700
0.560700
0.564550
0.564625
0.566750
0.567300
0.573550
0.576775
0.579300
0.581300
0.581900
0.584850
0.591900
0.592350
0.595250
0.601775
0.606650
0.615500
0.616350
0.619900
0.620200
0.623225
0.628050
0.634100
0.641425
0.643950
0.647300
0.649175
0.651575
0.667950
0.670150
0.676450
0.686450
0.688375
0.689650
0.694650
0.703350
0.706100
0.711200
0.714475
0.726950
0.728125
0.745400
0.745425
0.748825
0.749750
0.758700
0.759275
0.767450
0.769725
0.774525
0.782000
0.786650
0.789675
0.793600
0.795025
0.799425
0.802525
0.809425
0.826800
0.828450
0.830075
0.830850
0.837225
0.838925
0.840775
0.850825
0.855375
0.857050
0.857225
0.857950
0.858275
0.877650
0.881700
0.891275
0.894250
0.895000
0.895250
0.899525
0.911650
0.916925
0.919850
0.924025
0.925900
0.928125
0.935750
0.936950
0.946700
0.948950
0.950925
0.954450
0.963100
0.968100
0.969650
0.973775
0.983700
0.985800
1.005350
1.012875
1.026900
1.032250
1.032775
1.040725
1.042475
1.066900
1.084000
1.093400
1.130450
1.154975
1.161000
1.170850
1.173125
1.181025
1.193875
1.215875
1.274475
1.280175
1.288700
1.308900
1.350075
1.358675
1.378600
1.444900
1.506025
1.588375
1.611450
1.677975
1.711425
1.723275
1.963600
2.180825
2.348850
2.390600
251
