0.002625
0.004450
0.009200
0.014975
0.019025
0.024375
0.026400
0.048825
0.049200
0.053800
0.056700
0.059725
0.063150
0.072275
0.083375
0.092250
0.095050
0.105125
0.122625
0.126150
0.132100
0.145300
0.150225
0.151075
0.151725
0.159075
0.159800
0.176425
0.190525
0.192800
0.193575
0.196850
0.197300
0.209625
0.211925
0.218500
0.225425
0.238650
0.239600
0.251025
0.255450
0.266050
0.278450
0.283100
0.285800
0.289350
0.292200
0.299950
0.308650
0.312675
0.314050
0.314625
0.320275
0.343050
0.343250
0.345900
0.346675
0.349100
0.353325
0.361350
0.367350
0.368975
0.374800
0.376775
0.379825
0.382950
0.398225
0.417900
0.420850
0.421025
0.432625
0.434250
0.435425
0.438175
0.440925
0.451425
0.452700
0.454000
0.454425
0.454600
0.460350
0.460950
0.473325
0.480250
0.492300
0.494025
0.495075
0.497375
0.504175
0.507575
0.520650
0.521325
0.523400
0.527000
0.535050
0.536375
0.540925
0.541825
0.547425
0.553700
0.568200
0.568325
0.584275
0.594075
0.599525
0.605500
0.608200
0.609975
0.614275
0.620725
0.624950
0.625050
0.638150
0.645900
0.646425
0.649900
0.658500
0.673375
0.673750
0.680400
0.683525
0.691300
0.692000
0.692125
0.693000
0.698675
0.698875
0.702900
0.717625
0.721525
0.723025
0.723150
0.726725
0.733450
0.740500
0.746650
0.754050
0.756600
0.759675
0.772125
0.774800
0.780475
0.782125
0.783225
0.787175
0.788925
0.793450
0.798525
0.801650
0.812475
0.815875
0.816150
0.816925
0.817000
0.822500
0.822950
0.843125
0.845600
0.849300
0.850225
0.854500
0.858600
0.859525
0.866925
0.881400
0.891700
0.898650
0.900075
0.905850
0.908625
0.913925
0.914100
0.921600
0.923825
0.932650
0.934475
0.937675
0.947500
0.950225
0.960100
0.967425
0.973475
0.987575
0.991900
1.010575
1.012425
1.020175
1.021100
1.031425
1.045050
1.074500
1.078325
1.085200
1.098075
1.102400
1.113600
1.116725
1.136250
1.141325
1.149950
1.153650
1.165425
1.165875
1.174400
1.179925
1.189675
1.200200
1.200850
1.202075
1.225875
1.268525
1.297800
1.297925
1.304125
1.314025
1.318050
1.332450
1.338375
1.340550
1.378700
1.402875
1.417350
1.424250
1.426425
1.435075
1.481825
1.487600
1.519800
1.569675
1.619725
1.643325
1.658350
1.707700
1.740175
1.792325
1.829850
1.905800
1.973925
2.077150
2.424300
240
