0.004950
0.016225
0.016775
0.022425
0.029700
0.043400
0.044650
0.053775
0.056400
0.056800
0.060875
0.064675
0.067775
0.069675
0.071150
0.073350
0.086875
0.087000
0.087900
0.091375
0.096050
0.109750
0.129200
0.131825
0.142100
0.149375
0.149400
0.150400
0.158175
0.161075
0.164625
0.167800
0.168850
0.180050
0.191550
0.195025
0.199950
0.205775
0.219525
0.219750
0.223900
0.224925
0.225825
0.230725
0.235875
0.235925
0.242650
0.248025
0.250675
0.257100
0.257775
0.269825
0.281100
0.281550
0.294100
0.300500
0.308975
0.332400
0.333025
0.333600
0.336850
0.342325
0.343925
0.344925
0.350100
0.355300
0.358700
0.359200
0.369000
0.373200
0.381900
0.383625
0.387150
0.399025
0.405875
0.409325
0.411075
0.411725
0.421100
0.421250
0.430350
0.432425
0.432425
0.437350
0.445700
0.446450
0.448800
0.452100
0.456225
0.457775
0.459000
0.465850
0.467625
0.467950
0.471375
0.473850
0.480250
0.483425
0.488450
0.492475
0.494075
0.494225
0.494350
0.497725
0.500825
0.501075
0.503575
0.508700
0.511450
0.512450
0.513000
0.517200
0.527325
0.537275
0.541750
0.544875
0.561925
0.577675
0.594775
0.595800
0.602650
0.611225
0.611600
0.616850
0.616850
0.620075
0.620700
0.628425
0.642325
0.642700
0.643625
0.653800
0.664950
0.665150
0.667375
0.669225
0.676325
0.691675
0.692850
0.692925
0.697325
0.698225
0.698775
0.699725
0.709825
0.710550
0.712350
0.715525
0.717750
0.719775
0.723150
0.723425
0.728525
0.736500
0.737850
0.754175
0.755400
0.762925
0.768925
0.771325
0.772150
0.772825
0.782900
0.793775
0.796950
0.804525
0.815425
0.818975
0.824025
0.832075
0.835525
0.841500
0.845500
0.846450
0.849275
0.857775
0.873725
0.876525
0.879225
0.882575
0.892050
0.893900
0.905225
0.905300
0.929550
0.931000
0.936050
0.940725
0.944925
0.978075
0.983350
0.994975
1.009550
1.011425
1.013500
1.022600
1.028475
1.037350
1.041900
1.045950
1.050750
1.062900
1.079300
1.081800
1.106925
1.135025
1.135775
1.140900
1.161825
1.173225
1.198800
1.209875
1.240150
1.267975
1.409525
1.411500
1.417025
1.419025
1.441400
1.469275
1.477975
1.497250
1.502725
1.507825
1.531025
1.540300
1.554900
1.588425
1.648625
1.650375
1.660075
1.668550
1.677175
1.737500
1.744200
1.745625
1.772850
1.925000
1.959200
1.998025
2.183875
2.290900
242
