0.001700
0.005425
0.007750
0.010300
0.014350
0.015125
0.019650
0.032375
0.033925
0.034375
0.036325
0.040250
0.040925
0.044150
0.049175
0.049300
0.057075
0.057700
0.070550
0.071175
0.072600
0.074025
0.074825
0.085175
0.099300
0.100975
0.103600
0.104250
0.104950
0.109125
0.115675
0.117175
0.122050
0.123375
0.128225
0.128900
0.129025
0.131975
0.135250
0.140725
0.145850
0.147650
0.154325
0.164150
0.169200
0.175650
0.177850
0.184425
0.184750
0.192925
0.194525
0.196725
0.202300
0.205075
0.205150
0.207775
0.214700
0.218175
0.220100
0.221450
0.227100
0.227900
0.228000
0.232950
0.235050
0.236375
0.238875
0.249750
0.250325
0.263075
0.263725
0.266000
0.272775
0.274825
0.282125
0.291900
0.310350
0.310900
0.317000
0.323975
0.327850
0.332350
0.335675
0.337950
0.340775
0.351450
0.351575
0.356925
0.365750
0.367800
0.383275
0.386025
0.388175
0.392350
0.398050
0.404425
0.414600
0.422850
0.431325
0.440100
0.449675
0.454825
0.459350
0.463300
0.468175
0.475550
0.477175
0.488550
0.492025
0.492025
0.495025
0.501950
0.503800
0.504625
0.505400
0.515050
0.517850
0.517925
0.521100
0.532650
0.539225
0.542125
0.553675
0.553800
0.553925
0.556275
0.556775
0.561550
0.564875
0.573975
0.575850
0.579775
0.589700
0.596425
0.598475
0.610750
0.613550
0.623875
0.626400
0.641150
0.641325
0.643375
0.649275
0.653500
0.662700
0.663475
0.673425
0.680375
0.682325
0.684725
0.685525
0.689900
0.694750
0.705200
0.707025
0.707850
0.715100
0.716075
0.716700
0.724400
0.725100
0.725225
0.727175
0.732000
0.736275
0.743600
0.748150
0.748475
0.750125
0.753100
0.756325
0.758000
0.758100
0.763550
0.772900
0.774050
0.775725
0.794900
0.797500
0.805975
0.821700
0.826450
0.830475
0.847675
0.852400
0.858825
0.859325
0.863275
0.871600
0.878625
0.883325
0.891775
0.892700
0.898300
0.902700
0.905400
0.922150
0.939000
0.952475
0.967050
0.968250
0.978475
0.982350
0.984825
0.997700
1.019200
1.019500
1.022400
1.036125
1.076650
1.084825
1.102650
1.105250
1.141850
1.147425
1.178325
1.185525
1.250150
1.272725
1.288625
1.327025
1.349775
1.440200
1.450750
1.455850
1.498800
1.510300
1.529825
1.642750
1.714025
1.753200
1.760425
1.780000
1.859350
2.040050
235
