0.003750
0.017050
0.017950
0.025025
0.028600
0.037025
0.038475
0.044050
0.053825
0.059575
0.075400
0.081350
0.082300
0.082425
0.084025
0.089525
0.106375
0.112025
0.119125
0.120825
0.124150
0.125700
0.128475
0.134225
0.140900
0.152650
0.153725
0.155925
0.162150
0.163525
0.173525
0.175775
0.176150
0.178925
0.179850
0.183700
0.185300
0.191850
0.193175
0.194000
0.195950
0.196875
0.200025
0.204700
0.219625
0.230450
0.230750
0.236175
0.238500
0.247850
0.262000
0.265000
0.270175
0.270825
0.282650
0.289700
0.291200
0.291225
0.293825
0.297925
0.300325
0.327775
0.339375
0.340925
0.354750
0.356775
0.360175
0.362275
0.365500
0.376125
0.377600
0.378950
0.379125
0.380050
0.380050
0.381525
0.384800
0.389525
0.408775
0.434000
0.434725
0.443975
0.445325
0.446000
0.452200
0.464650
0.465775
0.473500
0.477875
0.477925
0.482450
0.483000
0.496050
0.496675
0.505125
0.507825
0.508275
0.509150
0.514050
0.520825
0.526100
0.531600
0.550350
0.554150
0.559300
0.568375
0.569100
0.569225
0.571900
0.577425
0.579750
0.590025
0.594350
0.594825
0.599900
0.601875
0.606200
0.621000
0.631425
0.632800
0.636050
0.645800
0.645975
0.646350
0.647575
0.650550
0.662675
0.662725
0.662975
0.679050
0.679750
0.687925
0.688525
0.690475
0.692550
0.694350
0.699850
0.703850
0.709525
0.713325
0.717725
0.717800
0.719875
0.725450
0.726125
0.728450
0.728775
0.731050
0.739450
0.753700
0.755150
0.756175
0.758000
0.759675
0.764950
0.769275
0.775450
0.777175
0.781350
0.785425
0.786475
0.786750
0.790250
0.795300
0.800225
0.802950
0.804825
0.817925
0.817925
0.818500
0.832700
0.836175
0.839175
0.841350
0.846325
0.848300
0.849125
0.858325
0.859450
0.867800
0.870750
0.873175
0.875900
0.877025
0.882650
0.888775
0.894950
0.895825
0.896675
0.898600
0.900625
0.901225
0.903950
0.906575
0.909450
0.913675
0.928550
0.944400
0.957725
0.978000
0.998675
1.003600
1.011650
1.018700
1.026600
1.026650
1.030925
1.032600
1.034950
1.040575
1.047025
1.090050
1.165675
1.191125
1.196150
1.204850
1.206000
1.212675
1.239625
1.250925
1.283375
1.284625
1.304150
1.321100
1.343075
1.354475
1.357325
1.379675
1.389775
1.392325
1.431625
1.474150
1.511450
1.535450
1.542375
1.628950
1.723875
1.739925
1.751925
1.766300
1.925675
1.970000
1.970800
2.040825
2.057175
2.069950
2.108450
2.195550
2.337525
249
