0.009750
0.010500
0.012600
0.015375
0.015425
0.017375
0.018100
0.020575
0.023775
0.023800
0.027200
0.034025
0.035750
0.037625
0.040700
0.043650
0.043700
0.049200
0.055825
0.066000
0.071325
0.081850
0.083850
0.090625
0.095175
0.105725
0.108200
0.109000
0.109900
0.110325
0.113925
0.115350
0.126950
0.139525
0.141050
0.141050
0.144175
0.151850
0.166025
0.174500
0.185400
0.193250
0.197300
0.211550
0.213250
0.213850
0.216700
0.217850
0.219900
0.220925
0.221550
0.221700
0.222800
0.228475
0.236925
0.240075
0.240825
0.245475
0.248300
0.250725
0.260525
0.261150
0.272625
0.273775
0.274050
0.277425
0.285225
0.287050
0.296225
0.298375
0.302325
0.308800
0.309225
0.309925
0.312500
0.319875
0.331350
0.338025
0.341600
0.342600
0.343725
0.351550
0.351975
0.361375
0.362775
0.370700
0.384600
0.386000
0.386050
0.400375
0.402025
0.420675
0.420675
0.422850
0.424100
0.426275
0.431800
0.434300
0.443225
0.447600
0.450425
0.451150
0.451325
0.451800
0.477175
0.479725
0.482050
0.484775
0.485750
0.487575
0.491350
0.493300
0.499650
0.500175
0.502700
0.505675
0.508025
0.525475
0.525500
0.526275
0.527975
0.534175
0.534825
0.546875
0.548600
0.549625
0.550075
0.550575
0.552850
0.553925
0.556000
0.556700
0.558825
0.561375
0.563875
0.565250
0.580900
0.586850
0.587150
0.596150
0.597150
0.600575
0.600875
0.605100
0.606700
0.613425
0.620650
0.620800
0.625725
0.626850
0.628575
0.630900
0.631350
0.634150
0.635200
0.635650
0.649075
0.676075
0.682875
0.687750
0.688000
0.688125
0.696050
0.700000
0.700975
0.704275
0.705775
0.715275
0.720600
0.722675
0.732175
0.735425
0.740650
0.746375
0.748475
0.749750
0.766675
0.777725
0.782050
0.784475
0.784525
0.787900
0.799325
0.804750
0.805425
0.824050
0.824600
0.826400
0.835275
0.838725
0.839950
0.840650
0.842200
0.844850
0.850800
0.853550
0.876950
0.880375
0.889725
0.894800
0.913175
0.927550
0.930100
0.936225
0.936700
0.944250
0.952000
0.952675
0.955175
0.971500
0.982800
0.990275
0.996650
1.007675
1.014775
1.017800
1.045650
1.049775
1.069700
1.086750
1.090075
1.091625
1.093950
1.115050
1.131900
1.164000
1.166175
1.197400
1.202500
1.255000
1.262100
1.263625
1.271475
1.276300
1.315525
1.337700
1.362025
1.372275
1.520975
1.521800
1.568050
1.569675
1.597300
1.613275
1.624625
1.625525
1.627750
1.707300
1.777275
1.785725
1.795150
1.809250
1.898925
1.937950
1.993350
2.122125
2.248400
2.307950
2.345000
259
