0.003000
0.004575
0.005225
0.010075
0.014350
0.016200
0.044525
0.045225
0.055500
0.060075
0.062850
0.066700
0.072700
0.081575
0.086275
0.088575
0.095700
0.100675
0.106575
0.108400
0.115275
0.136925
0.137950
0.138175
0.142575
0.145525
0.146600
0.147225
0.148825
0.154750
0.158675
0.159600
0.160900
0.167500
0.171025
0.178950
0.183250
0.185975
0.194650
0.196475
0.196475
0.207600
0.217450
0.217900
0.221175
0.231750
0.238500
0.243750
0.253100
0.261925
0.263125
0.273050
0.276275
0.279025
0.280800
0.281950
0.282325
0.284000
0.287775
0.288225
0.290450
0.291525
0.292325
0.295000
0.300200
0.301050
0.301600
0.307275
0.312300
0.315400
0.318125
0.321675
0.325425
0.329300
0.329500
0.333575
0.341125
0.349425
0.359775
0.367800
0.384600
0.394925
0.396850
0.397900
0.401175
0.402775
0.403075
0.412700
0.415550
0.421750
0.432250
0.432900
0.433575
0.434375
0.435325
0.435525
0.436300
0.450850
0.455375
0.456400
0.456850
0.460475
0.470425
0.470750
0.473300
0.474075
0.480800
0.485775
0.493450
0.506675
0.509750
0.516525
0.517600
0.546800
0.548725
0.551925
0.557725
0.559300
0.564800
0.570550
0.581250
0.586475
0.596625
0.602675
0.603275
0.603750
0.606025
0.606300
0.608600
0.618400
0.619375
0.621625
0.627075
0.628825
0.631325
0.638625
0.642950
0.643000
0.644700
0.646875
0.647475
0.654150
0.659550
0.659625
0.660375
0.665225
0.675825
0.676325
0.676475
0.683275
0.683550
0.684625
0.686600
0.697750
0.698400
0.705575
0.713350
0.717375
0.719050
0.722050
0.724900
0.725450
0.727000
0.735075
0.736950
0.738325
0.741925
0.747975
0.763250
0.774100
0.776500
0.781400
0.790225
0.798225
0.798650
0.805675
0.827600
0.832575
0.837900
0.847500
0.864550
0.869725
0.871525
0.872925
0.884725
0.890875
0.892425
0.893350
0.897150
0.898625
0.910700
0.917600
0.930475
0.932825
0.934225
0.943200
0.943400
0.958300
0.963600
0.972625
0.977850
0.978875
0.981125
0.982800
0.998500
1.004400
1.014275
1.016300
1.027950
1.029250
1.054775
1.057275
1.060575
1.064300
1.071950
1.080200
1.085650
1.086500
1.094575
1.100925
1.102575
1.123300
1.128800
1.129100
1.137250
1.148950
1.170400
1.194600
1.231675
1.239925
1.254975
1.265125
1.269375
1.276450
1.338225
1.348575
1.349300
1.363150
1.371775
1.422200
1.432175
1.438700
1.474900
1.478800
1.485825
1.509675
1.526900
1.554925
1.557700
1.560125
1.567150
1.686800
1.730125
1.734600
1.781850
1.782350
1.809275
2.058750
2.305225
2.419425
260
