0.010175
0.012775
0.016500
0.022775
0.036450
0.040600
0.041150
0.041775
0.048375
0.048850
0.058525
0.059125
0.068725
0.070025
0.077725
0.084025
0.084300
0.084750
0.090175
0.091150
0.102425
0.102875
0.109550
0.112400
0.122650
0.130925
0.136400
0.138550
0.140075
0.140300
0.145450
0.153975
0.154200
0.154300
0.156100
0.163300
0.169700
0.170650
0.179325
0.189000
0.189250
0.191350
0.208525
0.211425
0.213725
0.218775
0.224600
0.237375
0.249875
0.253350
0.255950
0.260625
0.268825
0.269750
0.270800
0.275625
0.281175
0.291450
0.292375
0.295775
0.299200
0.307400
0.308550
0.314425
0.316750
0.318550
0.323250
0.326575
0.327175
0.330025
0.342800
0.343000
0.359700
0.361900
0.365550
0.371975
0.374725
0.383600
0.384575
0.388100
0.389500
0.390300
0.397200
0.397375
0.398775
0.405025
0.409175
0.412700
0.425200
0.425625
0.425675
0.428200
0.431100
0.432050
0.436375
0.436650
0.436925
0.456600
0.459625
0.466675
0.466750
0.469150
0.470900
0.480775
0.481175
0.484300
0.485625
0.503475
0.511475
0.527950
0.534825
0.537600
0.542050
0.545175
0.546700
0.556500
0.560675
0.560800
0.564875
0.566950
0.570625
0.573125
0.575375
0.575600
0.580225
0.581000
0.594300
0.597725
0.599675
0.613200
0.614525
0.614850
0.614925
0.617100
0.622825
0.625700
0.628275
0.628775
0.647625
0.647975
0.650125
0.656800
0.657600
0.658100
0.659850
0.662475
0.671400
0.675975
0.681675
0.688650
0.691125
0.691825
0.705050
0.705300
0.707200
0.709875
0.713200
0.719300
0.719900
0.721175
0.728750
0.732800
0.732925
0.734800
0.746925
0.749850
0.753200
0.754575
0.754825
0.756600
0.760175
0.763100
0.764325
0.765000
0.766925
0.771300
0.774900
0.777150
0.781000
0.781025
0.781275
0.794050
0.799850
0.802225
0.811425
0.822425
0.824425
0.829575
0.832875
0.837775
0.837975
0.840675
0.856375
0.860775
0.863875
0.870850
0.871375
0.874950
0.887425
0.889150
0.894700
0.908975
0.939275
0.952450
0.956625
0.956675
0.965175
0.978750
0.981950
0.992800
0.995675
1.001550
1.002450
1.024300
1.024475
1.024650
1.043300
1.071600
1.073125
1.084500
1.104825
1.109125
1.111750
1.131775
1.142100
1.149350
1.188325
1.217100
1.222250
1.223400
1.252975
1.292225
1.306150
1.315475
1.341725
1.346150
1.372925
1.373025
1.416525
1.498625
1.576025
1.592400
1.595075
1.631300
1.735025
1.810225
1.934525
1.968925
2.042075
2.147650
2.267400
2.283150
2.418350
253
