0.012350
0.018075
0.019250
0.025525
0.025600
0.027125
0.028050
0.030325
0.030850
0.032125
0.034350
0.046025
0.046850
0.047925
0.049075
0.049525
0.054400
0.057200
0.058800
0.066925
0.070250
0.072250
0.076450
0.076900
0.078550
0.079375
0.081000
0.081400
0.086050
0.092450
0.100325
0.101475
0.113500
0.120200
0.127000
0.135375
0.135825
0.137550
0.156075
0.162200
0.174100
0.178900
0.181150
0.186250
0.190200
0.197475
0.200450
0.200875
0.207050
0.208025
0.213425
0.217475
0.217775
0.223475
0.232650
0.233075
0.236075
0.240625
0.243775
0.246625
0.251775
0.251825
0.257500
0.261125
0.261525
0.262600
0.270200
0.270950
0.274075
0.274600
0.277925
0.282550
0.288600
0.289525
0.299950
0.309225
0.310500
0.313575
0.317950
0.324675
0.326925
0.329800
0.332725
0.333025
0.338100
0.355375
0.367750
0.370350
0.370800
0.371325
0.373800
0.374475
0.382225
0.393650
0.395825
0.399350
0.412600
0.419700
0.425275
0.439200
0.443375
0.443875
0.448750
0.455625
0.470575
0.476450
0.479825
0.490625
0.495000
0.499850
0.502125
0.506200
0.507625
0.507750
0.523650
0.527275
0.531675
0.532850
0.533275
0.541450
0.546250
0.548500
0.555325
0.555425
0.567925
0.569350
0.570125
0.574725
0.576125
0.577550
0.584800
0.587875
0.589575
0.594900
0.598675
0.601375
0.602000
0.609425
0.620100
0.620925
0.635375
0.637525
0.639400
0.643850
0.647575
0.654575
0.657825
0.659100
0.659975
0.662000
0.663000
0.667075
0.668600
0.670375
0.676400
0.680000
0.686575
0.686775
0.689950
0.690425
0.691675
0.691700
0.693525
0.696650
0.699550
0.700925
0.701300
0.720625
0.721125
0.726750
0.728000
0.732825
0.733950
0.737900
0.741225
0.743675
0.743875
0.744050
0.745625
0.756525
0.759900
0.781550
0.782500
0.786750
0.788900
0.789575
0.795425
0.805475
0.818775
0.824675
0.825975
0.831900
0.836100
0.839900
0.848050
0.850075
0.852100
0.855325
0.856925
0.861275
0.868900
0.885775
0.887250
0.888150
0.891200
0.900625
0.901825
0.911125
0.913000
0.913750
0.923275
0.923750
0.926800
0.943825
0.957950
0.963200
0.966050
0.978950
0.990225
0.998100
1.011125
1.025350
1.025950
1.044100
1.044275
1.061250
1.063100
1.064600
1.083075
1.089450
1.093325
1.099300
1.099675
1.101550
1.104775
1.123050
1.140300
1.148750
1.165975
1.178400
1.188050
1.188775
1.195175
1.214425
1.236225
1.253400
1.350950
1.353550
1.416750
1.420975
1.443400
1.500275
1.541300
1.545625
1.593150
1.600550
1.628925
1.696575
1.721775
1.780225
1.787325
1.968650
2.191450
263
