0.000225
0.004600
0.008625
0.017550
0.017875
0.022025
0.024300
0.032375
0.034525
0.056400
0.058025
0.060200
0.066150
0.074850
0.079000
0.086875
0.092050
0.094900
0.101700
0.106250
0.107800
0.112675
0.113750
0.117350
0.126925
0.130500
0.136275
0.140925
0.143625
0.146975
0.155575
0.157525
0.157575
0.158550
0.164225
0.167575
0.192025
0.193750
0.197975
0.199675
0.212600
0.217925
0.221150
0.232050
0.233650
0.233800
0.241150
0.242775
0.243900
0.244950
0.247825
0.249800
0.250350
0.250675
0.253650
0.254075
0.261400
0.270250
0.276550
0.281450
0.282200
0.289175
0.293175
0.293350
0.294400
0.295100
0.295325
0.302125
0.303225
0.306325
0.310100
0.310550
0.310700
0.315275
0.317100
0.321800
0.322300
0.326050
0.330650
0.332400
0.332900
0.350375
0.353900
0.354675
0.358325
0.360875
0.361000
0.362075
0.370675
0.371800
0.374150
0.376425
0.383350
0.384775
0.389475
0.394975
0.404800
0.407275
0.408675
0.412275
0.415925
0.416975
0.421500
0.425700
0.427150
0.431325
0.437800
0.438825
0.440300
0.455800
0.457525
0.469425
0.478375
0.482200
0.483350
0.485125
0.499775
0.501475
0.509825
0.509850
0.514800
0.524825
0.525550
0.545000
0.556300
0.563050
0.563350
0.572175
0.572975
0.580175
0.587150
0.588200
0.593975
0.595150
0.599450
0.600200
0.600225
0.600900
0.613075
0.615475
0.617175
0.618525
0.624525
0.629175
0.629200
0.630600
0.632475
0.642550
0.644400
0.645700
0.649300
0.655850
0.659500
0.665625
0.666825
0.667375
0.671200
0.672575
0.681000
0.683600
0.696250
0.704125
0.722475
0.723725
0.726825
0.730200
0.730825
0.732875
0.738600
0.740650
0.743850
0.746050
0.747975
0.748000
0.760875
0.769075
0.769850
0.773425
0.775775
0.779200
0.784550
0.801350
0.802000
0.803275
0.806800
0.810600
0.816700
0.817550
0.823175
0.823975
0.829550
0.831275
0.833875
0.840250
0.846075
0.847400
0.848525
0.850675
0.850775
0.863400
0.874300
0.881850
0.893000
0.893675
0.920400
0.921650
0.926625
0.933575
0.939975
0.941350
0.954675
0.958250
0.971850
0.984400
1.006850
1.008800
1.015825
1.017975
1.019425
1.026025
1.026875
1.030475
1.038775
1.051300
1.069175
1.122225
1.123950
1.138400
1.147400
1.160750
1.206900
1.225075
1.229575
1.241975
1.258450
1.269525
1.280575
1.281750
1.284000
1.300525
1.305150
1.321750
1.330425
1.345975
1.396575
1.428000
1.480875
1.504150
1.515700
1.563900
1.583000
1.583050
1.601675
1.758800
1.760550
1.793675
1.836425
1.836625
1.875200
2.295500
2.339775
2.380175
2.441825
263
