0.026150
0.029175
0.029700
0.030575
0.032225
0.036850
0.040725
0.043850
0.057850
0.068100
0.086850
0.087075
0.096075
0.103050
0.105100
0.107775
0.108800
0.121900
0.125000
0.133200
0.135125
0.141900
0.145325
0.145825
0.155925
0.160050
0.166275
0.174925
0.186775
0.186850
0.200625
0.203225
0.204625
0.209450
0.210975
0.212775
0.214050
0.214200
0.216700
0.222700
0.225925
0.229950
0.233125
0.235625
0.242500
0.242650
0.243125
0.245875
0.248550
0.253550
0.256525
0.258950
0.259025
0.260675
0.260775
0.268575
0.270725
0.279400
0.282925
0.291000
0.292975
0.300425
0.303925
0.308975
0.310425
0.312000
0.313825
0.316925
0.321575
0.327225
0.331350
0.337325
0.347325
0.352050
0.355550
0.360550
0.369775
0.375100
0.375800
0.379575
0.382300
0.393175
0.398675
0.398750
0.400150
0.403525
0.403525
0.412325
0.413775
0.417600
0.418800
0.419650
0.442475
0.443375
0.448625
0.451575
0.455775
0.461875
0.474350
0.479025
0.479950
0.491075
0.507175
0.507575
0.507725
0.507825
0.514175
0.519975
0.523475
0.526125
0.533150
0.534425
0.538175
0.544800
0.545525
0.547950
0.550575
0.555150
0.559650
0.579475
0.588375
0.588925
0.589000
0.591125
0.591475
0.595700
0.603700
0.603800
0.608975
0.610500
0.614825
0.616050
0.629200
0.647625
0.649475
0.650025
0.667575
0.685275
0.695100
0.695925
0.705450
0.713750
0.736675
0.738375
0.738975
0.738975
0.740500
0.740825
0.741225
0.744575
0.748700
0.750350
0.751150
0.753775
0.754725
0.762100
0.765050
0.767450
0.767475
0.769825
0.770625
0.771875
0.772925
0.773875
0.778775
0.781850
0.782850
0.796175
0.797675
0.807950
0.818675
0.820700
0.824725
0.832900
0.838525
0.841500
0.841575
0.841675
0.861750
0.868900
0.873675
0.874425
0.883275
0.907975
0.908650
0.914525
0.920875
0.947800
0.968575
0.990800
0.991475
0.998875
1.010275
1.025125
1.027075
1.031625
1.036475
1.059225
1.059700
1.068525
1.086175
1.091475
1.095525
1.114150
1.124425
1.126950
1.146700
1.162300
1.164500
1.164850
1.170525
1.188300
1.188525
1.193675
1.195350
1.204175
1.205400
1.218800
1.219375
1.222400
1.237975
1.266625
1.270350
1.288625
1.298825
1.308675
1.348200
1.358950
1.378025
1.379275
1.403625
1.418275
1.488000
1.517400
1.518750
1.573825
1.636150
1.673400
1.706300
1.805175
1.841700
1.844450
1.900800
1.936425
1.948275
245
