0.000225
0.000900
0.015225
0.016175
0.021425
0.024725
0.028525
0.032725
0.038325
0.042175
0.044150
0.044625
0.048350
0.048400
0.048650
0.049000
0.050225
0.051475
0.052650
0.053975
0.054875
0.065700
0.067700
0.072950
0.076100
0.078750
0.081925
0.094475
0.107975
0.109050
0.112825
0.117225
0.120725
0.120925
0.123850
0.139750
0.143425
0.148600
0.151475
0.153400
0.168075
0.173875
0.174975
0.175500
0.184500
0.186150
0.198950
0.205725
0.206325
0.207625
0.210450
0.219875
0.224175
0.225375
0.225575
0.225700
0.233100
0.235700
0.239250
0.241525
0.244750
0.245250
0.247400
0.250425
0.258875
0.260975
0.263475
0.267600
0.274200
0.277925
0.288900
0.305075
0.314325
0.320825
0.329850
0.331150
0.340175
0.350375
0.351825
0.362775
0.364775
0.368175
0.369200
0.373325
0.383950
0.384525
0.386300
0.407250
0.435525
0.439975
0.440600
0.447025
0.462650
0.475650
0.480150
0.486900
0.490000
0.492100
0.503450
0.503850
0.510025
0.522800
0.530600
0.533350
0.538200
0.544075
0.551025
0.559850
0.560075
0.560500
0.566825
0.574800
0.575725
0.581300
0.583000
0.585425
0.585925
0.589425
0.593200
0.594700
0.598475
0.600925
0.608150
0.613350
0.617225
0.619100
0.633375
0.633625
0.635675
0.656550
0.662000
0.667350
0.669525
0.669650
0.679000
0.683450
0.684700
0.688675
0.691350
0.691500
0.707150
0.711975
0.713725
0.717050
0.730650
0.735800
0.743950
0.744375
0.750100
0.757275
0.761325
0.765500
0.767475
0.768100
0.770200
0.772725
0.773025
0.774475
0.783575
0.783675
0.795975
0.801350
0.813225
0.815700
0.826125
0.834725
0.837875
0.842150
0.842825
0.850150
0.864250
0.868100
0.876075
0.876825
0.882000
0.894600
0.901975
0.904000
0.912725
0.916800
0.922400
0.958575
0.971000
0.974925
1.005750
1.023700
1.029250
1.032825
1.067725
1.089975
1.091800
1.093125
1.106150
1.111000
1.119750
1.119825
1.132150
1.155825
1.194950
1.313000
1.348250
1.369675
1.395925
1.398100
1.407475
1.414125
1.446750
1.571150
1.572725
1.621500
1.643625
1.725275
1.792850
1.886875
2.003700
2.322225
2.456675
217
