0.004375
0.006225
0.011475
0.013250
0.013600
0.016875
0.019925
0.024375
0.035725
0.044350
0.052700
0.052725
0.054375
0.060600
0.065775
0.070900
0.071050
0.077325
0.081150
0.081775
0.088300
0.090175
0.090500
0.096650
0.098500
0.105525
0.106650
0.106975
0.121075
0.128550
0.134550
0.137175
0.144050
0.153525
0.154550
0.166400
0.176725
0.179175
0.180500
0.180775
0.191000
0.193825
0.194075
0.194350
0.202275
0.206400
0.211825
0.213175
0.217450
0.227750
0.240075
0.241200
0.243950
0.246175
0.264350
0.270000
0.271425
0.277325
0.279975
0.281975
0.286600
0.307125
0.317050
0.323575
0.324325
0.327500
0.330700
0.334875
0.339300
0.340050
0.340250
0.349400
0.350525
0.364575
0.367800
0.371425
0.375275
0.396275
0.399275
0.400275
0.400625
0.404075
0.414350
0.418000
0.418050
0.419675
0.420925
0.422575
0.423375
0.442400
0.442525
0.443050
0.443225
0.453525
0.459075
0.464800
0.464825
0.468875
0.475325
0.476150
0.483300
0.485225
0.485350
0.491850
0.499200
0.505675
0.506700
0.508550
0.509800
0.510100
0.511600
0.514625
0.517300
0.523875
0.531000
0.532225
0.539950
0.540475
0.544675
0.549675
0.552775
0.554625
0.554825
0.556725
0.556825
0.564200
0.565200
0.569350
0.572700
0.575650
0.576850
0.579175
0.579525
0.581275
0.586075
0.590725
0.590800
0.592525
0.596875
0.599350
0.604450
0.614100
0.626125
0.626400
0.626800
0.627650
0.631250
0.636900
0.643950
0.647650
0.650200
0.671775
0.691475
0.699200
0.700250
0.707350
0.716725
0.716775
0.726075
0.726125
0.741950
0.743775
0.748300
0.749850
0.764800
0.766250
0.771225
0.774200
0.778450
0.779250
0.781750
0.788400
0.791050
0.791925
0.795725
0.796625
0.799600
0.808800
0.809525
0.820950
0.826850
0.832725
0.875400
0.877700
0.878375
0.881425
0.886500
0.901550
0.902950
0.905550
0.911575
0.912825
0.916150
0.921500
0.931875
0.946625
0.949425
0.950325
0.951550
0.952975
0.956625
0.960200
0.964625
0.976425
0.980650
0.991100
0.996375
0.999200
1.002475
1.034300
1.037825
1.038825
1.044050
1.044275
1.049650
1.061900
1.087850
1.104625
1.120975
1.137325
1.158300
1.172600
1.177300
1.215750
1.227800
1.277050
1.279200
1.307125
1.322000
1.349350
1.352250
1.431625
1.455075
1.475200
1.488125
1.530675
1.577825
1.617075
1.624450
1.660425
1.697225
1.737025
1.742425
1.780500
1.793950
1.855925
1.873800
1.898125
2.040425
2.075300
2.115875
2.218050
2.340500
253
