0.003900
0.010125
0.013775
0.018800
0.024775
0.028875
0.042250
0.055525
0.056175
0.058725
0.064700
0.078325
0.079025
0.089450
0.089950
0.091425
0.102500
0.102550
0.104175
0.106925
0.107850
0.109450
0.111600
0.112425
0.122550
0.122850
0.124700
0.124900
0.132475
0.143275
0.146075
0.152575
0.156125
0.158525
0.161325
0.162450
0.163275
0.166675
0.174900
0.177175
0.188100
0.204525
0.215350
0.220200
0.235575
0.236500
0.244775
0.255375
0.258300
0.258775
0.268150
0.269900
0.270175
0.271225
0.298400
0.299550
0.302175
0.309025
0.319775
0.321000
0.324775
0.326325
0.326500
0.327900
0.334275
0.339325
0.339875
0.344300
0.346700
0.347875
0.350475
0.357625
0.365450
0.365475
0.374050
0.375025
0.381125
0.387275
0.402150
0.410975
0.411450
0.415125
0.416000
0.429825
0.434050
0.446050
0.447525
0.458125
0.460175
0.460275
0.471525
0.473050
0.476400
0.476950
0.477725
0.483000
0.488975
0.489350
0.507000
0.507200
0.510275
0.510925
0.513625
0.522275
0.523100
0.534575
0.536650
0.539200
0.540075
0.540175
0.542825
0.543150
0.547100
0.549275
0.553775
0.555100
0.558425
0.562475
0.565400
0.580600
0.585100
0.590775
0.600300
0.606475
0.606625
0.609700
0.618500
0.622825
0.624150
0.626100
0.633250
0.645525
0.646975
0.649475
0.650225
0.664575
0.665950
0.680175
0.680925
0.684850
0.686450
0.690400
0.691575
0.697025
0.697850
0.698250
0.699850
0.699900
0.708975
0.710100
0.710450
0.711750
0.717925
0.720975
0.731250
0.732700
0.740050
0.743525
0.753525
0.756550
0.775650
0.776000
0.779925
0.783850
0.786950
0.789000
0.789275
0.794775
0.815500
0.826475
0.834475
0.850225
0.854425
0.856825
0.869800
0.870850
0.876625
0.880550
0.883525
0.891625
0.924100
0.929800
0.935725
0.947850
0.950025
0.963375
0.969075
0.972875
0.976500
1.000050
1.009425
1.011675
1.012275
1.017875
1.039250
1.041900
1.058525
1.059225
1.068550
1.078550
1.103700
1.105525
1.118200
1.121200
1.133025
1.140650
1.168900
1.178675
1.189925
1.214025
1.222075
1.228350
1.254050
1.270900
1.284850
1.318150
1.335400
1.415825
1.416300
1.421800
1.441600
1.499250
1.506175
1.510025
1.661250
1.664300
1.671175
1.702500
1.743950
1.763900
230
