0.003875
0.012300
0.013125
0.013950
0.014350
0.021150
0.025125
0.043725
0.063150
0.064200
0.066450
0.076425
0.077200
0.077250
0.090675
0.097875
0.111075
0.111925
0.116575
0.125625
0.130750
0.136975
0.139975
0.140550
0.146425
0.151175
0.152700
0.152700
0.157100
0.162025
0.162150
0.174875
0.178275
0.190375
0.195350
0.198350
0.199250
0.212300
0.212525
0.219600
0.222700
0.230575
0.233750
0.238025
0.243150
0.246950
0.247475
0.254050
0.262725
0.268025
0.272425
0.276400
0.278325
0.285225
0.287925
0.291925
0.294000
0.300600
0.312175
0.315700
0.322125
0.328150
0.329650
0.332150
0.332725
0.336675
0.338275
0.340575
0.343925
0.344675
0.348525
0.365600
0.366875
0.369500
0.391225
0.394800
0.400150
0.401075
0.404500
0.404600
0.405750
0.408600
0.408825
0.409650
0.420575
0.421100
0.423025
0.427150
0.449775
0.455250
0.463125
0.474525
0.480875
0.482475
0.484750
0.488100
0.493350
0.495750
0.499900
0.501425
0.501950
0.502500
0.505000
0.505525
0.508100
0.524400
0.531750
0.533575
0.547325
0.557650
0.575825
0.577525
0.583075
0.584550
0.585400
0.585775
0.589325
0.594375
0.594950
0.596575
0.597225
0.605850
0.607350
0.612400
0.622650
0.628125
0.629200
0.635200
0.638125
0.641525
0.641625
0.649250
0.652575
0.661200
0.664650
0.669900
0.670625
0.672125
0.681375
0.684875
0.689850
0.693125
0.694150
0.696125
0.702675
0.709275
0.709900
0.711775
0.717350
0.723625
0.723750
0.731925
0.737200
0.743625
0.745550
0.748850
0.750925
0.754750
0.759875
0.776375
0.782575
0.788775
0.792050
0.796000
0.802050
0.809375
0.826725
0.827600
0.836375
0.838200
0.840025
0.841675
0.842925
0.843625
0.843650
0.847575
0.852875
0.861675
0.869350
0.871550
0.876125
0.878475
0.884625
0.885425
0.886025
0.887300
0.888900
0.890750
0.896875
0.901250
0.904625
0.906750
0.912225
0.925000
0.927850
0.934950
0.941225
0.941600
0.942525
0.952725
0.970650
0.976525
0.980475
0.980800
0.981425
0.989550
1.012600
1.034900
1.039150
1.041425
1.071325
1.090675
1.107350
1.120125
1.129650
1.131275
1.133475
1.149150
1.156900
1.159250
1.162350
1.182600
1.182950
1.221800
1.234950
1.240475
1.252525
1.267850
1.295300
1.307500
1.314425
1.332850
1.346050
1.356225
1.359600
1.361175
1.373750
1.385175
1.402250
1.421400
1.428025
1.507750
1.541800
1.553100
1.568850
1.577350
1.637800
1.653500
1.713800
1.942225
1.946100
2.075750
2.201700
2.232625
2.386200
2.495875
256
