0.000775
0.002400
0.009150
0.010775
0.011250
0.021300
0.022225
0.027425
0.036250
0.036775
0.041475
0.043375
0.045900
0.050250
0.051000
0.058250
0.058750
0.064650
0.066275
0.066550
0.070700
0.076200
0.079450
0.080075
0.082850
0.083325
0.084850
0.090700
0.098375
0.100950
0.105700
0.105950
0.109450
0.120700
0.130625
0.131550
0.133500
0.140500
0.145325
0.147250
0.148175
0.148750
0.151700
0.157400
0.165550
0.165600
0.187250
0.196725
0.209000
0.210400
0.211550
0.212850
0.215225
0.232800
0.237750
0.242450
0.246950
0.251825
0.262175
0.263625
0.264875
0.265175
0.272025
0.287400
0.289050
0.292825
0.295075
0.296800
0.309550
0.315700
0.316625
0.320300
0.341375
0.344200
0.344200
0.357550
0.360800
0.373075
0.382500
0.391075
0.394400
0.403300
0.417475
0.418700
0.422400
0.427275
0.435925
0.436700
0.437375
0.441075
0.446350
0.451375
0.454025
0.458250
0.470050
0.472125
0.472825
0.474350
0.475275
0.479750
0.482475
0.486200
0.499950
0.510425
0.512600
0.513625
0.517125
0.521025
0.521375
0.526350
0.533600
0.546600
0.546650
0.551950
0.559450
0.559650
0.565325
0.570950
0.574525
0.574800
0.579450
0.586850
0.588575
0.594800
0.600975
0.601200
0.604125
0.606825
0.607075
0.608875
0.613975
0.623650
0.633875
0.642875
0.644350
0.650850
0.651475
0.652050
0.652125
0.656050
0.661825
0.666100
0.682375
0.686825
0.688100
0.688550
0.692775
0.707850
0.712650
0.717475
0.717600
0.720200
0.723725
0.727300
0.730875
0.733250
0.734225
0.737650
0.743350
0.747250
0.750175
0.750400
0.753925
0.762625
0.767100
0.770050
0.771250
0.773400
0.773475
0.790500
0.790650
0.804275
0.814925
0.821025
0.822150
0.823550
0.829125
0.831375
0.835850
0.839850
0.851125
0.854300
0.854575
0.867575
0.882200
0.885150
0.885650
0.894750
0.900175
0.923900
0.940925
0.945300
0.950675
0.952175
0.953700
0.955000
0.963175
0.969550
0.970900
0.984750
0.986550
0.999375
1.024150
1.025150
1.035825
1.039250
1.070525
1.088350
1.109950
1.117175
1.120525
1.138225
1.150000
1.151950
1.161800
1.165625
1.172800
1.173300
1.191050
1.199525
1.219700
1.239725
1.266375
1.274250
1.300250
1.302025
1.303475
1.322050
1.324000
1.340500
1.358325
1.383425
1.390525
1.402550
1.402600
1.403500
1.406950
1.407275
1.414450
1.418600
1.432625
1.442600
1.471750
1.481825
1.512800
1.513925
1.584775
1.603525
1.651675
1.655000
1.679450
1.832325
1.852250
1.893900
2.046600
2.054500
2.114850
257
