0.003650
0.006100
0.010075
0.016225
0.016525
0.017550
0.027575
0.028350
0.034375
0.034625
0.045925
0.049950
0.051100
0.052225
0.056925
0.071950
0.081025
0.086250
0.086450
0.093875
0.094450
0.095125
0.101525
0.104125
0.105350
0.105875
0.110050
0.116400
0.117900
0.118025
0.120025
0.129375
0.130300
0.137125
0.140625
0.147350
0.150200
0.151975
0.166225
0.168775
0.179850
0.185050
0.185350
0.185550
0.189975
0.191250
0.192275
0.192900
0.193725
0.194525
0.212150
0.218900
0.219175
0.226700
0.226850
0.229925
0.235025
0.235150
0.238400
0.241025
0.242575
0.246325
0.246575
0.256450
0.273525
0.274625
0.278350
0.280425
0.285625
0.292900
0.293650
0.296700
0.302250
0.333850
0.336975
0.343500
0.349075
0.350375
0.353975
0.354250
0.357075
0.359025
0.368300
0.376075
0.384000
0.393750
0.401650
0.408075
0.420675
0.420975
0.421325
0.423400
0.430825
0.434300
0.439975
0.442325
0.442375
0.444075
0.447075
0.448350
0.450300
0.450400
0.453675
0.465450
0.473800
0.479250
0.480675
0.481350
0.486425
0.494400
0.495950
0.498075
0.510125
0.524750
0.527800
0.539075
0.542700
0.544400
0.545900
0.547250
0.549875
0.550225
0.553625
0.558450
0.562000
0.570900
0.571700
0.572450
0.573375
0.584825
0.585850
0.586850
0.587725
0.591300
0.591625
0.606500
0.613050
0.616100
0.621825
0.632675
0.641500
0.645125
0.646700
0.654825
0.659275
0.660575
0.680775
0.681900
0.691275
0.699625
0.704325
0.717100
0.718050
0.726925
0.728775
0.736150
0.739050
0.739250
0.742100
0.742425
0.747300
0.757050
0.757925
0.759775
0.774550
0.780250
0.781850
0.786350
0.788900
0.790550
0.801025
0.803350
0.805250
0.806825
0.810000
0.810100
0.819825
0.825175
0.828375
0.835700
0.836350
0.838375
0.843900
0.866925
0.876000
0.876600
0.878100
0.887650
0.890900
0.894400
0.899175
0.900600
0.903150
0.904225
0.925950
0.934700
0.946925
0.950950
0.959175
0.984400
0.991000
1.032125
1.054000
1.062675
1.064625
1.086850
1.093875
1.109650
1.114500
1.157650
1.164150
1.176725
1.187175
1.213950
1.214975
1.252525
1.264000
1.294275
1.304450
1.360425
1.376450
1.434225
1.445275
1.530150
1.534050
1.537025
1.545300
1.620700
1.713700
1.737725
1.765750
1.932925
1.977025
2.367100
234
