0.004325
0.015825
0.031750
0.046075
0.050275
0.051150
0.054950
0.067450
0.068500
0.072725
0.082400
0.085675
0.085950
0.090175
0.090575
0.094250
0.095650
0.098550
0.101225
0.104675
0.105275
0.111125
0.117375
0.118475
0.119250
0.121025
0.121175
0.122200
0.122650
0.124575
0.133650
0.136500
0.136800
0.147575
0.154050
0.155800
0.155975
0.162025
0.162400
0.168000
0.170150
0.171300
0.193650
0.207925
0.214300
0.234775
0.245675
0.250125
0.253025
0.253500
0.255800
0.262375
0.267525
0.275550
0.279775
0.281000
0.283775
0.293750
0.295425
0.296275
0.297950
0.301650
0.308875
0.315900
0.320325
0.325025
0.330000
0.333675
0.335825
0.340050
0.342525
0.349300
0.350675
0.354350
0.356250
0.360475
0.360575
0.364550
0.376875
0.382150
0.386600
0.393925
0.394725
0.396200
0.396775
0.407700
0.415275
0.416125
0.420125
0.432975
0.438450
0.439800
0.444275
0.447675
0.452800
0.453575
0.458375
0.465150
0.466950
0.478025
0.478725
0.484900
0.497375
0.499275
0.504525
0.508150
0.508950
0.509100
0.510175
0.512450
0.516050
0.521925
0.523750
0.525850
0.529625
0.531400
0.536400
0.537800
0.542225
0.564125
0.581025
0.596725
0.596875
0.597625
0.614075
0.614175
0.614250
0.616450
0.617000
0.626075
0.629925
0.636950
0.638400
0.645325
0.655800
0.660325
0.672675
0.679050
0.679550
0.680900
0.681050
0.682675
0.689300
0.693475
0.699325
0.702975
0.713100
0.716800
0.722500
0.725425
0.726625
0.728650
0.729425
0.742050
0.746125
0.746375
0.746825
0.759175
0.763625
0.772525
0.772575
0.780050
0.781000
0.783650
0.791750
0.808925
0.825500
0.826175
0.827050
0.828975
0.845850
0.846900
0.849875
0.851850
0.859925
0.861275
0.864250
0.889375
0.898625
0.900000
0.906850
0.909000
0.915200
0.925975
0.927450
0.931150
0.941500
0.942125
0.952825
0.954325
0.964450
0.974350
0.979225
0.981375
0.985475
0.986650
0.987100
0.990025
0.992475
1.006275
1.009250
1.009800
1.022450
1.023425
1.029300
1.044300
1.046450
1.057825
1.072225
1.087725
1.090250
1.096825
1.103800
1.106925
1.108850
1.119025
1.141500
1.146175
1.156825
1.187675
1.197075
1.248700
1.248700
1.261200
1.268350
1.293350
1.317400
1.317625
1.327450
1.337875
1.364625
1.433700
1.439075
1.492450
1.498125
1.504325
1.571600
1.589350
1.596900
1.639425
1.701050
1.791725
1.799300
1.817575
1.842075
1.892200
1.950925
1.968175
2.140300
249
