0.003650
0.019775
0.020700
0.022475
0.026150
0.027150
0.028825
0.029150
0.030075
0.031550
0.032075
0.035600
0.037725
0.040700
0.046050
0.050975
0.051300
0.051575
0.051625
0.054825
0.056800
0.059650
0.064150
0.077525
0.085600
0.085825
0.094400
0.101075
0.113975
0.116625
0.119825
0.141150
0.143175
0.146825
0.149075
0.153350
0.158650
0.163675
0.166050
0.168150
0.172150
0.175400
0.180375
0.185050
0.187425
0.194275
0.195000
0.195000
0.196325
0.200600
0.207900
0.208075
0.210750
0.211100
0.219575
0.223625
0.224725
0.225375
0.230600
0.231450
0.235875
0.239625
0.260075
0.261525
0.261650
0.262075
0.263450
0.264275
0.270925
0.277350
0.280300
0.285100
0.285200
0.287050
0.293775
0.305600
0.310800
0.323475
0.324575
0.325100
0.325875
0.329675
0.334825
0.338975
0.341000
0.355800
0.370575
0.377175
0.378425
0.383100
0.387450
0.395725
0.399375
0.401325
0.401850
0.405625
0.406850
0.407975
0.413900
0.416525
0.426875
0.441900
0.446475
0.451850
0.452950
0.470325
0.471675
0.478125
0.494275
0.498050
0.507300
0.513225
0.522975
0.552350
0.552550
0.556800
0.557875
0.572175
0.575050
0.576725
0.579975
0.584825
0.586975
0.587325
0.588600
0.588600
0.588700
0.591100
0.592350
0.595000
0.595000
0.595200
0.601525
0.601900
0.604650
0.605825
0.612000
0.618400
0.618475
0.619050
0.632800
0.633200
0.638250
0.641875
0.644300
0.645500
0.647775
0.648700
0.652250
0.652975
0.658900
0.660775
0.662450
0.672900
0.674175
0.675275
0.696225
0.701850
0.706575
0.712350
0.716500
0.718025
0.720525
0.721500
0.723675
0.730225
0.731100
0.737625
0.743525
0.744425
0.749550
0.750800
0.760575
0.765750
0.771700
0.780175
0.783850
0.786225
0.797300
0.803825
0.804000
0.819100
0.821825
0.825200
0.829450
0.832250
0.832700
0.833025
0.837825
0.840825
0.842825
0.848925
0.856025
0.860750
0.869400
0.870050
0.887025
0.890800
0.892300
0.894125
0.905550
0.906825
0.910950
0.912275
0.921025
0.921050
0.923425
0.926800
0.936250
0.948150
0.963375
0.964875
0.969850
0.980775
0.989550
0.994450
0.996175
1.068025
1.085025
1.086425
1.091100
1.109250
1.121350
1.127400
1.132225
1.132700
1.142350
1.155125
1.178700
1.200300
1.202175
1.204700
1.219900
1.225150
1.258000
1.284000
1.299675
1.311850
1.322175
1.341825
1.395125
1.399850
1.436750
1.468950
1.473475
1.491100
1.508300
1.518325
1.574300
1.574375
1.588025
1.644925
1.652875
1.655875
1.655875
1.662475
1.663600
1.689725
1.737550
1.797400
1.823075
1.832125
1.892700
1.935350
1.943450
1.978125
1.980625
1.990025
2.225300
2.378925
2.492250
271
