0.000175
0.000825
0.009375
0.013925
0.016450
0.017700
0.020000
0.025700
0.030625
0.031250
0.033975
0.048450
0.052225
0.052525
0.056975
0.060025
0.061525
0.075725
0.079800
0.081625
0.084325
0.091050
0.094500
0.095500
0.103600
0.107175
0.108200
0.109600
0.119675
0.123325
0.146600
0.160375
0.161500
0.164850
0.164900
0.165850
0.177100
0.178300
0.179700
0.184525
0.184875
0.184900
0.185500
0.187925
0.197025
0.197225
0.199625
0.203200
0.206675
0.212800
0.216750
0.224075
0.234450
0.235925
0.241575
0.245425
0.248025
0.254800
0.274125
0.275925
0.277400
0.278575
0.286725
0.291225
0.294325
0.294675
0.299300
0.305950
0.309475
0.329700
0.335325
0.343200
0.343950
0.347375
0.350000
0.351275
0.352925
0.353200
0.355375
0.359600
0.360500
0.362050
0.362750
0.365550
0.370225
0.370375
0.372175
0.378350
0.381100
0.381925
0.381925
0.384900
0.393300
0.396375
0.398825
0.402825
0.419825
0.420375
0.423500
0.426800
0.429825
0.440600
0.443200
0.448375
0.449700
0.449725
0.453350
0.456025
0.459200
0.465025
0.465850
0.466725
0.467750
0.479350
0.489075
0.489125
0.490600
0.490650
0.498650
0.499550
0.501100
0.505000
0.515175
0.521875
0.524625
0.526475
0.528125
0.529225
0.529550
0.532850
0.533625
0.535300
0.535575
0.544975
0.546075
0.553325
0.561550
0.578425
0.588425
0.592825
0.597450
0.598675
0.601075
0.601625
0.625175
0.628100
0.631250
0.636200
0.639575
0.661650
0.662000
0.668550
0.671225
0.672300
0.672850
0.684000
0.687225
0.687975
0.688875
0.691250
0.692400
0.693675
0.696925
0.702525
0.704900
0.707100
0.709150
0.711075
0.719475
0.722800
0.736300
0.742950
0.745225
0.757850
0.776475
0.777975
0.778600
0.780525
0.789525
0.795250
0.796425
0.802325
0.803325
0.805950
0.816450
0.828700
0.829700
0.834800
0.838350
0.838400
0.843375
0.849725
0.852575
0.868800
0.870925
0.876325
0.876825
0.879150
0.887975
0.888050
0.890025
0.893300
0.894025
0.894425
0.899425
0.901900
0.911700
0.917075
0.931950
0.934675
0.938275
0.942350
0.943825
0.952275
0.954750
0.960925
0.973350
0.973925
0.974800
0.985900
0.994625
1.005550
1.013425
1.022125
1.027100
1.035400
1.045150
1.049750
1.054200
1.057825
1.077575
1.093950
1.096850
1.105325
1.112800
1.115225
1.119075
1.129300
1.129575
1.143475
1.154675
1.170175
1.171525
1.184100
1.198950
1.205350
1.217300
1.246975
1.270250
1.279350
1.288850
1.313200
1.318225
1.328750
1.432775
1.444800
1.469150
1.477175
1.480400
1.487775
1.499475
1.528375
1.612850
1.627125
1.639925
1.651350
1.662125
1.662625
1.672475
1.714625
1.717050
1.765200
1.802650
1.850450
1.875775
1.961550
2.243025
2.371550
278
