0.000875
0.007425
0.017175
0.018125
0.020300
0.031750
0.035375
0.036675
0.038475
0.039775
0.047750
0.050175
0.055375
0.055875
0.069225
0.072900
0.073825
0.074925
0.076025
0.076300
0.092925
0.094500
0.102625
0.127300
0.129150
0.130750
0.131850
0.137600
0.143125
0.143725
0.144625
0.149125
0.162150
0.171250
0.175100
0.179100
0.180325
0.180650
0.181575
0.189750
0.190275
0.196600
0.199250
0.201675
0.210775
0.214575
0.222500
0.231700
0.236325
0.241500
0.244850
0.249350
0.255125
0.257325
0.259575
0.265800
0.265825
0.272425
0.280825
0.286350
0.287375
0.291475
0.299400
0.307950
0.314625
0.325800
0.328000
0.339950
0.345300
0.352925
0.359275
0.361250
0.365650
0.366050
0.369175
0.369425
0.370800
0.371625
0.375625
0.379075
0.383750
0.383750
0.386775
0.391425
0.395625
0.398250
0.400550
0.406750
0.408900
0.409525
0.427600
0.427725
0.433450
0.435950
0.439775
0.440375
0.448775
0.462375
0.462600
0.465225
0.472950
0.474500
0.477600
0.482050
0.483750
0.484775
0.489500
0.496300
0.496425
0.503900
0.503925
0.506375
0.508075
0.517725
0.523350
0.533075
0.536375
0.539600
0.546725
0.549600
0.550200
0.551125
0.552625
0.554025
0.558525
0.565000
0.566175
0.575600
0.579875
0.585425
0.589850
0.591100
0.601150
0.608425
0.610000
0.611500
0.622800
0.627600
0.633800
0.646125
0.646950
0.647025
0.647325
0.662650
0.665000
0.700100
0.704375
0.705125
0.706550
0.707750
0.707875
0.713900
0.720375
0.724875
0.725600
0.727775
0.733500
0.737325
0.746575
0.747750
0.752200
0.752725
0.756700
0.757525
0.757800
0.761100
0.766800
0.769825
0.773775
0.778075
0.779450
0.780700
0.781750
0.781850
0.782650
0.786675
0.787500
0.791350
0.792900
0.796650
0.799375
0.800650
0.801775
0.802525
0.802875
0.823775
0.828050
0.850250
0.851025
0.851625
0.854600
0.861125
0.881800
0.884375
0.887450
0.902975
0.934375
0.938075
0.938400
0.963500
0.989225
1.022150
1.029325
1.048150
1.050725
1.066400
1.072300
1.129025
1.132475
1.137900
1.141725
1.168150
1.181600
1.193750
1.226475
1.230100
1.252400
1.303575
1.344825
1.349800
1.431300
1.473975
1.527650
1.546375
1.560100
1.621350
1.648625
1.655650
1.675150
1.681300
1.694350
1.695850
1.733525
1.774325
1.790950
1.906625
1.962200
1.967025
1.971725
2.093625
2.156300
2.329150
2.439225
243
