0.005550
0.005750
0.007625
0.010800
0.017900
0.019950
0.029050
0.034275
0.040200
0.045025
0.047675
0.056700
0.062350
0.066175
0.068875
0.070875
0.072725
0.085675
0.098550
0.101075
0.107800
0.121375
0.126100
0.129400
0.141425
0.144175
0.147550
0.147575
0.151825
0.153550
0.157550
0.160475
0.168725
0.172100
0.172425
0.173525
0.178475
0.182925
0.188675
0.193100
0.197975
0.198725
0.201000
0.202275
0.210225
0.215400
0.218925
0.224150
0.226700
0.227825
0.229625
0.231125
0.233900
0.242000
0.246250
0.253825
0.261225
0.264475
0.267475
0.268625
0.270875
0.281225
0.285850
0.293300
0.294750
0.299025
0.299575
0.308250
0.314950
0.320575
0.323950
0.324550
0.326475
0.326500
0.326775
0.326900
0.329450
0.335175
0.336500
0.337575
0.338050
0.338525
0.342375
0.347550
0.347875
0.349700
0.350500
0.363375
0.364250
0.364625
0.370250
0.372150
0.374300
0.374800
0.375800
0.385575
0.389875
0.398750
0.403050
0.406900
0.408775
0.410250
0.412450
0.417300
0.418600
0.422675
0.423000
0.426925
0.429825
0.437800
0.438450
0.462325
0.463825
0.467350
0.468175
0.469950
0.479150
0.479600
0.487125
0.488025
0.499050
0.504650
0.505300
0.513850
0.516650
0.518350
0.519175
0.527250
0.529650
0.530250
0.534375
0.537550
0.538550
0.546625
0.547650
0.550175
0.550875
0.554975
0.555375
0.565175
0.566175
0.569900
0.574825
0.578775
0.593225
0.594750
0.598325
0.602925
0.619725
0.620175
0.627025
0.629400
0.633225
0.633825
0.640575
0.643375
0.654925
0.655800
0.658100
0.663000
0.665125
0.665875
0.668875
0.673550
0.673650
0.674750
0.674825
0.676300
0.678775
0.680700
0.687725
0.688375
0.692900
0.697975
0.699850
0.704025
0.710650
0.719275
0.721200
0.728425
0.728550
0.731025
0.737175
0.739300
0.765700
0.766075
0.783625
0.783850
0.784050
0.787150
0.789050
0.790550
0.791825
0.793275
0.795400
0.801225
0.806550
0.809800
0.829875
0.834250
0.842875
0.851750
0.863900
0.869475
0.875550
0.879400
0.879450
0.887600
0.898400
0.904650
0.905250
0.909325
0.916025
0.916625
0.918650
0.919375
0.929200
0.931250
0.941325
0.941675
0.954600
0.961100
0.965300
0.993775
0.993825
1.003925
1.009850
1.012950
1.018875
1.020025
1.026500
1.047725
1.051250
1.059100
1.075650
1.082325
1.100675
1.119425
1.123650
1.131875
1.149125
1.170950
1.182475
1.208050
1.232450
1.254075
1.260700
1.270600
1.300250
1.301350
1.337600
1.344250
1.369725
1.376800
1.380325
1.381925
1.385100
1.458475
1.464675
1.525475
1.605950
1.634450
1.657225
1.721100
1.779675
1.785250
1.874925
1.914400
1.983000
2.083925
2.168925
2.169575
2.223150
2.424025
274
