0.009575
0.016650
0.018350
0.021325
0.024500
0.025900
0.029475
0.032475
0.040750
0.044350
0.051700
0.055450
0.058975
0.059050
0.063025
0.064675
0.065450
0.071175
0.079275
0.079875
0.093975
0.095300
0.101275
0.101450
0.102225
0.107000
0.117000
0.117375
0.124575
0.128125
0.135750
0.136775
0.144775
0.145750
0.148750
0.150300
0.151350
0.153275
0.158700
0.162925
0.164975
0.169825
0.170375
0.173125
0.176900
0.180775
0.183175
0.185975
0.190825
0.194475
0.196550
0.203025
0.216550
0.229000
0.231500
0.239125
0.247125
0.247400
0.256900
0.260150
0.262575
0.265400
0.265525
0.266825
0.267650
0.268175
0.268225
0.273050
0.273175
0.275025
0.281775
0.288050
0.300275
0.301200
0.301975
0.306325
0.307575
0.308350
0.317175
0.323925
0.328875
0.331425
0.333325
0.335700
0.347525
0.347900
0.355000
0.356250
0.366950
0.367275
0.372025
0.373750
0.377750
0.385425
0.385800
0.390825
0.394625
0.397625
0.405000
0.409725
0.409950
0.410750
0.412225
0.415825
0.418525
0.427325
0.427775
0.429950
0.430000
0.433200
0.441175
0.450125
0.455550
0.456700
0.461100
0.468800
0.471175
0.473650
0.492650
0.493975
0.494300
0.506050
0.509800
0.520375
0.524000
0.532750
0.533425
0.541200
0.544400
0.544800
0.545850
0.547575
0.564975
0.567550
0.568625
0.572225
0.582325
0.588925
0.595050
0.596300
0.598925
0.608900
0.613025
0.615825
0.644375
0.657175
0.657225
0.659500
0.663000
0.671075
0.682425
0.688350
0.690175
0.690175
0.690525
0.693175
0.695550
0.697500
0.698300
0.702575
0.708350
0.719575
0.725075
0.726050
0.727425
0.734575
0.738125
0.742075
0.752725
0.758000
0.763325
0.766950
0.771725
0.775400
0.793125
0.800225
0.808075
0.812375
0.816825
0.817400
0.823900
0.833800
0.847600
0.848175
0.853700
0.858675
0.873800
0.880450
0.881975
0.883125
0.883625
0.887125
0.892850
0.900350
0.901150
0.923400
0.926650
0.928175
0.928875
0.956225
0.957400
0.969325
0.972325
1.004450
1.012750
1.016400
1.020375
1.022800
1.045175
1.054950
1.071350
1.080900
1.090875
1.092275
1.096675
1.099800
1.119975
1.129550
1.133050
1.135000
1.136625
1.161050
1.185900
1.200750
1.203250
1.208725
1.230450
1.248650
1.268600
1.274650
1.317750
1.402950
1.410975
1.419225
1.454775
1.563000
1.628975
1.697375
1.720250
1.773300
1.776925
1.803750
1.836950
1.894150
2.037825
2.083350
2.286400
2.378475
248
