0.002550
0.022925
0.024225
0.027225
0.031900
0.037925
0.038550
0.039500
0.044625
0.045625
0.046775
0.053800
0.063475
0.065100
0.073925
0.079175
0.086300
0.091375
0.094375
0.097300
0.105475
0.105925
0.113500
0.113975
0.116325
0.122050
0.122625
0.127400
0.128425
0.148150
0.155800
0.156675
0.166800
0.167225
0.173825
0.178675
0.190250
0.195450
0.211200
0.212525
0.220050
0.221725
0.224500
0.225975
0.243300
0.247375
0.247875
0.248450
0.251050
0.252850
0.256575
0.267250
0.273850
0.274125
0.277300
0.279300
0.280500
0.287550
0.299850
0.305075
0.310450
0.314375
0.327825
0.329225
0.340550
0.345000
0.350725
0.351000
0.351100
0.358950
0.363575
0.366975
0.368900
0.372025
0.375650
0.388000
0.388625
0.394425
0.400650
0.401975
0.402200
0.403950
0.405775
0.412550
0.413875
0.415300
0.417225
0.422425
0.424375
0.426850
0.427750
0.435075
0.439900
0.440450
0.443100
0.448550
0.451525
0.459050
0.461850
0.463500
0.463525
0.463650
0.470650
0.472650
0.472775
0.478325
0.488075
0.494575
0.496425
0.500425
0.502900
0.513075
0.516725
0.516900
0.527225
0.533750
0.534800
0.536500
0.541300
0.547950
0.548400
0.550025
0.554050
0.569450
0.575275
0.586500
0.593525
0.597075
0.599250
0.604550
0.605325
0.606375
0.615475
0.621875
0.638650
0.642700
0.644175
0.645150
0.656825
0.660325
0.661950
0.665000
0.676325
0.677850
0.684300
0.687025
0.687200
0.689625
0.698550
0.698575
0.703225
0.705600
0.709625
0.710050
0.719925
0.724750
0.725675
0.742225
0.755625
0.759175
0.761075
0.764725
0.766350
0.767875
0.768250
0.769750
0.771475
0.772075
0.772700
0.779050
0.779775
0.780225
0.792875
0.795225
0.798475
0.803975
0.807475
0.817050
0.820725
0.821225
0.825200
0.829575
0.835775
0.837700
0.841850
0.848875
0.853025
0.853325
0.854075
0.859400
0.873175
0.873250
0.875900
0.891125
0.893925
0.911125
0.917225
0.935900
0.948800
0.984400
0.990550
1.011950
1.018400
1.026550
1.045075
1.048150
1.048550
1.069200
1.069625
1.070525
1.079025
1.081975
1.089175
1.091675
1.136300
1.143175
1.153850
1.176425
1.181150
1.188775
1.197100
1.225075
1.233800
1.242525
1.251300
1.286975
1.338400
1.382175
1.384325
1.387425
1.394250
1.411650
1.437275
1.485225
1.503300
1.578625
1.666575
1.840725
1.890575
1.897850
2.010375
2.067600
2.150150
243
