0.001250
0.004525
0.005650
0.006025
0.007925
0.009300
0.015400
0.019250
0.022325
0.023950
0.031525
0.033650
0.033900
0.041525
0.041650
0.042275
0.043675
0.044100
0.048525
0.055875
0.057325
0.064400
0.070650
0.071700
0.075100
0.075525
0.087075
0.104500
0.104850
0.107625
0.117025
0.121225
0.121225
0.121325
0.132075
0.134150
0.134450
0.169425
0.175550
0.181450
0.185825
0.191750
0.194550
0.206725
0.210550
0.211350
0.216875
0.225175
0.229950
0.230050
0.231475
0.248900
0.250575
0.251775
0.253200
0.253825
0.263925
0.271225
0.279125
0.284575
0.291675
0.294525
0.300950
0.303025
0.305200
0.313450
0.315775
0.316450
0.316625
0.324500
0.324600
0.332225
0.335600
0.343025
0.344700
0.350650
0.356625
0.360325
0.360425
0.374550
0.374975
0.378800
0.381725
0.383950
0.386075
0.387900
0.388800
0.391650
0.392000
0.397825
0.402925
0.410150
0.410650
0.413775
0.415725
0.416750
0.425950
0.429175
0.432050
0.432625
0.438775
0.445750
0.456950
0.459700
0.462250
0.473975
0.479475
0.479950
0.480275
0.485025
0.485775
0.493875
0.498950
0.500150
0.500750
0.501250
0.502775
0.503675
0.504225
0.509100
0.516250
0.516650
0.518075
0.519750
0.520700
0.525050
0.532950
0.535075
0.536000
0.536775
0.541000
0.542900
0.554725
0.558725
0.559700
0.577400
0.584575
0.590650
0.610150
0.623450
0.625225
0.627700
0.629075
0.634825
0.650750
0.651275
0.654075
0.655900
0.665900
0.696300
0.710000
0.717125
0.717275
0.718250
0.723225
0.727100
0.729300
0.729450
0.741925
0.745575
0.751500
0.756025
0.788025
0.791975
0.794475
0.795875
0.803425
0.803675
0.815575
0.817350
0.826875
0.830775
0.833200
0.838125
0.847800
0.848850
0.852450
0.861300
0.862400
0.882625
0.890625
0.909625
0.911300
0.912325
0.918275
0.934675
0.937950
0.938650
0.945100
0.948475
0.951900
0.957275
0.979100
0.979900
0.980650
0.987150
0.987175
0.993425
1.007675
1.011950
1.035125
1.047450
1.057725
1.060050
1.062575
1.070375
1.106925
1.113325
1.129125
1.137125
1.143175
1.148650
1.165000
1.175525
1.248450
1.263775
1.280550
1.296150
1.304600
1.380925
1.393575
1.394550
1.400100
1.511425
1.785950
1.790300
1.816925
1.998200
2.066400
2.190050
2.348825
2.413650
2.487375
233
