0.003350
0.019550
0.033975
0.037425
0.041900
0.051800
0.053050
0.053350
0.055350
0.062175
0.068125
0.078325
0.081975
0.082275
0.082475
0.090625
0.099750
0.100275
0.108075
0.124875
0.125075
0.128775
0.129650
0.151725
0.154425
0.158725
0.161200
0.165375
0.172550
0.185375
0.187525
0.193225
0.197950
0.198625
0.200450
0.201125
0.217000
0.227025
0.228725
0.236900
0.241575
0.248375
0.252125
0.260950
0.274875
0.275150
0.276175
0.289675
0.301925
0.302350
0.305725
0.306650
0.321925
0.324525
0.326775
0.328225
0.331375
0.334400
0.335600
0.342125
0.342700
0.345425
0.350250
0.350750
0.359075
0.360775
0.362175
0.367950
0.377375
0.382825
0.384425
0.387675
0.393775
0.403250
0.410650
0.415000
0.420725
0.422175
0.423900
0.425725
0.428375
0.434525
0.434750
0.438850
0.439050
0.450375
0.451725
0.458675
0.463000
0.465625
0.474125
0.477375
0.481400
0.485150
0.485925
0.487475
0.487900
0.489900
0.493925
0.498375
0.498850
0.499325
0.500100
0.505950
0.513675
0.528550
0.530275
0.538525
0.540950
0.545150
0.545275
0.547550
0.560875
0.564650
0.568325
0.574225
0.581325
0.590125
0.592775
0.602400
0.610025
0.610025
0.613500
0.613600
0.618925
0.620800
0.630150
0.630350
0.636000
0.640450
0.642000
0.642875
0.643025
0.644675
0.649850
0.655475
0.674375
0.685700
0.687400
0.689675
0.698700
0.699500
0.700125
0.712000
0.713225
0.716800
0.719325
0.723625
0.727975
0.736075
0.740350
0.750850
0.754750
0.774875
0.784375
0.788850
0.790825
0.808575
0.811175
0.814425
0.814625
0.818550
0.822500
0.824350
0.826475
0.828800
0.836800
0.841275
0.841500
0.842850
0.850450
0.855350
0.858175
0.858900
0.861350
0.873125
0.875300
0.888850
0.890600
0.894675
0.896000
0.905150
0.910350
0.910650
0.939825
0.949900
0.955150
0.957925
0.960875
0.964975
0.965325
0.990400
0.993800
1.001825
1.002875
1.009625
1.014325
1.019300
1.027200
1.048550
1.054325
1.054625
1.056825
1.062600
1.067525
1.101725
1.103850
1.128125
1.145350
1.150650
1.178325
1.203825
1.226950
1.252000
1.252850
1.258200
1.258475
1.275700
1.277250
1.312225
1.346450
1.362725
1.374625
1.376625
1.377875
1.388975
1.406325
1.408525
1.413500
1.453975
1.468600
1.468875
1.472700
1.516075
1.517725
1.528575
1.546825
1.551100
1.562350
1.584350
1.591425
1.615025
1.626000
1.650650
1.800000
1.899400
1.908650
1.956050
1.982800
2.069575
2.102675
251
