0.005675
0.007400
0.009350
0.010450
0.020550
0.029475
0.032400
0.034850
0.047475
0.050900
0.053000
0.061925
0.062475
0.067450
0.070300
0.072025
0.073400
0.075075
0.077175
0.088225
0.088775
0.089450
0.091350
0.092775
0.096475
0.107050
0.107725
0.107925
0.110600
0.112250
0.116550
0.124300
0.125775
0.136075
0.146475
0.149875
0.155250
0.162475
0.162600
0.166575
0.181200
0.185550
0.189875
0.203275
0.211150
0.233575
0.237175
0.242450
0.247675
0.253750
0.254150
0.257925
0.259400
0.268000
0.277775
0.284100
0.286125
0.320975
0.322175
0.325950
0.327375
0.330525
0.335950
0.336575
0.338950
0.339400
0.354975
0.355500
0.356525
0.358675
0.360725
0.362400
0.364025
0.367500
0.370025
0.370075
0.381075
0.389125
0.390925
0.392675
0.395300
0.407125
0.415675
0.416800
0.417725
0.418625
0.422750
0.424750
0.435675
0.436300
0.445350
0.446850
0.451475
0.453900
0.456700
0.457350
0.457375
0.457950
0.467250
0.468300
0.472625
0.478150
0.482750
0.491200
0.495250
0.496475
0.497275
0.504900
0.505825
0.506175
0.506625
0.511350
0.535050
0.535325
0.541675
0.546375
0.547600
0.554200
0.558000
0.559625
0.561150
0.561325
0.567525
0.568125
0.568750
0.570125
0.576775
0.577750
0.579675
0.595875
0.605275
0.609500
0.612850
0.614425
0.616025
0.633550
0.634300
0.638725
0.648925
0.657925
0.661375
0.673250
0.687800
0.689650
0.695375
0.700450
0.701925
0.710875
0.711875
0.715375
0.716200
0.719450
0.719450
0.723600
0.724675
0.725925
0.726575
0.727575
0.728450
0.729700
0.733375
0.738700
0.740700
0.748500
0.756850
0.758600
0.759650
0.765275
0.767075
0.771175
0.777500
0.779275
0.789075
0.803275
0.804500
0.807425
0.815900
0.816575
0.820550
0.822050
0.822600
0.828100
0.833125
0.843075
0.852900
0.853300
0.853900
0.854025
0.859925
0.865075
0.869275
0.871275
0.871575
0.882500
0.892425
0.903950
0.907325
0.915550
0.915975
0.921175
0.926925
0.931200
0.934100
0.945450
0.949425
0.951675
0.969575
0.980325
0.991850
0.997725
0.999425
1.008600
1.010550
1.016425
1.025800
1.027175
1.033525
1.033575
1.041200
1.074400
1.092650
1.093500
1.095975
1.109300
1.112075
1.123550
1.151850
1.159325
1.200950
1.227125
1.244175
1.261475
1.275350
1.307300
1.323075
1.342175
1.472250
1.480350
1.491775
1.492700
1.498425
1.508200
1.528775
1.531875
1.578050
1.587325
1.632475
1.677800
1.688000
1.752700
1.765025
1.787600
1.823800
1.915000
1.941600
1.993325
2.223275
257
