0.001450
0.003175
0.010475
0.017025
0.029575
0.034425
0.043100
0.048350
0.055775
0.057150
0.066625
0.068150
0.068375
0.068500
0.075700
0.081575
0.082925
0.089450
0.092100
0.098500
0.104150
0.104450
0.108150
0.113800
0.117200
0.123950
0.125775
0.126350
0.130925
0.131425
0.156625
0.160200
0.161775
0.164150
0.166350
0.169650
0.169875
0.172500
0.182700
0.185500
0.191475
0.200500
0.203125
0.204325
0.205950
0.206050
0.212225
0.215100
0.215700
0.220775
0.221050
0.223425
0.224750
0.236500
0.241500
0.260050
0.270875
0.277700
0.291700
0.313850
0.316200
0.318600
0.322050
0.323175
0.325000
0.326875
0.327175
0.330400
0.331500
0.335100
0.339975
0.350225
0.364000
0.368250
0.372175
0.373250
0.377550
0.382075
0.383025
0.383200
0.384775
0.386350
0.396975
0.397850
0.403400
0.407000
0.410975
0.418100
0.418350
0.420025
0.424400
0.431100
0.435675
0.436525
0.441950
0.462700
0.468475
0.472150
0.475200
0.489800
0.491275
0.501225
0.503300
0.516100
0.517875
0.523925
0.524750
0.525775
0.538100
0.538225
0.538550
0.539225
0.543600
0.550150
0.550350
0.552450
0.553775
0.560300
0.561550
0.569100
0.572900
0.572900
0.573550
0.579400
0.579850
0.580550
0.590325
0.594875
0.595125
0.603350
0.606200
0.609800
0.613575
0.615050
0.616200
0.620325
0.627375
0.630375
0.632250
0.638075
0.640325
0.640725
0.644500
0.657575
0.663350
0.669025
0.676025
0.689500
0.705000
0.706700
0.707375
0.710950
0.714100
0.722975
0.724975
0.737400
0.737425
0.741950
0.744125
0.745925
0.745975
0.747125
0.757100
0.761375
0.764275
0.766025
0.770125
0.777350
0.781525
0.791575
0.793300
0.794725
0.799325
0.816700
0.820425
0.825050
0.832375
0.833825
0.843725
0.848375
0.849925
0.859425
0.864425
0.865300
0.865650
0.869925
0.872300
0.883850
0.891350
0.902575
0.907700
0.918400
0.925950
0.938100
0.945075
0.948125
0.955300
0.958200
0.997450
1.002325
1.013000
1.015225
1.015775
1.022075
1.022900
1.023625
1.029450
1.038475
1.039325
1.045675
1.049425
1.052875
1.071100
1.074950
1.080125
1.086650
1.092775
1.103375
1.148450
1.166075
1.167700
1.201550
1.209025
1.211300
1.218750
1.242650
1.248475
1.251050
1.300800
1.319725
1.353000
1.452725
1.475825
1.479425
1.502975
1.559000
1.578075
1.590800
1.615900
1.670725
1.687200
1.698100
1.869775
2.090550
2.114250
2.115300
2.151250
247
