0.000850
0.004625
0.020700
0.022975
0.025175
0.029775
0.034550
0.042725
0.042925
0.049925
0.050075
0.053875
0.055525
0.061100
0.063525
0.067825
0.073225
0.076925
0.077975
0.078525
0.079425
0.081975
0.092275
0.098150
0.107250
0.114950
0.115700
0.119975
0.123475
0.133225
0.134500
0.136550
0.136550
0.141025
0.142275
0.147400
0.148975
0.155275
0.164800
0.165675
0.167575
0.168800
0.170925
0.176950
0.178300
0.178700
0.181275
0.183250
0.184000
0.192725
0.196300
0.198125
0.200900
0.217200
0.233725
0.234000
0.234200
0.234475
0.241850
0.242225
0.246700
0.247325
0.253200
0.253350
0.259325
0.262800
0.273375
0.278400
0.282675
0.289625
0.290250
0.294925
0.295000
0.300650
0.309725
0.312100
0.313275
0.313625
0.313800
0.315250
0.317150
0.323275
0.323425
0.328650
0.341350
0.347600
0.350425
0.357700
0.358525
0.362150
0.362725
0.369200
0.373375
0.373375
0.381225
0.384025
0.384800
0.390850
0.395475
0.398350
0.401025
0.401575
0.403950
0.409100
0.413400
0.418000
0.419300
0.420175
0.430250
0.431100
0.433875
0.434250
0.434750
0.436525
0.444300
0.448750
0.448850
0.451075
0.453225
0.459875
0.485850
0.506625
0.514800
0.515200
0.517850
0.521025
0.531825
0.535100
0.537050
0.538175
0.550375
0.553150
0.553225
0.555650
0.560950
0.561275
0.565875
0.566525
0.572450
0.574025
0.578500
0.579800
0.582350
0.583025
0.583850
0.591375
0.592525
0.593925
0.595925
0.598575
0.602125
0.603025
0.603975
0.608700
0.611425
0.620000
0.632850
0.633600
0.634525
0.636475
0.662025
0.668975
0.677050
0.684050
0.685475
0.688850
0.688925
0.694400
0.694925
0.704250
0.714700
0.722650
0.723025
0.728875
0.729950
0.739050
0.743550
0.745600
0.754450
0.755475
0.765125
0.770475
0.779950
0.781500
0.785250
0.788775
0.797750
0.801950
0.805125
0.806150
0.806275
0.812025
0.813350
0.814725
0.818475
0.830875
0.833250
0.839825
0.848275
0.848925
0.852125
0.863100
0.877425
0.884200
0.889300
0.901850
0.911275
0.916825
0.936175
0.947275
0.950175
0.952925
0.965250
0.977675
0.982775
0.990125
1.009125
1.017025
1.017925
1.023025
1.032650
1.035325
1.036625
1.044075
1.056200
1.066525
1.067125
1.074450
1.088825
1.095975
1.097700
1.108175
1.133600
1.153875
1.166875
1.175350
1.182500
1.205525
1.216100
1.216700
1.230875
1.270225
1.272350
1.288975
1.300975
1.307100
1.344050
1.356575
1.368000
1.368525
1.414650
1.424500
1.431900
1.450825
1.518825
1.564250
1.566550
1.588925
1.605225
1.632400
1.654725
1.727500
1.727900
1.750400
264
