0.009500
0.010400
0.014225
0.026025
0.028225
0.029175
0.029825
0.034800
0.036125
0.038550
0.046175
0.047925
0.048025
0.053925
0.055800
0.066425
0.069125
0.071875
0.074700
0.076950
0.081500
0.084825
0.086800
0.092175
0.092925
0.097150
0.106675
0.109800
0.116825
0.116875
0.122075
0.128275
0.128900
0.135350
0.147550
0.151975
0.159375
0.162225
0.165275
0.166425
0.172275
0.173750
0.186500
0.199775
0.201375
0.201550
0.207200
0.215750
0.216225
0.216425
0.222800
0.223100
0.224875
0.231775
0.237050
0.242250
0.245250
0.249950
0.253025
0.253225
0.264350
0.264875
0.273125
0.277275
0.278100
0.278100
0.278375
0.281050
0.285475
0.289700
0.291200
0.297575
0.305275
0.312925
0.315050
0.318200
0.322800
0.329250
0.333000
0.333050
0.333850
0.337925
0.338325
0.339925
0.344525
0.344900
0.353150
0.355625
0.366300
0.369675
0.370175
0.374800
0.378525
0.379075
0.393625
0.396750
0.405800
0.409275
0.414150
0.414675
0.415400
0.434175
0.439275
0.440175
0.452850
0.455350
0.456925
0.460775
0.467150
0.471250
0.471550
0.472700
0.484900
0.498975
0.508150
0.511400
0.513700
0.513850
0.515575
0.529900
0.531000
0.537075
0.547850
0.548600
0.557675
0.561750
0.566075
0.579075
0.587675
0.589475
0.592900
0.606900
0.611050
0.614700
0.619250
0.623025
0.625825
0.653800
0.656250
0.659650
0.663375
0.665975
0.667500
0.668575
0.670000
0.675425
0.684475
0.686775
0.687125
0.690825
0.692625
0.699900
0.702600
0.704425
0.705250
0.706300
0.713425
0.718550
0.719275
0.720025
0.725200
0.729525
0.733350
0.734875
0.739400
0.742200
0.745075
0.748425
0.760500
0.764575
0.779300
0.780025
0.794400
0.799650
0.801975
0.811100
0.823175
0.831625
0.833525
0.838750
0.842850
0.866375
0.873225
0.891600
0.902350
0.905575
0.906800
0.914750
0.947300
0.986800
0.999075
1.003375
1.006275
1.011050
1.017725
1.039925
1.040425
1.048450
1.055100
1.078150
1.079150
1.081500
1.085975
1.189550
1.192825
1.211650
1.252100
1.252725
1.291550
1.310150
1.346125
1.350600
1.359150
1.372475
1.433350
1.472450
1.481225
1.484425
1.487050
1.492550
1.537200
1.559225
1.561300
1.563200
1.706600
1.745400
1.764750
1.791400
1.833800
2.008775
2.177250
2.180400
2.209400
2.390625
234
