0.007125
0.013750
0.021125
0.022700
0.031300
0.033475
0.044275
0.044400
0.051950
0.061375
0.065950
0.066125
0.069050
0.075675
0.077125
0.078625
0.086625
0.098800
0.102900
0.104275
0.121475
0.123925
0.129175
0.132425
0.137075
0.153675
0.158475
0.168775
0.174550
0.185125
0.185200
0.187800
0.188800
0.202225
0.203375
0.203875
0.211525
0.214425
0.217625
0.230675
0.233300
0.245050
0.247375
0.250250
0.264350
0.292650
0.299075
0.310200
0.311575
0.320675
0.323375
0.324875
0.325650
0.330100
0.337125
0.338250
0.338575
0.339200
0.341875
0.346000
0.348500
0.355950
0.356900
0.357025
0.361875
0.391225
0.415075
0.417575
0.425100
0.426075
0.426150
0.427550
0.430800
0.438725
0.440925
0.443900
0.444425
0.447825
0.454150
0.456900
0.463975
0.464400
0.464825
0.472250
0.474625
0.478225
0.482725
0.483525
0.488875
0.490675
0.496925
0.500825
0.502675
0.512175
0.514375
0.537400
0.540025
0.554425
0.558500
0.569150
0.575150
0.579350
0.583550
0.584200
0.588675
0.595150
0.595275
0.598275
0.599550
0.602875
0.603100
0.608200
0.613000
0.613150
0.614525
0.618450
0.624125
0.624925
0.628000
0.630975
0.635600
0.636200
0.639075
0.652975
0.653000
0.659100
0.659625
0.671950
0.674075
0.681225
0.682250
0.683850
0.692625
0.714575
0.715150
0.721525
0.723075
0.723125
0.740200
0.741325
0.741875
0.745750
0.749875
0.759225
0.759250
0.763200
0.765100
0.767375
0.781800
0.785075
0.792900
0.793200
0.797125
0.804675
0.813225
0.813850
0.819325
0.821425
0.825100
0.831725
0.838525
0.842725
0.845250
0.847125
0.848725
0.853900
0.856025
0.859300
0.860100
0.866225
0.866650
0.867425
0.876900
0.880600
0.880825
0.888350
0.891050
0.893925
0.907975
0.911725
0.914500
0.918775
0.929800
0.934575
0.947050
0.963350
0.981100
0.990875
0.991525
0.996625
1.006025
1.007125
1.015150
1.074050
1.078175
1.084575
1.099950
1.117200
1.145350
1.176275
1.197550
1.205900
1.208975
1.223400
1.242875
1.248425
1.261175
1.265425
1.267250
1.268825
1.269700
1.283875
1.313225
1.317100
1.319750
1.343275
1.370875
1.408950
1.411450
1.413075
1.426325
1.497000
1.497525
1.524150
1.532150
1.583300
1.583425
1.618950
1.669750
1.838325
1.973575
2.001450
2.196650
2.273075
234
