0.015900
0.017750
0.037325
0.038150
0.041125
0.041225
0.047525
0.048525
0.048550
0.054725
0.055975
0.067675
0.067725
0.071150
0.072925
0.073950
0.080425
0.085700
0.106300
0.107625
0.108425
0.109275
0.113150
0.121975
0.124325
0.125200
0.125700
0.127875
0.128250
0.130625
0.132375
0.138250
0.139675
0.140275
0.140450
0.146150
0.148300
0.154950
0.162575
0.164225
0.172400
0.173250
0.173775
0.175950
0.177875
0.178825
0.180850
0.184000
0.184550
0.192800
0.195550
0.196850
0.203950
0.205825
0.212650
0.218200
0.229975
0.247075
0.249750
0.252450
0.253950
0.254075
0.268450
0.270850
0.280250
0.280850
0.284525
0.291200
0.293775
0.297425
0.298125
0.300825
0.305200
0.319600
0.319825
0.320725
0.324400
0.328100
0.329700
0.336550
0.337900
0.357725
0.360325
0.363500
0.366425
0.373325
0.377800
0.381450
0.382625
0.385550
0.388450
0.391925
0.394100
0.398925
0.400525
0.404775
0.406750
0.406850
0.415600
0.418575
0.424300
0.425900
0.426250
0.427300
0.428325
0.433725
0.437350
0.440050
0.447150
0.447550
0.456025
0.458000
0.460450
0.462975
0.467725
0.470100
0.471275
0.471600
0.478625
0.493675
0.496625
0.496700
0.498325
0.503725
0.516350
0.523975
0.524175
0.537150
0.538100
0.545275
0.554200
0.560850
0.561325
0.562975
0.567400
0.572525
0.576350
0.582700
0.582975
0.588475
0.589450
0.593625
0.593900
0.605900
0.611075
0.612250
0.614000
0.614475
0.622525
0.624550
0.628050
0.637675
0.638750
0.642450
0.645775
0.646375
0.651675
0.652300
0.653700
0.658825
0.664225
0.669925
0.671550
0.672175
0.672650
0.676800
0.681275
0.692075
0.693300
0.693325
0.699800
0.702425
0.702550
0.709050
0.712375
0.719075
0.722000
0.722100
0.724150
0.730725
0.734150
0.735575
0.739450
0.747375
0.753250
0.755550
0.758000
0.759825
0.760375
0.760525
0.766925
0.777100
0.782500
0.791550
0.792550
0.793225
0.811425
0.813650
0.814925
0.815200
0.818900
0.821825
0.823275
0.824450
0.828350
0.831500
0.852275
0.863000
0.865775
0.879025
0.880575
0.911625
0.917975
0.919150
0.920700
0.936175
0.938650
0.939600
0.944525
0.964375
0.969750
0.973300
0.982300
1.010375
1.012000
1.012000
1.019850
1.020825
1.033975
1.042250
1.044050
1.051025
1.051150
1.061900
1.074250
1.080600
1.091625
1.103400
1.104450
1.116500
1.124325
1.133825
1.143000
1.164425
1.183675
1.183750
1.201650
1.212300
1.212575
1.229050
1.243950
1.273300
1.275100
1.292600
1.293850
1.321750
1.326075
1.364875
1.382750
1.432275
1.544275
1.586550
1.593050
1.609225
1.720000
1.729325
1.756650
1.769325
1.773600
1.783975
1.790775
1.812000
1.844700
1.871325
2.013875
275
