0.001250
0.012925
0.015000
0.022200
0.022450
0.026475
0.028600
0.030600
0.051050
0.053775
0.058400
0.066525
0.067150
0.069200
0.070625
0.080350
0.090700
0.098075
0.106050
0.107125
0.107325
0.108550
0.108875
0.120750
0.121725
0.122900
0.128650
0.128925
0.140100
0.141200
0.144125
0.145550
0.146950
0.147925
0.154125
0.154625
0.156550
0.156825
0.158100
0.158850
0.172825
0.186300
0.194250
0.196425
0.198150
0.211350
0.222750
0.243250
0.246675
0.256925
0.258975
0.267200
0.267725
0.270600
0.275000
0.277025
0.278100
0.293175
0.293650
0.296575
0.305350
0.310375
0.316025
0.316975
0.318200
0.347200
0.347850
0.366650
0.379075
0.389725
0.392625
0.399575
0.400350
0.406100
0.406300
0.413250
0.416925
0.417250
0.419300
0.421400
0.423425
0.428775
0.431325
0.433325
0.439125
0.441700
0.443200
0.448525
0.450150
0.455700
0.456150
0.463400
0.472225
0.478725
0.483825
0.485700
0.488000
0.492700
0.498400
0.499725
0.499925
0.503975
0.505475
0.505600
0.509825
0.514975
0.522175
0.528425
0.530075
0.530475
0.533125
0.534125
0.542200
0.544025
0.546750
0.551700
0.552350
0.555800
0.574600
0.579875
0.584650
0.594125
0.603800
0.606675
0.611275
0.611350
0.613475
0.628925
0.631500
0.635525
0.638875
0.643950
0.649600
0.654200
0.656750
0.658450
0.658625
0.659825
0.661000
0.667625
0.677250
0.679075
0.680100
0.684950
0.695975
0.700225
0.704925
0.716850
0.721500
0.723050
0.724425
0.725125
0.725475
0.728475
0.731800
0.747575
0.752000
0.760450
0.763075
0.764800
0.767275
0.774325
0.779475
0.783000
0.783425
0.787575
0.787775
0.790975
0.798925
0.802550
0.809250
0.813050
0.814850
0.816925
0.819475
0.820575
0.820950
0.821475
0.822675
0.825975
0.844825
0.858175
0.868650
0.868900
0.899525
0.902650
0.903450
0.915225
0.915675
0.915950
0.922550
0.925350
0.925650
0.930025
0.936025
0.936525
0.944225
0.957775
0.960575
0.963975
0.964850
0.969150
0.982550
0.988275
0.997425
1.000375
1.011600
1.016975
1.030850
1.034025
1.034875
1.043325
1.045600
1.059850
1.064900
1.078300
1.078850
1.087600
1.132075
1.136350
1.168500
1.187600
1.188400
1.242675
1.245525
1.250325
1.259750
1.269350
1.334125
1.363750
1.372275
1.410375
1.484725
1.587775
1.612875
1.616075
1.671925
1.680650
1.720050
1.731250
1.760925
1.785650
1.826100
1.869950
1.942125
1.978250
2.113525
247
