0.002850
0.004400
0.012025
0.012250
0.012425
0.014150
0.025650
0.026100
0.028850
0.029200
0.029475
0.040175
0.041425
0.056475
0.064675
0.082850
0.085175
0.085425
0.088575
0.091325
0.091800
0.092325
0.099375
0.099450
0.104225
0.117875
0.122475
0.138775
0.142350
0.157275
0.165350
0.167025
0.172150
0.175425
0.182600
0.191650
0.193575
0.200150
0.206975
0.211675
0.224850
0.227775
0.231900
0.234275
0.237825
0.238250
0.240975
0.247425
0.247575
0.261925
0.280975
0.282200
0.288800
0.291125
0.298850
0.301700
0.309200
0.312575
0.316700
0.326775
0.328800
0.329150
0.332575
0.333025
0.340125
0.344975
0.346000
0.354900
0.362375
0.372575
0.374425
0.378525
0.384725
0.385175
0.385825
0.386375
0.393325
0.396475
0.412250
0.412775
0.416975
0.422625
0.428275
0.428850
0.432750
0.436250
0.437650
0.445125
0.447875
0.454475
0.462450
0.464650
0.471450
0.475725
0.479350
0.482225
0.484625
0.498850
0.499075
0.500200
0.501450
0.502550
0.502800
0.505975
0.506050
0.511225
0.524150
0.529900
0.530275
0.531250
0.538550
0.546000
0.553875
0.561075
0.561125
0.561600
0.566250
0.567150
0.569700
0.570500
0.571350
0.579950
0.584525
0.587225
0.597800
0.600350
0.600400
0.603425
0.607125
0.612050
0.615475
0.641400
0.642025
0.643500
0.646975
0.657775
0.659750
0.663350
0.665975
0.669500
0.680775
0.682125
0.684075
0.688225
0.696475
0.698575
0.701500
0.713975
0.714525
0.741175
0.744700
0.765125
0.767825
0.783175
0.783800
0.801200
0.805875
0.814475
0.816200
0.833700
0.835750
0.836200
0.843400
0.860725
0.861300
0.862100
0.868400
0.870425
0.871900
0.874100
0.879650
0.880100
0.880975
0.904475
0.916025
0.920625
0.938450
0.950975
0.952750
0.963075
0.992550
1.007625
1.009350
1.011675
1.014675
1.018775
1.025125
1.030225
1.038725
1.045925
1.047375
1.066150
1.068200
1.087500
1.088300
1.092025
1.098875
1.098875
1.115175
1.116850
1.144425
1.159075
1.160875
1.168500
1.172775
1.184275
1.247525
1.259400
1.266475
1.305750
1.310750
1.336775
1.352300
1.353000
1.369175
1.373175
1.499350
1.539625
1.579875
1.653175
1.726200
1.768975
1.847475
1.876800
2.032900
2.089175
2.114150
2.233725
2.475825
229
