0.000175
0.007225
0.008750
0.012175
0.018325
0.019200
0.019575
0.022975
0.031575
0.037175
0.048750
0.050650
0.055125
0.057375
0.061725
0.067325
0.067525
0.070600
0.079550
0.080775
0.082150
0.082325
0.087100
0.089325
0.092600
0.093550
0.095150
0.095300
0.098225
0.100950
0.101800
0.101900
0.103525
0.114375
0.127200
0.135525
0.137100
0.140700
0.141500
0.143850
0.147350
0.159950
0.177700
0.181275
0.192450
0.199200
0.222650
0.227750
0.231125
0.249900
0.262275
0.269400
0.271400
0.276975
0.277300
0.277575
0.280400
0.286025
0.286550
0.287325
0.287875
0.290000
0.295900
0.298600
0.299150
0.310525
0.312625
0.327375
0.334275
0.334875
0.335425
0.345150
0.345250
0.346500
0.352875
0.362075
0.363875
0.364150
0.365975
0.367025
0.368750
0.370250
0.372575
0.377300
0.379775
0.385950
0.398325
0.405000
0.405700
0.406875
0.413000
0.415975
0.419525
0.420625
0.421225
0.425825
0.426675
0.427725
0.433450
0.456150
0.468975
0.469450
0.474325
0.478000
0.479950
0.511000
0.514400
0.516575
0.520575
0.526400
0.530675
0.531325
0.531700
0.540875
0.546775
0.550325
0.558400
0.562775
0.564175
0.565375
0.568650
0.571775
0.572525
0.573950
0.574225
0.575900
0.577075
0.580450
0.582550
0.585600
0.587125
0.587625
0.588975
0.591800
0.593050
0.595600
0.597150
0.611100
0.612075
0.622425
0.628875
0.629725
0.645800
0.655975
0.658425
0.659800
0.661950
0.665775
0.667425
0.673200
0.678825
0.687775
0.689625
0.695450
0.698100
0.701050
0.702750
0.710375
0.724550
0.740150
0.740400
0.745600
0.746575
0.750775
0.768225
0.775375
0.780925
0.794200
0.801050
0.802350
0.805825
0.813350
0.830275
0.837900
0.838250
0.838925
0.843200
0.850525
0.852600
0.853775
0.866275
0.868075
0.871650
0.874875
0.875100
0.895750
0.899950
0.901000
0.901175
0.922300
0.925250
0.933175
0.954900
0.961275
0.962325
0.976200
0.990675
0.991200
0.991925
0.992400
1.005100
1.005475
1.008525
1.010825
1.021450
1.024750
1.034275
1.036075
1.039350
1.044250
1.044475
1.065350
1.076475
1.107625
1.134400
1.138250
1.144150
1.144900
1.185575
1.218225
1.274475
1.282250
1.327650
1.329550
1.336575
1.341075
1.366200
1.377725
1.385775
1.430300
1.450000
1.463275
1.464675
1.526750
1.582875
1.585250
1.598625
1.604375
1.619475
1.654975
1.665175
1.721425
1.749425
1.816350
2.239800
245
