0.000400
0.001500
0.014875
0.016100
0.016275
0.025900
0.035550
0.040625
0.044175
0.051850
0.056100
0.056550
0.058650
0.062900
0.066050
0.067450
0.071150
0.077675
0.077750
0.081225
0.087575
0.105000
0.110875
0.121550
0.134675
0.135275
0.136375
0.141950
0.145200
0.146300
0.146750
0.147600
0.152950
0.153875
0.168200
0.169850
0.174750
0.198000
0.198500
0.199300
0.206250
0.213450
0.215950
0.224000
0.227175
0.234500
0.236200
0.237775
0.238625
0.238950
0.241950
0.252400
0.252525
0.269475
0.272950
0.274775
0.275325
0.275825
0.278175
0.278825
0.288950
0.298000
0.300825
0.306150
0.309250
0.312725
0.313275
0.314625
0.319650
0.334775
0.336475
0.337575
0.344025
0.352000
0.352850
0.353025
0.358450
0.359975
0.361600
0.364225
0.369850
0.372100
0.372300
0.386325
0.387450
0.390400
0.391100
0.396200
0.403350
0.403850
0.412750
0.415000
0.415550
0.421600
0.426925
0.433000
0.447900
0.456625
0.461275
0.461425
0.462125
0.464300
0.465750
0.471325
0.479450
0.480400
0.482050
0.505625
0.507925
0.509900
0.512975
0.519400
0.523025
0.524100
0.541675
0.547325
0.549325
0.569925
0.573000
0.573525
0.573550
0.573600
0.575425
0.580150
0.584650
0.585150
0.589975
0.591350
0.598400
0.602450
0.603125
0.613125
0.620025
0.626025
0.644400
0.657350
0.661025
0.662875
0.674500
0.677925
0.682550
0.689475
0.691950
0.697750
0.699675
0.699875
0.704775
0.710700
0.711600
0.713225
0.716025
0.718075
0.720025
0.722625
0.732750
0.740900
0.743275
0.745050
0.752150
0.752825
0.753800
0.755000
0.771475
0.772650
0.774250
0.778425
0.781250
0.795575
0.821150
0.822350
0.822650
0.853800
0.854025
0.866175
0.880750
0.886000
0.895325
0.896725
0.912825
0.913900
0.921150
0.921425
0.923425
0.927400
0.936025
0.946150
0.948300
0.950075
0.974050
0.995250
1.000625
1.019675
1.044500
1.061825
1.066525
1.079700
1.079925
1.100325
1.127350
1.167200
1.175325
1.182350
1.188700
1.191250
1.197825
1.225075
1.267675
1.409700
1.432225
1.434850
1.436625
1.451825
1.480975
1.506900
1.523825
1.561600
1.569875
1.621400
1.633075
1.651675
1.653775
1.702600
1.742325
1.853550
1.865825
1.982000
1.988950
2.086425
2.108125
2.141750
2.236475
2.317825
2.364575
233
