0.003950
0.008725
0.016825
0.025100
0.028000
0.029475
0.032200
0.044950
0.049250
0.050025
0.054325
0.056550
0.061075
0.068575
0.073225
0.076600
0.094450
0.098375
0.100975
0.109450
0.115900
0.117300
0.118625
0.125100
0.131700
0.144275
0.155150
0.155200
0.155450
0.158575
0.171550
0.172050
0.176000
0.177800
0.183875
0.187825
0.188525
0.196175
0.196225
0.197375
0.200275
0.201000
0.202150
0.211050
0.214850
0.219025
0.223700
0.230275
0.233150
0.242600
0.246100
0.246600
0.248425
0.255675
0.258175
0.262725
0.264850
0.265825
0.268275
0.276250
0.279675
0.281450
0.289100
0.303225
0.307350
0.311350
0.316625
0.317225
0.324650
0.328775
0.329825
0.330425
0.340100
0.341700
0.344950
0.347275
0.348750
0.355025
0.363350
0.370400
0.378800
0.384775
0.387350
0.388100
0.389550
0.393850
0.396850
0.401300
0.405325
0.406575
0.412000
0.431375
0.438550
0.444600
0.462325
0.468725
0.479125
0.493075
0.506350
0.510200
0.513675
0.516725
0.525850
0.528300
0.532175
0.534950
0.535025
0.543450
0.549950
0.573950
0.576050
0.593675
0.604550
0.606625
0.609275
0.613900
0.615975
0.616500
0.621150
0.622100
0.622600
0.626725
0.627125
0.630725
0.633325
0.634975
0.637625
0.638900
0.658725
0.661025
0.675675
0.677125
0.678125
0.697400
0.699800
0.707150
0.712650
0.716250
0.716900
0.738825
0.748900
0.750850
0.754175
0.767525
0.795625
0.798875
0.816900
0.833300
0.859375
0.885625
0.900875
0.908525
0.911225
0.912325
0.913325
0.917850
0.921575
0.926475
0.927125
0.927875
0.932100
0.942450
0.959825
0.963750
0.969650
0.990500
0.998850
1.003550
1.003950
1.028450
1.042975
1.053625
1.058950
1.061350
1.062050
1.062175
1.066750
1.075525
1.078025
1.107700
1.116125
1.121025
1.157900
1.176000
1.186675
1.188350
1.292875
1.310875
1.325025
1.343275
1.360100
1.389800
1.396050
1.432975
1.476625
1.512425
1.514775
1.532475
1.693875
1.756225
1.781050
1.794925
1.796950
1.822250
1.849300
2.052650
2.308200
2.331325
208
