0.000775
0.004650
0.008525
0.010025
0.013975
0.024500
0.027300
0.030875
0.037825
0.037950
0.062550
0.064725
0.067725
0.081725
0.086575
0.086825
0.097425
0.098025
0.104075
0.107725
0.112675
0.114950
0.133650
0.139250
0.142625
0.151075
0.152450
0.153925
0.163850
0.174425
0.180500
0.183000
0.196150
0.199175
0.200025
0.200550
0.203150
0.209425
0.213500
0.214100
0.216350
0.218500
0.231075
0.233650
0.235350
0.239975
0.240900
0.242525
0.253550
0.255100
0.258475
0.261175
0.265125
0.265250
0.268300
0.269000
0.269125
0.269825
0.276300
0.276675
0.281750
0.294725
0.301125
0.302125
0.308300
0.310500
0.315725
0.317350
0.323575
0.324000
0.330150
0.338650
0.339700
0.354600
0.361125
0.361275
0.364275
0.364450
0.373700
0.384100
0.387150
0.394150
0.401500
0.404250
0.409000
0.412800
0.413100
0.422175
0.423750
0.426775
0.427950
0.428500
0.431100
0.433350
0.447825
0.452550
0.477050
0.479525
0.483400
0.489700
0.493375
0.495075
0.502925
0.507300
0.508500
0.514000
0.519550
0.527325
0.530950
0.531600
0.536900
0.536975
0.537450
0.539800
0.547075
0.550600
0.551025
0.552575
0.557575
0.565050
0.571450
0.575050
0.576825
0.581750
0.588850
0.589100
0.592675
0.607375
0.611700
0.627225
0.631425
0.632600
0.637775
0.638925
0.641425
0.644125
0.647575
0.650700
0.662475
0.662500
0.665650
0.670825
0.697000
0.701350
0.714450
0.714875
0.719150
0.722850
0.723300
0.724075
0.724550
0.726725
0.729900
0.742100
0.745725
0.749425
0.767625
0.773675
0.791925
0.793475
0.795850
0.796175
0.800375
0.807100
0.814950
0.816300
0.821200
0.822725
0.823825
0.830375
0.848650
0.852550
0.854175
0.867800
0.874675
0.884375
0.886800
0.890475
0.896000
0.898025
0.899725
0.914225
0.916850
0.925875
0.934625
0.942275
0.951300
0.963525
0.969125
0.983050
0.992975
0.995675
0.997700
1.026025
1.027725
1.028975
1.053125
1.054500
1.056200
1.064100
1.078800
1.082325
1.083825
1.103150
1.150650
1.161075
1.162225
1.163000
1.197525
1.201825
1.225825
1.230575
1.239800
1.259550
1.281275
1.283625
1.295225
1.313475
1.314625
1.315925
1.343250
1.352575
1.356850
1.359625
1.372375
1.382300
1.411025
1.454500
1.496800
1.510725
1.532275
1.698000
1.729525
1.830100
1.843775
2.411150
236
