0.002750
0.004400
0.007650
0.010275
0.010425
0.012325
0.013650
0.014025
0.015025
0.023275
0.024550
0.036025
0.038700
0.039975
0.053275
0.053750
0.060700
0.065800
0.069500
0.070850
0.085600
0.091050
0.093700
0.096100
0.099575
0.105850
0.107525
0.124175
0.126625
0.129550
0.135700
0.137375
0.143275
0.145850
0.146450
0.147700
0.151500
0.154575
0.157800
0.158400
0.166700
0.178675
0.179400
0.179625
0.186950
0.189500
0.190550
0.195750
0.196550
0.199900
0.203775
0.215075
0.223400
0.230850
0.236225
0.236875
0.241525
0.263525
0.265275
0.267575
0.270425
0.287400
0.291250
0.293125
0.300200
0.300975
0.301675
0.303500
0.304625
0.306675
0.316600
0.317525
0.318300
0.318700
0.319850
0.322100
0.322675
0.325325
0.326975
0.331400
0.342800
0.348225
0.348375
0.353075
0.356550
0.359825
0.363025
0.363100
0.363775
0.377875
0.379575
0.385375
0.390975
0.391875
0.395300
0.395525
0.413050
0.420275
0.421325
0.425525
0.429775
0.430725
0.431600
0.458375
0.465675
0.483700
0.489450
0.500675
0.514875
0.517700
0.521225
0.522700
0.535550
0.541800
0.552875
0.560575
0.561925
0.563025
0.563050
0.563500
0.564675
0.568450
0.583100
0.592175
0.598050
0.600550
0.602225
0.613125
0.615225
0.626525
0.627625
0.636750
0.647125
0.648850
0.651200
0.654300
0.656700
0.662525
0.664050
0.669450
0.670450
0.675375
0.683250
0.683675
0.694225
0.694625
0.698550
0.701875
0.703400
0.710575
0.712825
0.719050
0.722500
0.723225
0.725200
0.733925
0.737125
0.744375
0.746825
0.766925
0.767925
0.772450
0.776950
0.786800
0.788475
0.792050
0.803500
0.807900
0.808975
0.809900
0.826025
0.835975
0.840175
0.855050
0.856400
0.859575
0.862400
0.867150
0.869250
0.870375
0.884650
0.896700
0.901900
0.903875
0.914975
0.973075
1.008375
1.014100
1.019275
1.024675
1.027225
1.031900
1.038275
1.049300
1.053000
1.053725
1.072250
1.073500
1.075550
1.110000
1.156650
1.180300
1.183775
1.201100
1.263050
1.265750
1.274275
1.284025
1.324875
1.448400
1.501625
1.509325
1.691025
1.692675
1.697800
1.707650
1.770825
1.965725
1.975850
2.042675
2.438000
221
