0.004900
0.005975
0.009625
0.010550
0.011050
0.019200
0.020050
0.022950
0.024400
0.029475
0.036500
0.038650
0.039050
0.039275
0.042700
0.045825
0.049200
0.054000
0.056575
0.057050
0.058900
0.074200
0.074700
0.077275
0.078350
0.079500
0.081975
0.092900
0.128525
0.129000
0.131400
0.135100
0.137325
0.138900
0.141525
0.143650
0.144550
0.145850
0.151025
0.153250
0.154475
0.154975
0.157475
0.158475
0.174550
0.182725
0.183450
0.209725
0.217175
0.227375
0.237725
0.242000
0.243600
0.244800
0.245275
0.254625
0.259475
0.262300
0.263550
0.267025
0.267800
0.271600
0.272750
0.276500
0.281275
0.284125
0.285925
0.289275
0.289600
0.291675
0.308400
0.312675
0.314200
0.320625
0.325475
0.330700
0.332325
0.334900
0.337725
0.338400
0.343725
0.347075
0.357775
0.360600
0.366750
0.371175
0.379975
0.380050
0.380200
0.390525
0.390950
0.391250
0.392600
0.396375
0.396550
0.397325
0.399700
0.410500
0.412850
0.418875
0.426250
0.436375
0.437550
0.439825
0.440925
0.443025
0.443675
0.443950
0.454900
0.458900
0.461950
0.463100
0.464775
0.467625
0.474925
0.476600
0.477925
0.479825
0.501250
0.506375
0.508325
0.510575
0.513000
0.513375
0.520500
0.532875
0.537025
0.544825
0.545375
0.547700
0.548200
0.552475
0.555750
0.566700
0.588600
0.597775
0.597825
0.602925
0.617950
0.627400
0.630525
0.637475
0.642150
0.661650
0.663650
0.664600
0.665175
0.665425
0.675175
0.683775
0.699975
0.700000
0.701775
0.705300
0.705500
0.708350
0.716075
0.717325
0.717800
0.734375
0.742050
0.745500
0.772125
0.782175
0.784200
0.792975
0.797175
0.800875
0.817750
0.824850
0.835050
0.841750
0.846000
0.848425
0.862075
0.862900
0.865175
0.873525
0.874650
0.880825
0.900475
0.903675
0.912200
0.915700
0.929025
0.942425
0.951600
0.957500
0.968200
0.968800
0.975000
0.975825
0.976225
0.977250
0.979525
0.981125
0.985175
0.991675
0.992375
0.994725
1.017600
1.032550
1.033025
1.061425
1.067125
1.070325
1.074550
1.076350
1.094000
1.138875
1.141575
1.147400
1.151850
1.160875
1.168400
1.175900
1.179075
1.197600
1.201825
1.207075
1.227725
1.233525
1.240250
1.266350
1.278750
1.284600
1.302450
1.313300
1.376225
1.395900
1.396200
1.438625
1.477700
1.500575
1.500625
1.517600
1.543675
1.565475
1.625375
1.641175
1.705550
1.711525
1.733750
1.759600
1.777400
1.782700
1.821275
1.849400
1.855525
1.894625
2.049150
2.112150
2.113625
2.287350
254
