0.001050
0.010400
0.010900
0.013400
0.016525
0.018225
0.021800
0.033000
0.036500
0.053675
0.057650
0.060050
0.060350
0.060500
0.063225
0.063925
0.066575
0.068500
0.069025
0.072400
0.081275
0.083750
0.083900
0.094925
0.099825
0.103850
0.104275
0.109425
0.114775
0.114975
0.121125
0.140500
0.142825
0.145000
0.154850
0.155275
0.156750
0.158650
0.161575
0.162025
0.163000
0.165075
0.170625
0.170725
0.170975
0.172325
0.175550
0.176025
0.177000
0.178800
0.182350
0.183075
0.186550
0.186750
0.186925
0.189450
0.190825
0.198400
0.200275
0.201000
0.208850
0.211125
0.213050
0.213675
0.214125
0.214675
0.223750
0.228750
0.234850
0.235425
0.236700
0.246225
0.251750
0.257100
0.260600
0.272925
0.277425
0.277575
0.278275
0.283025
0.284000
0.298200
0.309750
0.311775
0.313150
0.315100
0.316100
0.316250
0.325575
0.326225
0.335800
0.336350
0.337350
0.338250
0.349825
0.351375
0.355725
0.358200
0.359225
0.365275
0.366075
0.366650
0.368750
0.373675
0.374150
0.374375
0.375050
0.381850
0.383150
0.388625
0.394275
0.398450
0.400925
0.403525
0.406350
0.411200
0.415900
0.417400
0.418175
0.420475
0.423775
0.427200
0.429575
0.430750
0.435350
0.442525
0.443325
0.443575
0.444250
0.448875
0.456400
0.459350
0.460600
0.465675
0.469850
0.472200
0.474500
0.482900
0.491475
0.492050
0.494400
0.495200
0.495775
0.498500
0.498900
0.503400
0.504600
0.510475
0.514725
0.517575
0.525575
0.543175
0.543600
0.557550
0.562725
0.564625
0.567875
0.571600
0.575825
0.576425
0.578350
0.584050
0.586875
0.588425
0.591125
0.596325
0.606075
0.608575
0.620800
0.622075
0.625350
0.629900
0.632775
0.634250
0.635450
0.637500
0.653425
0.658350
0.660500
0.665825
0.671300
0.672500
0.683625
0.686025
0.690125
0.700875
0.705900
0.712450
0.718550
0.721375
0.722875
0.725200
0.729700
0.731375
0.733300
0.734775
0.736300
0.743775
0.745925
0.750825
0.756225
0.762900
0.767475
0.767600
0.768075
0.768950
0.773700
0.780200
0.781300
0.782225
0.785875
0.787450
0.788600
0.789275
0.800850
0.801025
0.803275
0.815800
0.816675
0.823275
0.824500
0.832575
0.833075
0.835150
0.843300
0.855825
0.866275
0.883875
0.885150
0.887600
0.889275
0.896575
0.897375
0.898225
0.907975
0.923175
0.928375
0.942575
0.943750
0.955175
0.968350
0.968600
0.974750
0.979450
0.984725
1.001950
1.008650
1.014875
1.023500
1.033025
1.034725
1.051800
1.053600
1.053900
1.059975
1.070500
1.092300
1.093500
1.098175
1.133525
1.145175
1.145925
1.157600
1.179275
1.184550
1.197050
1.205075
1.221275
1.228150
1.246825
1.283125
1.303725
1.362475
1.393775
1.410200
1.421000
1.427950
1.446600
1.456425
1.499675
1.499750
1.510900
1.569100
1.580275
1.648200
1.672250
1.724675
1.762850
1.789775
1.828125
1.929675
2.018100
2.214025
2.376150
294
