0.001925
0.010175
0.011025
0.012425
0.021075
0.028900
0.033700
0.056800
0.065250
0.066875
0.069050
0.080875
0.087225
0.087400
0.087475
0.088900
0.104150
0.107125
0.107950
0.112325
0.112700
0.113675
0.114450
0.119275
0.131375
0.138875
0.142575
0.144425
0.148875
0.152050
0.153900
0.159100
0.161525
0.163900
0.170200
0.174075
0.175600
0.193200
0.196125
0.196925
0.199900
0.200550
0.205200
0.208975
0.211125
0.212100
0.215775
0.226825
0.228500
0.232750
0.236525
0.244225
0.250350
0.251500
0.253325
0.254150
0.256975
0.260175
0.261175
0.263075
0.263900
0.269000
0.274500
0.294525
0.304650
0.310550
0.314675
0.315200
0.316725
0.317775
0.323225
0.325175
0.328075
0.329300
0.330225
0.330325
0.332000
0.338450
0.341875
0.344600
0.346075
0.349350
0.353000
0.356175
0.360800
0.361675
0.365050
0.366750
0.366900
0.373300
0.379650
0.382925
0.383150
0.386575
0.394950
0.396100
0.397550
0.397700
0.399550
0.406925
0.407575
0.410300
0.411375
0.413825
0.418700
0.420500
0.420700
0.421950
0.423625
0.428700
0.438675
0.442600
0.452350
0.460225
0.475325
0.476325
0.476900
0.486125
0.486150
0.486300
0.486375
0.487650
0.490250
0.495200
0.501650
0.510950
0.533325
0.534750
0.537175
0.539900
0.540800
0.542800
0.545650
0.554325
0.554800
0.556050
0.563225
0.576050
0.578825
0.579475
0.580800
0.582225
0.582825
0.583725
0.585100
0.588925
0.591700
0.599375
0.607425
0.613925
0.616250
0.618575
0.623225
0.623425
0.624250
0.624975
0.626725
0.627400
0.627875
0.653275
0.662050
0.664975
0.665125
0.667075
0.667225
0.670375
0.672500
0.674250
0.675025
0.692325
0.697025
0.704050
0.704500
0.709925
0.712950
0.713475
0.714850
0.719950
0.720525
0.720725
0.721125
0.724025
0.724250
0.725075
0.740225
0.741750
0.746700
0.747500
0.748225
0.748600
0.749225
0.750175
0.751475
0.752625
0.767825
0.768800
0.772425
0.773825
0.774525
0.779525
0.781250
0.786775
0.791825
0.797350
0.800125
0.802925
0.806300
0.810675
0.813475
0.831250
0.832350
0.833975
0.843800
0.844125
0.854275
0.857025
0.861600
0.868050
0.874350
0.875875
0.883650
0.900950
0.902750
0.904400
0.906400
0.917875
0.928975
0.931725
0.935300
0.948925
0.955125
0.960850
0.960975
0.969175
0.990175
0.990400
0.997100
1.004900
1.010650
1.028125
1.047200
1.049875
1.064050
1.067450
1.071725
1.078775
1.079550
1.114775
1.132875
1.175350
1.175525
1.176375
1.187200
1.189775
1.212725
1.216425
1.219150
1.226600
1.239675
1.267825
1.271725
1.273175
1.337050
1.356525
1.370000
1.373525
1.421225
1.433775
1.443350
1.453500
1.487275
1.499625
1.502725
1.506825
1.568650
1.595650
1.644600
1.676425
1.689000
1.713250
1.729175
1.741675
1.772075
1.800800
1.919475
2.101375
2.200350
2.347750
2.400050
289
