0.006025
0.008375
0.021250
0.021525
0.022475
0.024725
0.030100
0.030525
0.030975
0.041000
0.045125
0.048525
0.050350
0.052775
0.058675
0.076975
0.077950
0.082200
0.082800
0.086850
0.088675
0.088950
0.090275
0.093125
0.095175
0.097000
0.107700
0.110375
0.110600
0.116650
0.124950
0.125175
0.129050
0.129975
0.134100
0.138825
0.140925
0.140975
0.147125
0.148625
0.152250
0.161875
0.162175
0.165325
0.166000
0.166900
0.170000
0.185100
0.185175
0.185350
0.186075
0.189525
0.195400
0.202250
0.213000
0.221050
0.228675
0.250725
0.252650
0.257150
0.259700
0.266300
0.268200
0.274425
0.275875
0.280275
0.293200
0.294700
0.295775
0.304975
0.307600
0.308850
0.309400
0.315700
0.317450
0.317875
0.326425
0.326525
0.337525
0.348675
0.349350
0.351200
0.352575
0.353600
0.354000
0.366525
0.380750
0.382375
0.387550
0.388925
0.395525
0.397800
0.400425
0.414925
0.434200
0.440750
0.442675
0.458800
0.468775
0.476850
0.481650
0.488550
0.489175
0.491025
0.493100
0.508400
0.508500
0.511900
0.513325
0.514000
0.514400
0.514875
0.518775
0.522175
0.534475
0.534625
0.539300
0.542275
0.543025
0.546350
0.551800
0.564025
0.572950
0.573075
0.583475
0.585700
0.587450
0.588850
0.590000
0.590950
0.591050
0.600700
0.604100
0.607600
0.610850
0.612025
0.614050
0.617800
0.628050
0.630000
0.632225
0.633500
0.645450
0.648950
0.656400
0.661025
0.664675
0.668175
0.675275
0.675675
0.676025
0.678600
0.680900
0.682425
0.686425
0.690175
0.692550
0.711125
0.718975
0.731725
0.733100
0.740350
0.742925
0.744775
0.750175
0.750750
0.753225
0.753675
0.766475
0.794575
0.796900
0.800200
0.804900
0.807225
0.807925
0.813525
0.821525
0.825275
0.830025
0.840775
0.842925
0.844850
0.848075
0.849400
0.850625
0.851900
0.854875
0.856125
0.864700
0.864775
0.867025
0.869400
0.875525
0.884900
0.887150
0.897525
0.898975
0.903875
0.907825
0.911150
0.911625
0.919425
0.934600
0.966725
0.967400
0.983825
0.989850
0.991850
0.995600
0.996750
1.007950
1.035450
1.035675
1.041550
1.043675
1.052725
1.071025
1.081825
1.085275
1.090000
1.090075
1.108425
1.111575
1.118525
1.122350
1.123875
1.146775
1.153400
1.169375
1.197450
1.202525
1.230775
1.262550
1.266825
1.311175
1.318250
1.338025
1.398675
1.404775
1.404825
1.418000
1.591525
1.597950
1.650425
1.871425
1.899750
1.958600
1.986675
2.428775
249
