0.007050
0.016950
0.029650
0.030625
0.036025
0.036300
0.043725
0.046400
0.049275
0.050975
0.051825
0.062100
0.063775
0.075875
0.077950
0.078325
0.080325
0.089375
0.097300
0.115100
0.117950
0.121425
0.126575
0.129225
0.129975
0.133475
0.137675
0.139600
0.141700
0.150650
0.152925
0.162725
0.166950
0.171125
0.171425
0.183225
0.187350
0.189100
0.201675
0.203750
0.206375
0.207875
0.209525
0.217350
0.227625
0.241125
0.246550
0.247650
0.251175
0.252950
0.264150
0.265275
0.270600
0.275475
0.282525
0.283200
0.284775
0.294625
0.299800
0.303025
0.308050
0.313450
0.329025
0.336350
0.336925
0.339125
0.343225
0.351200
0.357175
0.369325
0.372600
0.382250
0.383500
0.386725
0.390025
0.392875
0.394675
0.409250
0.416300
0.420375
0.423400
0.426600
0.435875
0.436150
0.437000
0.437100
0.440975
0.441000
0.441250
0.444950
0.446225
0.447475
0.449900
0.453875
0.458250
0.459825
0.460875
0.465225
0.466450
0.467950
0.469050
0.474850
0.483850
0.489825
0.490150
0.490800
0.518425
0.519075
0.527400
0.530950
0.557300
0.563525
0.570250
0.578775
0.580200
0.585300
0.585475
0.588850
0.594950
0.599100
0.599600
0.604050
0.610150
0.614000
0.616100
0.619750
0.623050
0.628825
0.634275
0.638750
0.652450
0.657600
0.668775
0.670925
0.671000
0.672025
0.672275
0.678075
0.680750
0.683100
0.689975
0.691525
0.695675
0.697875
0.708500
0.712400
0.715550
0.719575
0.720575
0.721425
0.721925
0.731175
0.733300
0.733925
0.740250
0.751350
0.755975
0.758375
0.758425
0.760500
0.763125
0.779600
0.781825
0.783075
0.784325
0.789475
0.794650
0.804775
0.809475
0.811125
0.820950
0.842175
0.846500
0.847275
0.871625
0.884200
0.897625
0.904425
0.910300
0.913950
0.920475
0.929000
0.932525
0.945425
0.951475
0.952075
0.956275
0.979425
0.984325
0.986275
1.012375
1.016350
1.025375
1.032175
1.043050
1.047075
1.047775
1.077550
1.079125
1.079625
1.111800
1.135750
1.175150
1.232475
1.245250
1.251275
1.253750
1.257250
1.278450
1.293300
1.319450
1.338500
1.338775
1.345150
1.382375
1.416900
1.421600
1.426050
1.452750
1.466375
1.471125
1.478475
1.498825
1.515825
1.539650
1.544325
1.599850
1.603700
1.612625
1.637700
1.671600
1.674775
1.705150
1.743400
1.792050
1.853850
1.887075
1.971200
2.021900
2.130175
2.268975
2.315175
242
