0.005725
0.008700
0.010875
0.011650
0.028500
0.028875
0.030450
0.032525
0.035525
0.038800
0.039975
0.043675
0.045675
0.046125
0.061700
0.067975
0.071150
0.083100
0.083825
0.092550
0.093625
0.094375
0.095950
0.096750
0.100850
0.114800
0.119200
0.125625
0.129175
0.132100
0.134375
0.140200
0.146575
0.148725
0.158300
0.165850
0.166900
0.167250
0.170050
0.170200
0.175550
0.177100
0.183200
0.194850
0.200300
0.200625
0.211750
0.215075
0.215450
0.225700
0.234400
0.234525
0.235000
0.235450
0.238800
0.243775
0.244975
0.255450
0.257825
0.258950
0.261250
0.272900
0.279300
0.282975
0.285025
0.294900
0.295775
0.299200
0.299250
0.307200
0.310675
0.316825
0.323275
0.326100
0.329725
0.338600
0.339900
0.340600
0.341575
0.348425
0.351150
0.351375
0.354125
0.354575
0.357975
0.367775
0.370425
0.373200
0.376175
0.377850
0.378975
0.387525
0.389900
0.393450
0.400200
0.407550
0.407675
0.410600
0.417100
0.443875
0.449650
0.453200
0.458500
0.462200
0.471950
0.474325
0.475900
0.476825
0.480975
0.481100
0.502675
0.504175
0.508550
0.522700
0.530175
0.530375
0.531275
0.540525
0.541550
0.548000
0.551025
0.553650
0.553775
0.555800
0.555975
0.556300
0.560350
0.560425
0.576225
0.580675
0.580700
0.584400
0.586100
0.586125
0.591675
0.596275
0.600025
0.612225
0.613025
0.629300
0.630300
0.631075
0.632375
0.636875
0.648525
0.652125
0.656325
0.658250
0.668200
0.675475
0.682975
0.691425
0.694550
0.696500
0.698850
0.699000
0.701175
0.704075
0.730950
0.733850
0.737450
0.741975
0.744000
0.752800
0.753850
0.756125
0.762325
0.766475
0.775325
0.776225
0.800050
0.801075
0.801525
0.803300
0.818575
0.820150
0.820600
0.840250
0.843550
0.848250
0.859000
0.868925
0.876050
0.877075
0.880775
0.886450
0.891000
0.898275
0.900750
0.901300
0.915700
0.920000
0.931625
0.940825
0.945450
0.958950
0.993550
1.020900
1.033925
1.037900
1.040300
1.043250
1.069150
1.070225
1.092000
1.099375
1.106425
1.133775
1.137450
1.149900
1.151200
1.163775
1.169075
1.187100
1.188275
1.211425
1.225600
1.230675
1.243250
1.260875
1.268625
1.276950
1.284350
1.378775
1.437875
1.447650
1.478025
1.481375
1.505800
1.536875
1.559250
1.563325
1.564625
1.568675
1.682800
1.836975
1.842775
2.044900
2.091375
2.140450
2.192975
2.470325
242
