0.009600
0.012350
0.015500
0.017775
0.018650
0.020025
0.034200
0.035875
0.042525
0.044750
0.052025
0.052350
0.057600
0.068775
0.072175
0.078500
0.086625
0.086675
0.089650
0.090600
0.093600
0.096950
0.097775
0.099150
0.101700
0.104050
0.115650
0.126575
0.134225
0.140250
0.145425
0.149200
0.162375
0.171375
0.177250
0.179450
0.183475
0.190850
0.192650
0.193675
0.194400
0.194950
0.199025
0.206250
0.211825
0.221800
0.227525
0.234050
0.234725
0.242800
0.254225
0.260850
0.269050
0.273025
0.273800
0.278125
0.294000
0.296925
0.300100
0.302425
0.304925
0.305000
0.313525
0.314000
0.319875
0.320050
0.321425
0.322275
0.326350
0.327300
0.329800
0.333025
0.336475
0.342550
0.355500
0.357725
0.358550
0.388000
0.388900
0.389475
0.390475
0.390625
0.396875
0.399275
0.403625
0.404950
0.405525
0.411000
0.412175
0.414175
0.416250
0.420825
0.424275
0.429550
0.431850
0.443675
0.450325
0.456250
0.457375
0.463300
0.473075
0.475750
0.477400
0.481000
0.481125
0.493175
0.500750
0.508375
0.512425
0.521700
0.526675
0.528575
0.537325
0.540850
0.544525
0.545700
0.550875
0.554025
0.558375
0.571700
0.572650
0.572700
0.576100
0.579900
0.585025
0.593375
0.596850
0.602600
0.603725
0.612275
0.620425
0.623200
0.624975
0.625000
0.628100
0.643700
0.643825
0.649275
0.655150
0.668300
0.668825
0.673650
0.676350
0.693375
0.703675
0.720025
0.722100
0.730475
0.731250
0.732400
0.737075
0.739300
0.741450
0.744025
0.758500
0.768700
0.770975
0.775525
0.780200
0.791100
0.797825
0.801000
0.801175
0.820425
0.826525
0.848050
0.848150
0.852225
0.854300
0.870675
0.878575
0.881475
0.882775
0.906075
0.906225
0.910100
0.912675
0.914000
0.914025
0.917825
0.926675
0.926800
0.933725
0.946075
0.955100
0.956675
0.969400
0.988700
1.009075
1.010325
1.013875
1.014000
1.016025
1.035550
1.041150
1.042800
1.070325
1.076925
1.077275
1.079825
1.082725
1.087425
1.101500
1.106275
1.110175
1.111725
1.162500
1.183925
1.185200
1.186075
1.209100
1.214750
1.246500
1.268150
1.280800
1.344825
1.395725
1.461675
1.492500
1.512575
1.560725
1.690250
1.722250
1.731725
1.757850
1.761800
1.796125
1.955075
2.344875
229
