0.009925
0.011850
0.013550
0.014800
0.016100
0.017125
0.020225
0.028475
0.028700
0.028925
0.032100
0.040900
0.044150
0.047100
0.051250
0.055625
0.055875
0.056300
0.063550
0.065450
0.066125
0.066475
0.070075
0.070925
0.084900
0.091450
0.094675
0.095975
0.097075
0.100975
0.109625
0.119025
0.124200
0.131625
0.151675
0.156400
0.162750
0.168600
0.168750
0.169650
0.179600
0.179625
0.188725
0.197275
0.200425
0.206050
0.207575
0.207725
0.214225
0.215450
0.216775
0.228875
0.233125
0.235025
0.235300
0.244275
0.245250
0.245700
0.249600
0.250750
0.251700
0.259975
0.267475
0.276625
0.282325
0.282850
0.299650
0.302675
0.305375
0.306275
0.306325
0.308075
0.309825
0.312800
0.317400
0.320375
0.325525
0.328350
0.329400
0.332500
0.334600
0.342025
0.346000
0.358075
0.358625
0.360550
0.361950
0.364375
0.364950
0.368475
0.368550
0.369975
0.372425
0.372675
0.373675
0.373750
0.380525
0.387300
0.392750
0.394950
0.398475
0.400725
0.400975
0.404025
0.406900
0.408100
0.408675
0.413550
0.417850
0.423950
0.425600
0.429450
0.434150
0.447075
0.448900
0.449850
0.453175
0.455875
0.457225
0.461975
0.476050
0.476600
0.506125
0.513575
0.514600
0.526700
0.529475
0.531500
0.547275
0.548575
0.551250
0.551475
0.552750
0.569725
0.572825
0.581525
0.582000
0.582525
0.583800
0.592925
0.597450
0.604650
0.605125
0.609650
0.611725
0.615700
0.616925
0.617650
0.619875
0.630300
0.630500
0.631000
0.645325
0.645725
0.647000
0.653875
0.654450
0.654950
0.656375
0.657150
0.661850
0.671325
0.672300
0.672750
0.677775
0.680250
0.683625
0.686500
0.687875
0.693450
0.710875
0.716800
0.720400
0.722825
0.723550
0.724175
0.738300
0.739725
0.748700
0.762200
0.766500
0.778800
0.814025
0.819050
0.834975
0.836850
0.843250
0.845350
0.852550
0.862200
0.867825
0.868100
0.879925
0.880025
0.885325
0.893900
0.895600
0.902450
0.912600
0.913425
0.923850
0.923975
0.934975
0.936350
0.943250
0.944075
0.946825
0.948850
0.958725
0.972425
0.975025
0.981575
0.982775
0.983575
0.989950
0.992475
0.994000
0.995325
0.997650
1.010025
1.010875
1.015050
1.016150
1.026650
1.034225
1.049725
1.058225
1.059575
1.068975
1.070850
1.073350
1.082100
1.092775
1.097300
1.109800
1.133500
1.134575
1.142350
1.168575
1.179925
1.196350
1.247200
1.256700
1.289325
1.307275
1.334800
1.426050
1.464550
1.491425
1.503225
1.580075
1.596775
1.605325
1.614925
1.638775
1.646175
1.679800
1.680300
1.776075
1.900325
1.950800
2.080825
262
