0.006925
0.015325
0.019550
0.022450
0.026975
0.029150
0.030175
0.032250
0.040275
0.043325
0.049800
0.065375
0.067750
0.071550
0.073125
0.074325
0.090500
0.096675
0.108250
0.108775
0.108900
0.110300
0.114175
0.127725
0.128000
0.132300
0.140925
0.141950
0.151425
0.155375
0.165050
0.171025
0.172175
0.172925
0.180025
0.185525
0.190750
0.198000
0.201525
0.202325
0.203850
0.209700
0.209900
0.212375
0.217950
0.219250
0.226850
0.232825
0.242550
0.245350
0.246475
0.247775
0.257525
0.265525
0.268850
0.273375
0.276625
0.279900
0.293850
0.294775
0.303300
0.303375
0.305850
0.309275
0.309525
0.316825
0.322600
0.323875
0.330900
0.340575
0.350625
0.352250
0.353425
0.355600
0.357525
0.363900
0.364175
0.383625
0.383825
0.387825
0.389125
0.393900
0.418250
0.420600
0.420750
0.424500
0.428275
0.435950
0.438725
0.441050
0.451425
0.451500
0.456250
0.456875
0.457225
0.457875
0.460075
0.463500
0.463850
0.468450
0.474150
0.474875
0.481425
0.482775
0.490450
0.494675
0.499325
0.505175
0.507350
0.507375
0.508975
0.510775
0.517575
0.540900
0.541750
0.556900
0.558225
0.562650
0.564450
0.565075
0.568875
0.580200
0.585050
0.591950
0.593450
0.595525
0.598725
0.605525
0.615350
0.616150
0.618900
0.622075
0.622250
0.623075
0.625150
0.628450
0.632875
0.634375
0.636950
0.642175
0.653475
0.655050
0.656600
0.660775
0.663125
0.664350
0.672300
0.674050
0.675025
0.686650
0.686725
0.688900
0.697150
0.702750
0.706600
0.707675
0.710775
0.712675
0.719575
0.730175
0.734350
0.738075
0.742125
0.760625
0.772400
0.773375
0.774150
0.775850
0.779825
0.786025
0.790425
0.790725
0.791425
0.794375
0.796850
0.801425
0.806950
0.814950
0.816825
0.828350
0.833900
0.842025
0.860475
0.862900
0.865500
0.866300
0.870000
0.873675
0.874900
0.889800
0.890225
0.896625
0.899950
0.904075
0.916850
0.917450
0.922825
0.931150
0.932300
0.943125
0.948675
0.954225
0.967900
0.972125
0.982750
0.985200
0.998600
1.011625
1.038675
1.044125
1.050550
1.054250
1.056925
1.074700
1.101325
1.101700
1.109550
1.112300
1.120325
1.130825
1.136975
1.141875
1.147325
1.150875
1.194375
1.205375
1.226575
1.236550
1.254800
1.320225
1.327725
1.337075
1.368800
1.385875
1.397100
1.417125
1.435500
1.452025
1.483500
1.511550
1.534925
1.617775
1.657125
1.658300
1.697850
1.701675
1.701800
1.708700
1.740100
1.765750
1.865600
1.914950
1.977600
2.058450
2.081675
2.260150
2.407125
2.410275
258
