0.001725
0.001750
0.010025
0.010700
0.011200
0.024425
0.027100
0.028775
0.029100
0.030925
0.031325
0.031525
0.034725
0.046450
0.049950
0.052200
0.056750
0.062700
0.062875
0.065600
0.066175
0.071250
0.086950
0.087425
0.093450
0.097950
0.110900
0.117450
0.122500
0.122650
0.125775
0.137600
0.139500
0.143650
0.144875
0.145225
0.152325
0.167425
0.170475
0.173450
0.176300
0.179150
0.179350
0.182650
0.183325
0.187225
0.197025
0.217525
0.220325
0.230900
0.246550
0.248200
0.251975
0.255050
0.263500
0.267975
0.274550
0.281575
0.291300
0.293375
0.300750
0.302675
0.304575
0.308625
0.319750
0.320550
0.326625
0.326675
0.327525
0.333175
0.342000
0.348925
0.360625
0.368850
0.369475
0.377300
0.381375
0.386875
0.387950
0.400075
0.407850
0.409825
0.413625
0.415600
0.422125
0.423125
0.427450
0.432700
0.432775
0.439450
0.452075
0.454200
0.461000
0.470750
0.474775
0.475225
0.483225
0.484400
0.491125
0.495200
0.495400
0.495975
0.508700
0.525325
0.528025
0.532500
0.535425
0.535575
0.541325
0.543925
0.544350
0.545625
0.549150
0.560300
0.560875
0.560950
0.563100
0.566650
0.567075
0.570825
0.571525
0.582675
0.584125
0.587550
0.589625
0.595225
0.599300
0.602300
0.613700
0.624525
0.625525
0.625850
0.628150
0.631250
0.631900
0.635375
0.636175
0.636200
0.636850
0.637275
0.644425
0.653100
0.653475
0.658725
0.665650
0.672450
0.675025
0.675275
0.675500
0.684225
0.685975
0.687000
0.692275
0.707750
0.709000
0.709825
0.716100
0.720700
0.721125
0.727750
0.729625
0.744300
0.752600
0.761075
0.764625
0.770750
0.770875
0.774400
0.778325
0.780725
0.782300
0.783750
0.788900
0.792425
0.799500
0.801525
0.805425
0.805925
0.815225
0.829725
0.831200
0.857125
0.861850
0.863475
0.867850
0.877375
0.878900
0.884750
0.889100
0.910800
0.927375
0.943350
0.963000
0.965500
0.967150
0.971225
0.991100
0.992600
0.995250
0.996050
1.021750
1.030450
1.056025
1.076725
1.078550
1.079400
1.086750
1.088650
1.121850
1.136100
1.152675
1.154075
1.155650
1.159750
1.192375
1.200450
1.210525
1.216275
1.258825
1.271175
1.303500
1.410025
1.410525
1.625250
1.768000
1.813675
1.826525
1.865600
1.873975
1.896900
1.926925
1.930950
2.077100
2.155425
2.275050
2.329100
236
