0.002875
0.009075
0.013800
0.023400
0.026175
0.028300
0.030425
0.033425
0.038925
0.042475
0.045475
0.046025
0.055825
0.063825
0.064525
0.067050
0.069900
0.074275
0.079725
0.084100
0.086975
0.088950
0.106250
0.107000
0.114550
0.114850
0.117950
0.118275
0.118375
0.119075
0.120025
0.121900
0.127675
0.130450
0.136675
0.137400
0.139025
0.142450
0.145875
0.153725
0.157075
0.158100
0.158925
0.160125
0.163500
0.179575
0.182525
0.183450
0.191400
0.193000
0.195925
0.198475
0.204900
0.206975
0.207300
0.213100
0.214000
0.224175
0.225550
0.228275
0.229475
0.233050
0.249100
0.252375
0.255250
0.255300
0.255675
0.259925
0.263450
0.265225
0.269800
0.274750
0.276700
0.280075
0.285050
0.287075
0.288000
0.296525
0.296875
0.297825
0.303500
0.303575
0.313175
0.320200
0.320500
0.320750
0.323975
0.325300
0.326225
0.331225
0.342625
0.342650
0.345475
0.346025
0.351675
0.355425
0.381250
0.391125
0.392600
0.398350
0.412825
0.415900
0.421400
0.425225
0.427575
0.432025
0.437100
0.440275
0.442250
0.453950
0.456475
0.460875
0.463875
0.466225
0.476500
0.478425
0.479775
0.484875
0.501350
0.504100
0.510550
0.511850
0.536100
0.539025
0.539400
0.542500
0.543075
0.547000
0.555875
0.558100
0.561350
0.566525
0.566725
0.567825
0.573225
0.576850
0.585325
0.595675
0.607400
0.608400
0.609900
0.611875
0.614400
0.618575
0.620775
0.624875
0.637725
0.642550
0.658800
0.667800
0.677800
0.683125
0.707175
0.708400
0.709950
0.715625
0.723850
0.728500
0.739750
0.747325
0.760700
0.760775
0.765625
0.767775
0.772075
0.772475
0.773800
0.792050
0.801675
0.803300
0.806000
0.812150
0.814400
0.815300
0.817575
0.847900
0.866075
0.874800
0.876475
0.887925
0.891725
0.903525
0.908150
0.910350
0.915325
0.917425
0.924700
0.926775
0.931825
0.941425
0.954150
0.962000
0.962325
0.981550
0.992425
0.992850
0.993375
0.999825
1.001700
1.034075
1.036200
1.042450
1.044725
1.044900
1.046275
1.048425
1.055325
1.064475
1.068400
1.068400
1.094150
1.097750
1.132875
1.144675
1.162425
1.163775
1.177150
1.193675
1.205600
1.206150
1.226575
1.242100
1.261875
1.275425
1.298325
1.318875
1.321875
1.397200
1.439275
1.450600
1.479725
1.525000
1.537300
1.550600
1.578225
1.582850
1.591800
1.620675
1.747475
1.946475
1.953225
1.987300
2.094975
2.321350
2.348775
2.392925
246
