0.010025
0.010225
0.011150
0.011600
0.021400
0.023175
0.026600
0.027875
0.031675
0.035625
0.043075
0.048875
0.051400
0.052050
0.055675
0.057075
0.063625
0.065425
0.073625
0.084425
0.084425
0.086400
0.086600
0.089750
0.093375
0.093425
0.096650
0.096800
0.097400
0.104000
0.107750
0.108075
0.109600
0.117375
0.122800
0.125575
0.127400
0.127475
0.145450
0.148775
0.151750
0.152600
0.160100
0.164425
0.175600
0.175975
0.179075
0.180275
0.180750
0.181300
0.182325
0.184500
0.192425
0.199625
0.205275
0.208025
0.208275
0.214325
0.218325
0.234450
0.236925
0.238300
0.241850
0.251425
0.254700
0.259050
0.263650
0.265575
0.267525
0.268425
0.268450
0.271275
0.273650
0.274200
0.275575
0.290675
0.305525
0.313825
0.315150
0.316925
0.317925
0.321600
0.322175
0.325300
0.336275
0.338775
0.351100
0.352400
0.353325
0.356200
0.356925
0.356925
0.357100
0.357600
0.364575
0.377050
0.377875
0.379075
0.382250
0.385300
0.386700
0.397125
0.403425
0.410325
0.411475
0.411700
0.414325
0.422025
0.425600
0.431550
0.431950
0.437125
0.439775
0.444100
0.450350
0.451250
0.452875
0.453450
0.460425
0.462075
0.465525
0.466500
0.474750
0.476875
0.483150
0.485650
0.485825
0.486650
0.489050
0.500100
0.501900
0.502000
0.505875
0.508150
0.510375
0.514050
0.517250
0.522725
0.523975
0.533375
0.539850
0.549100
0.551250
0.552925
0.553000
0.554725
0.562025
0.573925
0.586725
0.586850
0.588325
0.593450
0.594975
0.596550
0.601200
0.604000
0.606675
0.606800
0.629300
0.637600
0.640375
0.645125
0.647075
0.654225
0.654425
0.658225
0.661175
0.665475
0.667700
0.669825
0.672000
0.674225
0.682025
0.687225
0.688575
0.689775
0.693725
0.694000
0.698975
0.700125
0.704850
0.705250
0.706150
0.707900
0.714125
0.715625
0.719825
0.726550
0.728275
0.748775
0.751425
0.763600
0.767475
0.768075
0.769775
0.778350
0.778625
0.786450
0.787100
0.789075
0.795900
0.797325
0.799575
0.802175
0.811125
0.811700
0.813150
0.821425
0.822275
0.822950
0.823475
0.853725
0.855700
0.858150
0.858850
0.867800
0.868825
0.869850
0.871525
0.872950
0.876350
0.885450
0.904975
0.930450
0.934525
0.936250
0.950875
0.959275
0.968975
0.971925
0.976975
0.988925
0.998025
1.043150
1.046450
1.059075
1.068600
1.073500
1.075575
1.081875
1.085325
1.087525
1.142625
1.162225
1.172050
1.172775
1.178925
1.182050
1.198200
1.203475
1.227200
1.258525
1.276300
1.295700
1.305175
1.340025
1.364300
1.368050
1.422925
1.501275
1.539300
1.561375
1.609050
1.642625
1.759800
1.769950
1.811775
1.890250
1.994725
2.344400
2.387575
271
