0.003600
0.010100
0.023300
0.023875
0.027650
0.029400
0.033450
0.038200
0.043400
0.046025
0.048950
0.050175
0.052400
0.053875
0.054375
0.055175
0.061750
0.061925
0.063650
0.071625
0.071800
0.073825
0.075275
0.077050
0.082650
0.096200
0.100825
0.102875
0.109575
0.109675
0.122675
0.137775
0.152150
0.154800
0.157175
0.158375
0.167750
0.168900
0.172650
0.173625
0.180200
0.182250
0.184875
0.197675
0.204000
0.211200
0.213625
0.216775
0.220625
0.220650
0.222500
0.228025
0.228675
0.229825
0.231450
0.232825
0.235175
0.236725
0.248300
0.252425
0.261275
0.264975
0.273125
0.273500
0.283200
0.284400
0.285850
0.291375
0.296475
0.300100
0.304200
0.305075
0.305575
0.310200
0.310875
0.312775
0.318575
0.321800
0.326525
0.331750
0.348875
0.353950
0.359200
0.374850
0.377575
0.380825
0.381850
0.391875
0.391975
0.392350
0.395225
0.395225
0.400225
0.414525
0.417250
0.419625
0.430750
0.432875
0.433825
0.436125
0.436850
0.437350
0.442900
0.444925
0.451525
0.452150
0.452200
0.461975
0.469750
0.473975
0.477425
0.500050
0.504225
0.504475
0.521600
0.527200
0.529325
0.539225
0.557325
0.558550
0.565275
0.571025
0.573150
0.581050
0.582200
0.586950
0.589225
0.593675
0.597100
0.598200
0.600550
0.604500
0.605850
0.608200
0.608400
0.612475
0.616775
0.618550
0.621300
0.624050
0.638125
0.640050
0.640375
0.655525
0.659725
0.666225
0.667375
0.672025
0.681750
0.684625
0.692900
0.699475
0.700475
0.710100
0.714225
0.717600
0.727900
0.729800
0.731600
0.736700
0.739750
0.743175
0.743325
0.745425
0.754025
0.754375
0.754600
0.759875
0.784525
0.792225
0.800100
0.812950
0.814750
0.820600
0.825400
0.831400
0.835850
0.837650
0.839300
0.841075
0.843075
0.855100
0.868125
0.868950
0.872975
0.878150
0.887125
0.895425
0.898225
0.898550
0.909875
0.916925
0.923425
0.935575
0.938425
0.939775
0.963675
0.981500
0.997175
1.001850
1.005250
1.005925
1.009425
1.010550
1.011600
1.013500
1.017325
1.038700
1.039875
1.045675
1.064075
1.065450
1.105400
1.113000
1.117575
1.118450
1.124625
1.175600
1.178850
1.214050
1.215675
1.225700
1.279150
1.291675
1.307550
1.316075
1.316725
1.319150
1.331525
1.380925
1.382375
1.403975
1.408325
1.456825
1.479450
1.488825
1.490200
1.551475
1.559550
1.563475
1.596350
1.629750
1.676750
1.684650
1.749950
1.782700
1.831075
1.981125
1.982400
2.269050
2.417250
251
