0.003625
0.007650
0.009775
0.012500
0.020075
0.029150
0.035625
0.048650
0.058675
0.063650
0.064575
0.067800
0.069850
0.078775
0.085825
0.088675
0.090775
0.097775
0.098450
0.098575
0.098925
0.099275
0.101275
0.103275
0.104025
0.105950
0.111450
0.115150
0.115425
0.116300
0.134075
0.138175
0.144025
0.148025
0.151275
0.159600
0.167775
0.169075
0.169275
0.175875
0.178600
0.183225
0.188725
0.189200
0.206675
0.212600
0.213950
0.216300
0.217175
0.226675
0.227100
0.228375
0.239750
0.242150
0.243500
0.247525
0.249675
0.252575
0.257300
0.257575
0.266050
0.267325
0.269425
0.270675
0.274475
0.283550
0.283875
0.296525
0.304750
0.305775
0.306150
0.311150
0.312300
0.314875
0.315350
0.317425
0.323850
0.331500
0.340550
0.345075
0.349275
0.353675
0.367275
0.374875
0.376550
0.378525
0.378825
0.389350
0.394150
0.395350
0.402500
0.411100
0.424425
0.425175
0.427775
0.428850
0.428950
0.429125
0.462100
0.464375
0.465850
0.469825
0.477350
0.477425
0.482150
0.491550
0.497375
0.497800
0.498625
0.502900
0.503525
0.504600
0.511800
0.513650
0.514825
0.516575
0.518400
0.533050
0.542100
0.547325
0.555725
0.566425
0.566950
0.569350
0.569650
0.574500
0.574500
0.578025
0.580975
0.584675
0.585525
0.586250
0.587950
0.588400
0.589675
0.592525
0.593150
0.594825
0.597050
0.597200
0.598575
0.601225
0.610800
0.617800
0.621000
0.621975
0.624400
0.627500
0.630350
0.635300
0.644100
0.655575
0.657125
0.661925
0.674750
0.680000
0.683275
0.689075
0.691475
0.691675
0.692575
0.694625
0.694800
0.744050
0.745575
0.748725
0.749075
0.752875
0.756625
0.761550
0.762050
0.766425
0.766700
0.770025
0.771875
0.775925
0.776325
0.777550
0.791525
0.796050
0.797200
0.798950
0.800000
0.811375
0.826525
0.836975
0.837300
0.850125
0.862325
0.865875
0.867325
0.871725
0.893400
0.896250
0.899150
0.899875
0.907150
0.923750
0.924925
0.925825
0.933300
0.939925
0.945825
0.949575
0.953800
0.958575
0.961400
0.979275
0.994225
1.000900
1.018975
1.021525
1.052575
1.054300
1.057800
1.069950
1.075100
1.077425
1.089200
1.100200
1.124625
1.141125
1.192150
1.226975
1.242050
1.245825
1.250175
1.265275
1.292175
1.305675
1.318625
1.320925
1.360250
1.378175
1.378825
1.386325
1.391225
1.411800
1.443025
1.554125
1.560250
1.599950
1.614925
1.643325
1.703600
1.830450
1.888175
1.888900
1.896950
1.907300
1.909550
251
