0.002725
0.004450
0.030675
0.037900
0.042900
0.049825
0.057075
0.058675
0.058675
0.071725
0.073550
0.074200
0.082950
0.088025
0.100300
0.102500
0.113150
0.118350
0.119075
0.122525
0.124675
0.125100
0.128075
0.136400
0.141150
0.141575
0.144300
0.150225
0.163300
0.163375
0.190700
0.192650
0.196150
0.204050
0.206975
0.211850
0.215950
0.218300
0.221575
0.233850
0.234150
0.237175
0.241400
0.243375
0.247725
0.258775
0.259900
0.260050
0.265275
0.267550
0.270625
0.272625
0.273900
0.280975
0.282100
0.284550
0.288175
0.289200
0.292475
0.292975
0.301450
0.301675
0.313550
0.313725
0.314125
0.318825
0.319650
0.322000
0.327600
0.327875
0.328625
0.344350
0.344450
0.347400
0.353175
0.360900
0.376225
0.382250
0.383800
0.388275
0.389325
0.389650
0.390150
0.402275
0.403925
0.405925
0.408475
0.415000
0.427200
0.430175
0.431050
0.435900
0.437375
0.441725
0.459400
0.470950
0.471525
0.476275
0.480525
0.480650
0.484925
0.487275
0.489500
0.492450
0.493425
0.494650
0.495150
0.500375
0.500875
0.507425
0.507625
0.520525
0.522425
0.524475
0.527325
0.530050
0.535375
0.536475
0.537625
0.541525
0.542300
0.543050
0.543275
0.545500
0.548200
0.556125
0.558475
0.562125
0.562975
0.566075
0.568575
0.571550
0.571650
0.582000
0.582925
0.588800
0.597900
0.605525
0.620325
0.622525
0.624800
0.625675
0.637025
0.663300
0.666525
0.671100
0.671275
0.672375
0.677600
0.681250
0.688725
0.691300
0.698125
0.699600
0.701200
0.713900
0.722825
0.724050
0.732100
0.734425
0.743125
0.747025
0.752150
0.752925
0.753550
0.765150
0.766025
0.767725
0.771150
0.772000
0.772000
0.775650
0.780100
0.784800
0.787300
0.788425
0.790400
0.794675
0.802150
0.806125
0.814625
0.820675
0.829375
0.835775
0.842100
0.842775
0.850925
0.852650
0.853600
0.853675
0.859125
0.860100
0.861200
0.863300
0.863500
0.867000
0.870875
0.877600
0.886800
0.887750
0.890650
0.897975
0.903100
0.912575
0.919850
0.921925
0.928250
0.929525
0.932375
0.936425
0.936875
0.951950
0.952450
0.963375
0.963500
0.981275
0.986675
1.003375
1.005750
1.010125
1.025375
1.048200
1.057050
1.064675
1.090400
1.094725
1.101175
1.118450
1.123975
1.179225
1.189650
1.189700
1.205775
1.228000
1.230350
1.247075
1.250525
1.265600
1.286175
1.294350
1.395425
1.405300
1.411225
1.419900
1.435250
1.437650
1.445075
1.457675
1.595225
1.611150
1.636400
1.676325
1.681900
1.683175
1.696650
1.698400
1.734350
1.742075
1.752950
1.821200
2.030075
2.034450
2.065025
2.437950
264
