0.002475
0.007625
0.009125
0.010950
0.012850
0.016125
0.016825
0.023325
0.024725
0.029550
0.031025
0.032325
0.039375
0.041650
0.043225
0.044925
0.045025
0.047600
0.051825
0.052325
0.054650
0.059725
0.070950
0.072150
0.077825
0.084675
0.084700
0.086750
0.087350
0.090475
0.090900
0.098050
0.106050
0.111975
0.115700
0.117300
0.117375
0.130175
0.143425
0.144050
0.145275
0.147350
0.162025
0.167075
0.170075
0.172200
0.176825
0.181525
0.193750
0.200750
0.207450
0.208025
0.209500
0.221500
0.221675
0.222075
0.236200
0.251650
0.252325
0.262475
0.264700
0.269125
0.272300
0.273650
0.275600
0.281550
0.282850
0.286800
0.288500
0.292450
0.302975
0.304375
0.310475
0.318150
0.329450
0.332625
0.345375
0.351675
0.358675
0.378450
0.379275
0.390625
0.393625
0.395150
0.400400
0.406300
0.406875
0.407350
0.407375
0.407625
0.409075
0.409250
0.410900
0.417100
0.421525
0.438725
0.443675
0.445500
0.450700
0.456425
0.457900
0.459875
0.464225
0.471550
0.472175
0.476625
0.502650
0.504125
0.513050
0.516750
0.517025
0.519175
0.528550
0.529050
0.540525
0.540925
0.544925
0.553525
0.553600
0.563550
0.564350
0.573000
0.575875
0.580200
0.582550
0.595550
0.599525
0.602475
0.602775
0.605475
0.608850
0.611350
0.618300
0.618875
0.623225
0.625925
0.628050
0.636750
0.638950
0.641250
0.647900
0.650575
0.665250
0.665275
0.665750
0.668775
0.669650
0.675725
0.678675
0.687000
0.699225
0.702150
0.702400
0.703800
0.704825
0.708675
0.717575
0.724325
0.733400
0.735225
0.738125
0.739750
0.739850
0.747175
0.755650
0.759975
0.776250
0.780500
0.784425
0.797325
0.804900
0.815900
0.832875
0.833625
0.836050
0.836900
0.840675
0.847100
0.849575
0.852775
0.859300
0.861225
0.874325
0.889475
0.890650
0.893250
0.898175
0.903600
0.925650
0.928975
0.929625
0.946575
0.953300
0.956875
0.961050
0.970225
0.977025
0.997675
1.001975
1.014300
1.028200
1.030500
1.049125
1.054500
1.058375
1.080900
1.084150
1.088850
1.106600
1.113975
1.137675
1.166675
1.191425
1.192425
1.198050
1.200475
1.209125
1.225050
1.239300
1.250725
1.267300
1.269700
1.288250
1.304650
1.325175
1.350175
1.377400
1.381275
1.392850
1.414550
1.446075
1.498150
1.564500
1.573825
1.584600
1.735600
1.741575
1.765200
1.858250
1.882600
1.892400
1.976525
2.097000
2.129400
2.133975
2.384350
246
