0.000125
0.000425
0.001275
0.007725
0.012600
0.014050
0.016325
0.025175
0.025200
0.032700
0.035950
0.041775
0.046250
0.047250
0.051025
0.051425
0.056200
0.057425
0.059100
0.060875
0.064825
0.066600
0.078550
0.083725
0.089150
0.103025
0.110450
0.115725
0.119775
0.124025
0.124625
0.135400
0.136475
0.144000
0.144950
0.156150
0.157750
0.158725
0.160625
0.168275
0.169325
0.169450
0.171775
0.182900
0.189750
0.202400
0.216950
0.224075
0.224675
0.225625
0.227350
0.235375
0.241400
0.243525
0.248950
0.256550
0.260050
0.262800
0.264125
0.267800
0.268200
0.279800
0.285150
0.292525
0.295950
0.301550
0.303750
0.305125
0.305200
0.307300
0.320250
0.327075
0.327250
0.332150
0.337475
0.340075
0.341800
0.343200
0.351975
0.354800
0.358525
0.359625
0.362250
0.366625
0.373500
0.378250
0.378775
0.379875
0.384625
0.392075
0.394650
0.395450
0.401375
0.404975
0.409550
0.410025
0.413450
0.426150
0.435525
0.441400
0.442025
0.443650
0.445925
0.462325
0.469800
0.472025
0.479400
0.485225
0.485800
0.501750
0.501825
0.501950
0.505225
0.506975
0.514400
0.514950
0.519150
0.525250
0.526825
0.530825
0.534675
0.548125
0.550850
0.551225
0.559350
0.562175
0.563450
0.572225
0.577375
0.580025
0.581775
0.582325
0.586450
0.592475
0.595300
0.595525
0.596650
0.597375
0.607100
0.608075
0.609925
0.610350
0.615350
0.619575
0.619850
0.620800
0.620900
0.626975
0.629750
0.632200
0.641550
0.644075
0.647025
0.654775
0.657925
0.658325
0.677850
0.683075
0.683125
0.687800
0.690250
0.691850
0.693000
0.695725
0.701975
0.705500
0.716050
0.720500
0.734225
0.738475
0.743000
0.749025
0.752525
0.755725
0.761225
0.764250
0.767950
0.771075
0.771575
0.771725
0.774225
0.775925
0.776200
0.782000
0.786275
0.789375
0.796775
0.797650
0.799175
0.805575
0.808875
0.809650
0.810950
0.822925
0.844575
0.845000
0.845750
0.845775
0.853225
0.854100
0.860900
0.861300
0.865600
0.872000
0.876250
0.876325
0.883450
0.883475
0.885825
0.888675
0.891275
0.898175
0.905425
0.912575
0.917150
0.926575
0.928875
0.932750
0.941525
0.942675
0.953300
0.962525
0.969975
0.976650
0.983275
0.984725
0.990050
0.991325
1.000600
1.040175
1.095975
1.099675
1.105500
1.120475
1.128850
1.133500
1.139225
1.162175
1.177425
1.178125
1.191800
1.207200
1.225825
1.245025
1.253950
1.291325
1.382100
1.386075
1.390425
1.394050
1.417525
1.421075
1.430900
1.445350
1.516975
1.555625
1.570075
1.576950
1.645925
1.671150
1.709875
1.860600
2.155125
2.413875
264
