0.006100
0.008500
0.024500
0.028400
0.034100
0.041875
0.048500
0.049950
0.059025
0.061975
0.076625
0.077000
0.079525
0.079725
0.085500
0.089925
0.093325
0.094275
0.127925
0.129475
0.138600
0.139750
0.142300
0.143275
0.146175
0.150075
0.153225
0.156300
0.161600
0.161900
0.166400
0.169325
0.175600
0.176525
0.177675
0.185950
0.186325
0.189125
0.189275
0.195325
0.196025
0.197100
0.201450
0.207950
0.211475
0.215950
0.217900
0.217975
0.221025
0.225450
0.231500
0.243150
0.257925
0.258900
0.259000
0.270900
0.274175
0.291050
0.299650
0.300525
0.303150
0.303800
0.306300
0.310050
0.312400
0.319700
0.320500
0.327650
0.332625
0.334800
0.343925
0.348975
0.349700
0.350925
0.351975
0.356200
0.391925
0.406475
0.408100
0.412150
0.413700
0.418300
0.419300
0.422700
0.423325
0.434650
0.435100
0.438675
0.444750
0.446925
0.448825
0.451225
0.451800
0.455150
0.456525
0.457200
0.458400
0.460325
0.462000
0.467475
0.470375
0.471150
0.471550
0.482025
0.489850
0.490100
0.494175
0.494550
0.494700
0.501250
0.513825
0.516875
0.516875
0.520875
0.521175
0.522250
0.539125
0.539375
0.542975
0.551175
0.551750
0.559850
0.563675
0.564825
0.565625
0.567600
0.568200
0.568700
0.571575
0.571750
0.573725
0.578250
0.583700
0.588950
0.595450
0.600525
0.606025
0.606825
0.611525
0.612400
0.621000
0.627150
0.633500
0.637075
0.645375
0.645675
0.646375
0.650300
0.655250
0.659600
0.662150
0.667275
0.671300
0.675175
0.686125
0.700825
0.702700
0.725900
0.726200
0.726775
0.730475
0.733800
0.744050
0.748600
0.749550
0.759700
0.760150
0.768775
0.770250
0.773350
0.788075
0.791925
0.796325
0.802500
0.813800
0.817075
0.822450
0.825575
0.829625
0.831075
0.831425
0.832125
0.849200
0.866775
0.873675
0.879450
0.880225
0.889200
0.913000
0.913725
0.916050
0.923750
0.927200
0.933525
0.948300
0.948600
0.958350
0.975950
0.989200
0.997800
0.998650
1.009075
1.010075
1.023150
1.029825
1.031125
1.031575
1.033900
1.054950
1.064600
1.067450
1.138675
1.154875
1.164500
1.186325
1.191450
1.201875
1.210750
1.228700
1.233725
1.234925
1.253400
1.277525
1.298950
1.299075
1.302225
1.306375
1.309850
1.331200
1.334875
1.340950
1.351925
1.362325
1.367875
1.401775
1.405325
1.425975
1.441125
1.475475
1.554725
1.643125
1.657200
1.672075
1.685075
1.702200
1.739275
1.758750
1.879150
1.937600
1.938325
1.939425
2.130075
252
