0.007325
0.011475
0.014550
0.019900
0.034650
0.037900
0.063975
0.070000
0.080100
0.086025
0.088125
0.088650
0.098750
0.098850
0.100725
0.113050
0.115125
0.121200
0.124625
0.125250
0.126375
0.143425
0.147600
0.172225
0.174250
0.191325
0.197050
0.200550
0.219575
0.226600
0.229775
0.233525
0.249750
0.258050
0.266775
0.267300
0.268500
0.273925
0.279900
0.282350
0.282550
0.290100
0.293025
0.301800
0.303850
0.309525
0.309675
0.314075
0.316975
0.328775
0.339550
0.341775
0.342650
0.346850
0.347675
0.350425
0.354675
0.357950
0.363500
0.367475
0.367800
0.370050
0.372200
0.375650
0.378275
0.381800
0.387625
0.391200
0.391200
0.398725
0.399925
0.407075
0.410225
0.410750
0.414975
0.415900
0.416275
0.420875
0.429750
0.430725
0.431750
0.447300
0.451300
0.451825
0.455850
0.457325
0.458375
0.465025
0.468525
0.474925
0.485975
0.491700
0.493225
0.494525
0.501350
0.507375
0.507425
0.508850
0.508875
0.514100
0.514800
0.515600
0.517800
0.519400
0.521025
0.521225
0.522700
0.524800
0.528600
0.530725
0.534600
0.540325
0.542150
0.543050
0.543525
0.549375
0.562425
0.563250
0.572925
0.577150
0.579725
0.581575
0.582300
0.582325
0.582775
0.590800
0.591125
0.596550
0.612525
0.613725
0.614550
0.623200
0.623275
0.623675
0.627100
0.627775
0.635025
0.636875
0.641700
0.644250
0.653325
0.658025
0.658550
0.662175
0.666925
0.667100
0.668400
0.671050
0.677575
0.678200
0.685400
0.686025
0.695925
0.697050
0.703475
0.707400
0.712050
0.714325
0.724675
0.726250
0.727050
0.730325
0.734475
0.739250
0.740650
0.740775
0.743125
0.743925
0.745600
0.745625
0.747350
0.756500
0.768425
0.768725
0.772025
0.777625
0.777900
0.780650
0.785775
0.786400
0.795650
0.796075
0.808750
0.808750
0.818175
0.822400
0.823450
0.826750
0.827500
0.833650
0.834900
0.835200
0.835300
0.852050
0.854875
0.859625
0.876450
0.879425
0.880225
0.883200
0.887175
0.890475
0.902600
0.904400
0.907925
0.910500
0.923700
0.933000
0.944775
0.946975
0.961825
0.963450
0.965625
0.968900
0.979000
0.992425
0.994900
1.000600
1.000600
1.002775
1.004650
1.007025
1.039225
1.045675
1.050150
1.065925
1.074925
1.090475
1.094200
1.097275
1.108050
1.124900
1.162400
1.169375
1.177850
1.181475
1.186375
1.187825
1.201050
1.217050
1.251575
1.278325
1.286900
1.290975
1.306850
1.315450
1.326600
1.440100
1.440900
1.466075
1.498350
1.524375
1.624775
1.750625
1.762350
1.812275
1.820475
1.970550
2.097800
2.117100
2.482650
261
