0.004375
0.004675
0.007375
0.008275
0.015025
0.018725
0.019900
0.022000
0.023075
0.031200
0.034750
0.034850
0.039200
0.046325
0.047825
0.056700
0.057250
0.058175
0.060750
0.062650
0.064075
0.066150
0.071250
0.089075
0.091600
0.096675
0.097050
0.098175
0.099525
0.105625
0.107425
0.113200
0.114575
0.115525
0.117075
0.117525
0.118225
0.134350
0.142825
0.148600
0.149475
0.150025
0.150325
0.150625
0.151050
0.161675
0.163550
0.166050
0.172475
0.178725
0.183925
0.191175
0.194050
0.195400
0.199975
0.202200
0.211400
0.212625
0.213925
0.226175
0.230050
0.235825
0.242750
0.247825
0.251900
0.256900
0.264275
0.269075
0.278400
0.282025
0.284575
0.286400
0.289400
0.292825
0.294575
0.295525
0.302600
0.305825
0.312750
0.316025
0.316750
0.327925
0.330350
0.331700
0.332200
0.333750
0.337450
0.350425
0.357025
0.362550
0.366725
0.369475
0.370450
0.373600
0.380525
0.382350
0.388875
0.389325
0.390150
0.392125
0.396700
0.396850
0.397325
0.407075
0.418275
0.423950
0.424650
0.427925
0.430575
0.432025
0.436150
0.439175
0.444750
0.449525
0.451525
0.457250
0.470575
0.471825
0.490150
0.491350
0.499250
0.503600
0.504300
0.505700
0.506825
0.507425
0.516225
0.517825
0.518350
0.521450
0.523700
0.525225
0.528500
0.530700
0.541375
0.542350
0.543025
0.543075
0.551975
0.552300
0.555750
0.557300
0.558775
0.560175
0.562200
0.578950
0.581625
0.584175
0.591100
0.601800
0.607050
0.617875
0.619000
0.620700
0.622650
0.623200
0.623550
0.628650
0.630400
0.636300
0.642475
0.650175
0.651650
0.652750
0.667975
0.670625
0.676825
0.679375
0.701375
0.703200
0.704350
0.706775
0.713300
0.716500
0.718775
0.728725
0.729975
0.734675
0.736000
0.739525
0.739775
0.741850
0.751550
0.757200
0.757575
0.762375
0.762800
0.772975
0.774275
0.777100
0.800875
0.801450
0.808350
0.812825
0.814250
0.815950
0.819525
0.819750
0.821725
0.822700
0.828825
0.830000
0.834325
0.842225
0.859975
0.862850
0.868700
0.881300
0.891325
0.902625
0.910800
0.912950
0.915975
0.936500
0.939025
0.941325
0.947925
0.948300
0.953750
0.962300
0.970925
0.990250
0.993050
0.993925
0.996625
1.004575
1.005100
1.015525
1.019575
1.030250
1.052425
1.087350
1.107525
1.110500
1.125550
1.135750
1.149975
1.156075
1.161025
1.178600
1.204575
1.206550
1.207825
1.228575
1.266375
1.269800
1.275850
1.313700
1.314225
1.334275
1.335525
1.351725
1.419425
1.425325
1.447425
1.460175
1.463675
1.470950
1.508850
1.558375
1.558575
1.563900
1.594950
1.602975
1.612475
1.712325
1.717025
1.738925
1.810125
1.821750
2.015975
2.119850
2.125300
2.128750
2.367250
275
