0.008125
0.009675
0.014025
0.030425
0.030675
0.036725
0.042450
0.050525
0.054725
0.060475
0.062225
0.062625
0.064850
0.066225
0.068525
0.075375
0.075975
0.084025
0.088425
0.090600
0.095050
0.101575
0.102150
0.116725
0.117350
0.120200
0.131800
0.134500
0.143375
0.152525
0.155275
0.159775
0.160575
0.161475
0.164475
0.167825
0.171500
0.176400
0.185925
0.188575
0.188825
0.190750
0.193500
0.204950
0.207900
0.208675
0.210000
0.216200
0.216850
0.217350
0.218150
0.218900
0.220600
0.222375
0.226250
0.226550
0.230450
0.234875
0.237600
0.239700
0.253875
0.256225
0.259175
0.259800
0.263000
0.265775
0.267475
0.272125
0.274950
0.279275
0.283175
0.284575
0.291825
0.293850
0.302975
0.306325
0.307525
0.310125
0.311425
0.332825
0.344475
0.346825
0.354175
0.364300
0.371825
0.372675
0.377550
0.386025
0.387325
0.395250
0.401725
0.407325
0.409875
0.412700
0.421525
0.426450
0.428825
0.436050
0.443625
0.448950
0.450825
0.451450
0.451775
0.452875
0.459675
0.461425
0.473875
0.474625
0.475400
0.475550
0.478625
0.480025
0.480625
0.485525
0.493375
0.497200
0.500600
0.503200
0.514475
0.515125
0.519600
0.528150
0.535025
0.536275
0.536275
0.537950
0.543150
0.543275
0.543925
0.547150
0.554325
0.557900
0.561100
0.579125
0.595750
0.597900
0.599050
0.602125
0.604800
0.610050
0.617375
0.619175
0.622275
0.623350
0.635800
0.640775
0.641975
0.643750
0.647850
0.649850
0.661750
0.670075
0.677475
0.680475
0.686775
0.690100
0.697675
0.698725
0.698950
0.709350
0.726200
0.726200
0.728425
0.736725
0.737725
0.740350
0.742850
0.747625
0.749425
0.750275
0.751425
0.752175
0.754575
0.761050
0.767575
0.775025
0.787575
0.792275
0.794200
0.813075
0.821825
0.837250
0.838400
0.839525
0.849375
0.858625
0.860525
0.861825
0.877825
0.885600
0.890025
0.891675
0.897200
0.909750
0.921475
0.928925
0.933125
0.938725
0.943750
0.946875
0.949875
0.951525
0.954000
0.955250
0.964400
0.965050
0.975725
0.977200
0.998025
1.002575
1.011300
1.013475
1.015925
1.031975
1.032250
1.047400
1.051575
1.056175
1.059250
1.070400
1.075900
1.087725
1.094225
1.099975
1.145425
1.151900
1.167025
1.183900
1.197375
1.211150
1.214050
1.228700
1.252800
1.254575
1.259525
1.263775
1.276500
1.330375
1.333100
1.341050
1.379700
1.399250
1.411225
1.418550
1.465850
1.488750
1.493625
1.504075
1.541575
1.639275
1.679650
1.715500
1.722600
1.743050
1.835300
1.948875
2.005225
2.103825
2.220375
2.465475
260
