0.002025
0.011025
0.031725
0.031950
0.033275
0.035050
0.035625
0.039425
0.048175
0.048925
0.050850
0.055375
0.059725
0.063525
0.065375
0.066025
0.073100
0.089200
0.090225
0.091475
0.092500
0.093775
0.098875
0.107350
0.109950
0.115125
0.122675
0.128650
0.129300
0.130650
0.134500
0.139925
0.152575
0.154750
0.155425
0.162200
0.163925
0.170475
0.171875
0.178050
0.184700
0.191600
0.199950
0.201000
0.203200
0.208300
0.209600
0.218900
0.221525
0.243075
0.248575
0.249850
0.251400
0.258825
0.259900
0.259900
0.264675
0.265000
0.271525
0.277875
0.281075
0.281725
0.287350
0.294675
0.300850
0.302225
0.306550
0.309425
0.313925
0.318150
0.322650
0.324400
0.326850
0.330125
0.337025
0.337650
0.357950
0.363675
0.369750
0.372250
0.386225
0.390375
0.391900
0.394925
0.399525
0.401200
0.401600
0.406150
0.408900
0.420875
0.422775
0.425300
0.427200
0.433300
0.435100
0.435950
0.444000
0.448100
0.448400
0.451375
0.453775
0.455000
0.461050
0.471825
0.475175
0.475325
0.477075
0.480175
0.480425
0.483975
0.492325
0.493000
0.504900
0.508825
0.515400
0.519250
0.520500
0.528275
0.529550
0.531175
0.536575
0.545825
0.547550
0.551625
0.554850
0.557550
0.557850
0.558425
0.563575
0.573800
0.575050
0.575500
0.577825
0.578425
0.581325
0.582150
0.587250
0.588975
0.589650
0.592175
0.593375
0.605725
0.608750
0.612100
0.612275
0.618550
0.623125
0.627525
0.636900
0.641000
0.646625
0.650100
0.661975
0.663275
0.665175
0.666000
0.674200
0.675825
0.678250
0.685375
0.689200
0.689600
0.694225
0.694300
0.699375
0.699650
0.702650
0.702775
0.706625
0.706850
0.716925
0.718225
0.718800
0.720125
0.726775
0.732750
0.740700
0.744425
0.747700
0.747850
0.756525
0.770350
0.771900
0.788925
0.791500
0.798675
0.821275
0.834150
0.835175
0.836100
0.836250
0.846600
0.847500
0.852525
0.856350
0.857500
0.860925
0.866150
0.870475
0.871000
0.872600
0.880950
0.881000
0.881650
0.886175
0.902650
0.903800
0.906250
0.910875
0.915575
0.926175
0.940400
0.946850
0.955150
0.964625
0.979150
0.979225
0.980250
0.981350
1.008175
1.035750
1.038800
1.039400
1.044900
1.045275
1.078325
1.087200
1.088725
1.098300
1.106350
1.111150
1.121900
1.134775
1.134825
1.164400
1.165975
1.189900
1.193950
1.215150
1.220950
1.228825
1.253950
1.304025
1.310200
1.319075
1.321275
1.365525
1.369450
1.370375
1.407025
1.415550
1.438800
1.486225
1.489900
1.534875
1.579950
1.618025
1.620775
1.705050
1.816475
1.823050
2.001950
2.003800
2.119625
2.122875
2.222550
2.443350
267
