0.002000
0.003750
0.006375
0.008875
0.011675
0.013275
0.015500
0.021750
0.023500
0.036275
0.038775
0.040825
0.049425
0.053875
0.060825
0.061275
0.067200
0.069050
0.075550
0.077050
0.079375
0.083700
0.088975
0.096325
0.097225
0.101175
0.102925
0.103575
0.103825
0.110825
0.114550
0.115900
0.119000
0.120125
0.124125
0.125050
0.128600
0.129325
0.135400
0.136750
0.138100
0.144625
0.150400
0.151400
0.152050
0.155550
0.166125
0.167075
0.168075
0.169950
0.170525
0.175300
0.175400
0.175500
0.178200
0.178375
0.179825
0.181925
0.189500
0.190725
0.191500
0.192550
0.195300
0.196000
0.198825
0.201450
0.203100
0.207350
0.216575
0.216950
0.219200
0.245050
0.248175
0.252300
0.254000
0.259375
0.268750
0.272125
0.274900
0.275250
0.287925
0.288900
0.292050
0.293250
0.295775
0.297700
0.309775
0.311000
0.311675
0.327575
0.329300
0.340025
0.341400
0.345650
0.358475
0.364075
0.371450
0.377975
0.397075
0.405450
0.407750
0.414750
0.415950
0.419150
0.431275
0.436600
0.437650
0.440000
0.444550
0.444775
0.461400
0.471975
0.472575
0.482175
0.484200
0.489350
0.491950
0.495050
0.495150
0.496800
0.498025
0.498975
0.505425
0.507125
0.507575
0.515900
0.525025
0.528875
0.529425
0.548850
0.551175
0.557725
0.562425
0.565825
0.566525
0.571550
0.575025
0.580025
0.580375
0.590750
0.617325
0.619550
0.621375
0.623675
0.625475
0.640300
0.644425
0.657900
0.659425
0.665250
0.666175
0.681000
0.699575
0.704900
0.706100
0.706175
0.715025
0.716900
0.722050
0.726650
0.732600
0.751350
0.753175
0.754425
0.758775
0.760875
0.765150
0.768425
0.774300
0.780775
0.782050
0.783900
0.787700
0.789875
0.790300
0.791200
0.795150
0.796350
0.798450
0.802800
0.809900
0.813625
0.814400
0.814925
0.818400
0.819950
0.822700
0.833325
0.836550
0.848400
0.857175
0.858100
0.859750
0.860975
0.862300
0.864275
0.866200
0.877150
0.888925
0.892375
0.927525
0.937625
0.938725
0.939725
0.944675
0.949650
0.961275
0.961425
0.974350
0.975025
0.978575
0.979700
0.984350
0.985200
0.987000
0.992325
0.994700
0.997500
1.004375
1.008100
1.013250
1.028675
1.045425
1.058550
1.063475
1.074750
1.081075
1.082950
1.100900
1.102975
1.110325
1.122325
1.126000
1.127000
1.129075
1.137850
1.141075
1.144850
1.158700
1.179450
1.179750
1.229875
1.251400
1.274800
1.274875
1.287625
1.328525
1.347950
1.359500
1.376575
1.387275
1.392150
1.401775
1.402925
1.421725
1.423600
1.446750
1.571250
1.673375
1.707850
1.716900
1.729000
1.966975
2.016100
2.463850
265
