0.011025
0.017475
0.023375
0.027000
0.027325
0.029750
0.032525
0.033250
0.038450
0.040300
0.040975
0.047300
0.054000
0.079975
0.084100
0.084875
0.091425
0.094400
0.095675
0.096325
0.097075
0.098275
0.098500
0.101325
0.106100
0.109675
0.110150
0.114250
0.114600
0.114650
0.114750
0.127500
0.129175
0.129675
0.131075
0.139675
0.153675
0.154650
0.156825
0.168975
0.184375
0.185450
0.187550
0.189975
0.197675
0.198325
0.200575
0.201775
0.208175
0.208275
0.227725
0.228100
0.228825
0.229700
0.234700
0.236475
0.239175
0.239300
0.240575
0.241575
0.244950
0.251800
0.256575
0.269650
0.270200
0.270250
0.271275
0.271925
0.272025
0.277500
0.296700
0.298300
0.311425
0.312475
0.316875
0.332375
0.336150
0.336850
0.347900
0.350500
0.356350
0.360300
0.369800
0.380325
0.383550
0.384275
0.394175
0.399750
0.407950
0.410900
0.413525
0.414050
0.425300
0.429875
0.438900
0.444475
0.452475
0.463775
0.468975
0.482175
0.482800
0.489450
0.498075
0.498450
0.501925
0.512450
0.518475
0.521800
0.522450
0.530125
0.534450
0.537100
0.537800
0.538550
0.538850
0.541325
0.543250
0.544025
0.547700
0.547800
0.551875
0.554900
0.557375
0.573400
0.577225
0.581800
0.588275
0.593425
0.596025
0.596700
0.597075
0.599025
0.599175
0.607350
0.609425
0.613650
0.618400
0.619375
0.625825
0.628100
0.630925
0.646600
0.653750
0.671275
0.674325
0.677675
0.677700
0.678150
0.692075
0.692075
0.692775
0.696450
0.698125
0.699250
0.701350
0.703575
0.705550
0.708650
0.709525
0.710525
0.712400
0.713100
0.724875
0.729725
0.729750
0.744700
0.747775
0.761050
0.763250
0.781875
0.782225
0.789750
0.791750
0.801625
0.802775
0.816475
0.823800
0.827875
0.829375
0.832975
0.841000
0.845125
0.848025
0.849450
0.850825
0.853400
0.856600
0.856900
0.857500
0.881675
0.883850
0.890225
0.901300
0.918650
0.934200
0.934500
0.937600
0.940075
0.941675
0.941675
0.943800
0.949325
0.950675
0.968800
0.986800
0.994200
1.006650
1.019100
1.037425
1.041775
1.044425
1.048250
1.061500
1.064050
1.080325
1.096450
1.100450
1.102400
1.114850
1.132175
1.139900
1.157225
1.183300
1.216450
1.218250
1.220175
1.220625
1.245500
1.259125
1.266175
1.274800
1.285475
1.294000
1.332775
1.369175
1.376750
1.389700
1.394750
1.489275
1.516900
1.568425
1.624200
1.640175
1.649000
1.678775
1.701975
1.702000
1.703900
1.722850
1.815350
1.833125
1.930425
2.117450
2.229150
2.320100
255
