0.001150
0.019075
0.021425
0.024900
0.026250
0.027375
0.034450
0.042925
0.047000
0.047975
0.050125
0.054850
0.059425
0.059900
0.060100
0.079000
0.083200
0.087150
0.087350
0.091875
0.093200
0.096750
0.110625
0.117200
0.118650
0.120200
0.152200
0.155650
0.169875
0.174600
0.192775
0.193550
0.202625
0.203400
0.214500
0.218075
0.225875
0.232800
0.241350
0.245950
0.250025
0.252000
0.256750
0.257950
0.262950
0.270700
0.273225
0.275225
0.276825
0.281125
0.281850
0.282450
0.288350
0.296325
0.301975
0.304275
0.318600
0.326100
0.329450
0.331500
0.335100
0.340875
0.343700
0.345250
0.346175
0.346225
0.350175
0.351250
0.356075
0.362525
0.373600
0.375000
0.378475
0.381150
0.395050
0.395050
0.407800
0.408025
0.412450
0.415550
0.417150
0.418800
0.436425
0.448500
0.449100
0.452675
0.454225
0.458050
0.459450
0.461125
0.465900
0.468600
0.478650
0.481300
0.496000
0.502800
0.506350
0.515325
0.516375
0.518575
0.519500
0.526200
0.528075
0.530675
0.532375
0.532675
0.535125
0.540350
0.562600
0.565975
0.568825
0.570525
0.574100
0.583425
0.586150
0.591650
0.592350
0.600175
0.607200
0.617350
0.623075
0.623375
0.624475
0.624825
0.625400
0.627000
0.631350
0.646475
0.649400
0.658525
0.659925
0.670800
0.683925
0.693425
0.693850
0.696100
0.698975
0.703300
0.707625
0.709175
0.712125
0.722025
0.722425
0.722550
0.723225
0.723600
0.727500
0.730075
0.731800
0.734650
0.738750
0.743625
0.748350
0.752375
0.752500
0.756350
0.757450
0.757950
0.775150
0.787375
0.793650
0.795925
0.811075
0.811825
0.812050
0.817500
0.819400
0.831725
0.840950
0.852025
0.857575
0.870350
0.878975
0.884500
0.905325
0.907625
0.914250
0.920525
0.935775
0.939725
0.969025
0.989300
0.989950
0.993275
0.993700
0.997600
0.998200
1.012975
1.026625
1.046925
1.050700
1.056650
1.081200
1.096075
1.115325
1.119325
1.119350
1.139350
1.140825
1.145600
1.148775
1.172125
1.174000
1.190725
1.196300
1.197425
1.204800
1.217250
1.259050
1.487075
1.495125
1.510200
1.515800
1.528250
1.593700
1.639600
1.747350
1.885175
1.979400
2.100975
2.119450
2.186075
2.210125
2.329425
2.440525
2.452575
226
