0.001325
0.004800
0.007350
0.008350
0.014925
0.015800
0.018200
0.019225
0.021175
0.021250
0.022575
0.023500
0.026725
0.028975
0.032500
0.035150
0.040925
0.041000
0.048200
0.049850
0.056175
0.057000
0.071350
0.073300
0.077625
0.080300
0.089550
0.091300
0.094350
0.098850
0.101425
0.103525
0.107900
0.108400
0.118625
0.122375
0.131400
0.143575
0.146125
0.153300
0.155000
0.163150
0.175025
0.189275
0.191750
0.196375
0.206225
0.212800
0.220750
0.221875
0.223450
0.225600
0.226525
0.234700
0.237075
0.239800
0.241425
0.255825
0.262425
0.265775
0.269125
0.269300
0.278925
0.280350
0.282025
0.283725
0.284000
0.295525
0.299325
0.307775
0.309825
0.313175
0.313300
0.318075
0.321800
0.322525
0.324350
0.357125
0.357225
0.364250
0.369200
0.369700
0.372050
0.376350
0.384150
0.384375
0.387100
0.397150
0.401875
0.417150
0.418225
0.418700
0.420375
0.422350
0.431375
0.432975
0.438600
0.439725
0.449625
0.460525
0.461350
0.480650
0.483275
0.485275
0.486450
0.488025
0.495650
0.508950
0.511225
0.515225
0.523650
0.530775
0.532550
0.534925
0.537575
0.540250
0.541575
0.564350
0.567150
0.569550
0.570100
0.585250
0.589425
0.595325
0.596350
0.598525
0.609875
0.610400
0.615350
0.616750
0.625475
0.629300
0.630025
0.631475
0.634025
0.634150
0.634525
0.642600
0.645875
0.655575
0.656125
0.657700
0.663250
0.665575
0.665575
0.667125
0.668500
0.669550
0.670525
0.676575
0.677475
0.677750
0.680200
0.689725
0.691700
0.693825
0.702350
0.707275
0.714650
0.716475
0.716625
0.725000
0.725025
0.727475
0.728150
0.732675
0.733250
0.741475
0.743425
0.754050
0.759950
0.772300
0.773200
0.789850
0.804125
0.808450
0.809775
0.810725
0.813125
0.824825
0.832600
0.840900
0.859425
0.859750
0.861425
0.867900
0.899200
0.899700
0.904950
0.921925
0.924450
0.924725
0.934075
0.938800
0.944075
0.958575
0.975950
1.003775
1.003975
1.031050
1.053900
1.077350
1.077975
1.084225
1.094775
1.103975
1.110825
1.137675
1.139525
1.160450
1.171000
1.173275
1.182750
1.216275
1.217550
1.224850
1.234800
1.245325
1.252800
1.268000
1.313150
1.315900
1.317100
1.326225
1.333300
1.342100
1.364150
1.379575
1.417025
1.447225
1.477025
1.480250
1.484200
1.490925
1.514150
1.515125
1.518600
1.526900
1.568650
1.606700
1.626625
1.631475
1.699500
1.754825
1.958275
2.004450
2.072775
2.188175
2.219225
2.244250
250
