0.001575
0.002925
0.010100
0.017500
0.019500
0.025800
0.026400
0.027050
0.033900
0.037250
0.046500
0.046550
0.047225
0.052725
0.075625
0.077625
0.077750
0.080275
0.085950
0.089625
0.102525
0.106000
0.110825
0.116675
0.120300
0.126750
0.129525
0.130975
0.131050
0.135300
0.136150
0.138125
0.142450
0.150500
0.154425
0.156525
0.161300
0.175525
0.182725
0.186900
0.187425
0.195250
0.203425
0.205450
0.207125
0.213075
0.213275
0.214675
0.215350
0.215725
0.216100
0.219475
0.228650
0.229550
0.235400
0.242575
0.246275
0.250475
0.262650
0.271525
0.271975
0.272475
0.276925
0.285150
0.288875
0.289500
0.292825
0.293750
0.299450
0.300775
0.306950
0.307525
0.309225
0.312750
0.325050
0.325225
0.327450
0.338150
0.338325
0.339000
0.345125
0.346275
0.347100
0.348400
0.357550
0.368225
0.372225
0.373925
0.377875
0.378075
0.378075
0.384000
0.391150
0.391300
0.392625
0.404375
0.406800
0.412975
0.418775
0.420075
0.424200
0.424850
0.429125
0.440625
0.443925
0.449300
0.455650
0.456000
0.456800
0.459275
0.462975
0.464300
0.475275
0.477775
0.481025
0.485450
0.490775
0.493200
0.498400
0.498425
0.499900
0.500775
0.509250
0.516450
0.528625
0.535700
0.539300
0.550500
0.551775
0.553100
0.559750
0.560450
0.564100
0.567475
0.576625
0.576650
0.584400
0.584950
0.588475
0.593525
0.596825
0.599775
0.602600
0.609850
0.610650
0.612725
0.624950
0.629125
0.635525
0.642850
0.646175
0.649025
0.650075
0.652700
0.655675
0.663025
0.677100
0.677525
0.683850
0.689525
0.700200
0.701750
0.702050
0.707450
0.715500
0.725150
0.746350
0.747850
0.754225
0.776350
0.779850
0.784550
0.787375
0.800150
0.803100
0.805575
0.809700
0.814450
0.814650
0.822475
0.845025
0.852950
0.858850
0.878950
0.883650
0.907325
0.907675
0.911325
0.916100
0.923350
0.931150
0.932000
0.938950
0.947650
0.961500
0.963275
0.966850
1.000175
1.012200
1.014425
1.014750
1.026825
1.038900
1.052600
1.061950
1.083575
1.098600
1.098800
1.143475
1.148100
1.189000
1.192625
1.210275
1.221350
1.224775
1.225825
1.228750
1.240175
1.242175
1.245575
1.282700
1.290850
1.303175
1.318750
1.328550
1.333500
1.336575
1.345575
1.351575
1.364100
1.376475
1.401450
1.418100
1.427200
1.440775
1.443575
1.451575
1.455825
1.476875
1.497050
1.501500
1.514000
1.525000
1.579500
1.583550
1.588425
1.667850
1.676400
1.704325
1.747000
1.791950
1.901850
1.961800
1.992225
2.064700
2.074125
2.136000
2.435650
258
