0.000350
0.015250
0.018750
0.019925
0.020475
0.021050
0.023275
0.040100
0.041350
0.043600
0.044600
0.046375
0.050825
0.052300
0.053500
0.055550
0.056975
0.060875
0.066350
0.066925
0.075125
0.084000
0.085325
0.092175
0.101500
0.102225
0.112675
0.113475
0.114050
0.114425
0.115800
0.117775
0.123200
0.135450
0.141250
0.142950
0.145800
0.146825
0.150700
0.152975
0.157000
0.162550
0.163725
0.165950
0.169575
0.173350
0.174450
0.182675
0.183425
0.183650
0.188275
0.196075
0.198500
0.200250
0.207800
0.227525
0.236000
0.250125
0.265300
0.268700
0.275825
0.276950
0.281225
0.281850
0.286350
0.288700
0.293025
0.301900
0.302025
0.303250
0.315350
0.326025
0.327125
0.330600
0.331375
0.344275
0.347725
0.347800
0.348650
0.350200
0.358600
0.368300
0.388900
0.391750
0.396625
0.397600
0.400050
0.404750
0.409350
0.416050
0.421625
0.425800
0.428250
0.462450
0.490325
0.490900
0.491700
0.492000
0.494725
0.497325
0.516450
0.518850
0.519350
0.525875
0.528750
0.533250
0.538325
0.539200
0.539275
0.540100
0.540950
0.544950
0.549350
0.555725
0.560350
0.572075
0.575100
0.582850
0.587800
0.588175
0.589175
0.591400
0.592975
0.598275
0.603375
0.606700
0.614525
0.625050
0.625325
0.629750
0.631600
0.634625
0.635450
0.638100
0.640050
0.641100
0.641525
0.646900
0.650025
0.654300
0.666300
0.672125
0.677200
0.680850
0.683425
0.684075
0.685925
0.685950
0.689875
0.701050
0.703225
0.704150
0.711000
0.725625
0.727200
0.727975
0.728625
0.729425
0.740375
0.743350
0.745950
0.754075
0.756125
0.756375
0.759150
0.775375
0.776450
0.777850
0.785275
0.790375
0.791400
0.797150
0.797425
0.804600
0.807625
0.818300
0.821200
0.832725
0.834050
0.834475
0.840000
0.856175
0.859900
0.866050
0.883750
0.901750
0.909525
0.918525
0.933650
0.936825
0.954550
0.965650
0.973750
0.974575
0.983000
0.990275
0.996250
1.013275
1.019100
1.026000
1.051500
1.059750
1.077850
1.078100
1.083075
1.093425
1.097650
1.127775
1.134050
1.156175
1.177575
1.200750
1.246425
1.264950
1.298250
1.346275
1.363525
1.367175
1.388625
1.390450
1.430325
1.452750
1.471325
1.493275
1.495050
1.511150
1.524175
1.536525
1.566475
1.594425
1.612800
1.694400
1.720000
1.730725
1.753350
1.807450
1.897450
2.002275
2.005425
2.207125
2.272675
241
