0.001850
0.004700
0.009250
0.010300
0.011025
0.014675
0.033600
0.037575
0.053750
0.059800
0.060825
0.066375
0.067225
0.070200
0.075875
0.081275
0.082350
0.082975
0.087050
0.088425
0.090075
0.098550
0.109025
0.110000
0.112225
0.115300
0.116375
0.118175
0.127675
0.128075
0.138675
0.139050
0.156425
0.157625
0.158825
0.160925
0.178650
0.186500
0.186900
0.187700
0.188375
0.193325
0.195475
0.197800
0.198175
0.202850
0.204750
0.218525
0.234725
0.236450
0.240350
0.246350
0.253825
0.253875
0.262500
0.264850
0.271950
0.273375
0.276500
0.308725
0.315225
0.320200
0.320350
0.320700
0.321650
0.324525
0.324800
0.329625
0.333950
0.334125
0.336225
0.338850
0.341750
0.342150
0.350950
0.355500
0.360975
0.368900
0.374750
0.380725
0.383800
0.384375
0.387575
0.389475
0.391425
0.399725
0.400325
0.400350
0.403325
0.422875
0.429950
0.435475
0.435500
0.438125
0.441775
0.446700
0.448175
0.450325
0.463625
0.464125
0.467575
0.468350
0.469850
0.478000
0.484500
0.492225
0.499700
0.502850
0.508625
0.529200
0.536075
0.539900
0.540400
0.541975
0.545950
0.555500
0.561600
0.564550
0.564850
0.571725
0.571950
0.572700
0.575300
0.580375
0.580725
0.582825
0.590675
0.594275
0.601675
0.601825
0.602600
0.606575
0.613800
0.616500
0.618875
0.623150
0.632525
0.633975
0.641300
0.642975
0.648225
0.655775
0.660800
0.678050
0.680775
0.682700
0.687325
0.691300
0.699975
0.700375
0.705925
0.710275
0.714700
0.719225
0.720600
0.721500
0.732750
0.735050
0.737675
0.739875
0.742925
0.742950
0.755150
0.758525
0.769325
0.777925
0.781700
0.783025
0.783425
0.794850
0.802475
0.812725
0.813825
0.819425
0.829100
0.832150
0.832625
0.838075
0.840975
0.850825
0.852625
0.859100
0.861175
0.861350
0.868125
0.881350
0.892100
0.894450
0.896875
0.896900
0.902750
0.903775
0.918100
0.918550
0.955650
0.959800
0.961925
0.982925
0.983500
0.994875
1.000650
1.001625
1.004475
1.014875
1.024875
1.042825
1.045350
1.067800
1.072075
1.089925
1.127800
1.128150
1.132025
1.144050
1.166175
1.178300
1.180525
1.220875
1.221075
1.288750
1.289625
1.305400
1.317300
1.319550
1.323475
1.329975
1.342850
1.360625
1.367075
1.369625
1.414425
1.420025
1.504400
1.531175
1.620025
1.651200
1.651600
1.795425
1.807425
1.832400
1.858000
1.884825
2.002850
2.179500
2.442900
245
