0.021750
0.024950
0.026675
0.029750
0.030275
0.032900
0.044350
0.046750
0.050200
0.058175
0.060700
0.062775
0.082175
0.082350
0.085325
0.096550
0.096625
0.099925
0.110675
0.112600
0.116075
0.116300
0.126225
0.136700
0.138425
0.147575
0.153100
0.155875
0.156000
0.160225
0.160525
0.161575
0.169400
0.174925
0.176525
0.178625
0.179350
0.179725
0.189225
0.195700
0.204450
0.204850
0.206500
0.206575
0.212425
0.219500
0.223950
0.225150
0.230950
0.240225
0.241175
0.242875
0.246850
0.250075
0.253900
0.272650
0.272900
0.277150
0.278875
0.279450
0.287325
0.287500
0.296525
0.300625
0.303550
0.310375
0.312775
0.317925
0.322225
0.326250
0.326800
0.326850
0.346050
0.359300
0.359500
0.360075
0.364100
0.371400
0.371700
0.376375
0.383050
0.385550
0.388600
0.393800
0.398900
0.407325
0.409675
0.416675
0.417625
0.420100
0.425125
0.429375
0.434125
0.434625
0.443300
0.446825
0.447025
0.448050
0.448875
0.449050
0.452475
0.457650
0.461475
0.461725
0.461775
0.465125
0.465150
0.465625
0.468375
0.469325
0.469775
0.472425
0.488150
0.499750
0.510025
0.510525
0.513425
0.519925
0.522150
0.534700
0.534700
0.536700
0.537775
0.548600
0.565225
0.566725
0.569800
0.580100
0.580575
0.582725
0.587325
0.591975
0.595800
0.596675
0.602850
0.606825
0.614675
0.630600
0.636675
0.641825
0.647050
0.651025
0.661525
0.665450
0.672175
0.675025
0.678150
0.684825
0.699775
0.705675
0.706200
0.713100
0.713150
0.722900
0.723275
0.733925
0.741925
0.749450
0.751175
0.762250
0.763125
0.764625
0.766125
0.771250
0.778125
0.780325
0.785150
0.789900
0.793525
0.798975
0.799000
0.801000
0.802100
0.802150
0.811975
0.816400
0.825375
0.830075
0.832100
0.840275
0.847350
0.847950
0.849975
0.850025
0.852100
0.852750
0.866850
0.869925
0.878275
0.878825
0.881375
0.882250
0.886475
0.889200
0.890325
0.894175
0.897475
0.920300
0.929375
0.934725
0.937775
0.959175
0.961225
0.962550
0.970125
0.996925
1.014225
1.023200
1.026825
1.026975
1.055575
1.062050
1.088050
1.104875
1.116075
1.123925
1.126800
1.129200
1.147400
1.157175
1.169550
1.175275
1.193675
1.209700
1.232825
1.233900
1.252675
1.258325
1.286325
1.286600
1.287500
1.289125
1.297550
1.328625
1.350375
1.382475
1.392175
1.447625
1.449175
1.455075
1.482775
1.483900
1.508000
1.513050
1.529700
1.581675
1.602475
1.663275
1.747550
1.784575
2.062550
2.141125
252
