0.014350
0.014550
0.028175
0.032900
0.033550
0.035425
0.037525
0.044250
0.049325
0.057225
0.071875
0.071975
0.074550
0.074950
0.079575
0.080225
0.093025
0.093525
0.095300
0.095550
0.097650
0.103150
0.106550
0.110900
0.115125
0.117650
0.125100
0.131850
0.132575
0.137675
0.150950
0.152325
0.176600
0.186125
0.189400
0.189825
0.190950
0.195025
0.199975
0.200325
0.207175
0.210000
0.213850
0.215775
0.216050
0.217700
0.223875
0.228625
0.232900
0.236500
0.237150
0.237675
0.245250
0.268600
0.268675
0.268750
0.269550
0.287475
0.291325
0.296950
0.297475
0.306175
0.306550
0.311125
0.311300
0.316550
0.321000
0.324500
0.334075
0.339175
0.343975
0.347175
0.347325
0.350350
0.350475
0.350850
0.360000
0.364175
0.364850
0.370125
0.373825
0.376275
0.378150
0.392300
0.392925
0.419425
0.427075
0.429925
0.430275
0.452300
0.452975
0.457975
0.459475
0.464600
0.465125
0.468500
0.474000
0.477125
0.477625
0.482650
0.492650
0.495400
0.498650
0.510150
0.527325
0.539975
0.541025
0.542800
0.548725
0.557900
0.559275
0.565950
0.565975
0.567550
0.572925
0.572975
0.573375
0.578125
0.579400
0.585675
0.587325
0.587525
0.593450
0.594125
0.597400
0.597775
0.602950
0.603200
0.613400
0.623875
0.627175
0.635175
0.639975
0.640750
0.642050
0.642750
0.646450
0.656350
0.661075
0.661950
0.663400
0.669425
0.680175
0.680400
0.681425
0.684325
0.685950
0.687750
0.692775
0.697075
0.700475
0.702875
0.705425
0.707025
0.709525
0.710650
0.710750
0.712775
0.713225
0.731475
0.742775
0.755500
0.758075
0.764800
0.766825
0.768050
0.768150
0.770850
0.779075
0.784225
0.813650
0.818800
0.819525
0.823600
0.824250
0.828225
0.829400
0.829500
0.832625
0.853850
0.860375
0.863250
0.876375
0.883650
0.889450
0.890350
0.891650
0.896350
0.900925
0.907050
0.915625
0.922250
0.924800
0.928750
0.928900
0.938300
0.940475
0.951325
0.966025
0.970225
0.975375
1.007725
1.010775
1.019675
1.030025
1.030825
1.034500
1.039200
1.063075
1.065950
1.066900
1.071725
1.079100
1.095800
1.112950
1.117200
1.131475
1.148225
1.158000
1.168875
1.201350
1.213750
1.218975
1.231850
1.236800
1.240100
1.259250
1.308925
1.319350
1.321600
1.324100
1.325600
1.345750
1.349425
1.350225
1.381175
1.400425
1.405500
1.443575
1.446625
1.452875
1.476400
1.498175
1.517000
1.521600
1.544325
1.556825
1.577425
1.605775
1.634625
1.707625
1.728075
1.769550
1.785350
1.827800
1.849525
1.908850
1.931950
2.134725
259
