0.000550
0.017725
0.021925
0.022425
0.022900
0.023800
0.025400
0.027775
0.028550
0.030275
0.040575
0.043675
0.047525
0.052075
0.053325
0.061075
0.061675
0.062325
0.065550
0.067775
0.069575
0.073450
0.075250
0.081775
0.091150
0.092225
0.094425
0.098950
0.099225
0.107425
0.109150
0.118100
0.122425
0.143900
0.149450
0.149550
0.149650
0.160825
0.165100
0.173575
0.184375
0.196375
0.199775
0.201825
0.203025
0.215675
0.215825
0.216100
0.216200
0.221125
0.224775
0.226050
0.234275
0.234375
0.249800
0.250875
0.251725
0.260150
0.260175
0.265375
0.267150
0.273375
0.275100
0.278575
0.279150
0.280175
0.281775
0.285800
0.290525
0.304050
0.317325
0.321500
0.325100
0.331875
0.348225
0.356000
0.362175
0.365275
0.369150
0.376925
0.378650
0.383025
0.384175
0.386950
0.387225
0.392650
0.397350
0.403850
0.407950
0.408375
0.412225
0.413650
0.420850
0.423425
0.425975
0.432300
0.434100
0.441075
0.444400
0.444900
0.446700
0.452500
0.452675
0.453775
0.470925
0.477675
0.479050
0.486300
0.491425
0.492950
0.496300
0.505525
0.505975
0.510225
0.515500
0.515750
0.519000
0.522100
0.537275
0.552775
0.556475
0.560100
0.567375
0.582700
0.583475
0.585375
0.589450
0.591125
0.591750
0.592000
0.597025
0.599900
0.603050
0.605625
0.609350
0.613550
0.615775
0.619975
0.629375
0.636850
0.642175
0.650250
0.656375
0.663450
0.671975
0.677925
0.681325
0.697475
0.698400
0.698925
0.699025
0.703975
0.706850
0.717350
0.730400
0.733100
0.734625
0.737025
0.741600
0.747200
0.751800
0.753575
0.753675
0.754800
0.755025
0.755375
0.755700
0.764600
0.766975
0.767075
0.769825
0.771275
0.771925
0.775425
0.777200
0.778650
0.785650
0.787925
0.788575
0.798525
0.802700
0.802775
0.803800
0.809800
0.813925
0.820125
0.822500
0.840625
0.845750
0.846075
0.847975
0.855975
0.856725
0.859600
0.861025
0.865450
0.874125
0.875825
0.882025
0.882300
0.885050
0.886950
0.895650
0.900375
0.905275
0.906050
0.920525
0.924375
0.924625
0.950650
0.974450
0.986675
0.989575
0.995250
1.015425
1.026725
1.029450
1.063125
1.065950
1.072775
1.095350
1.097850
1.125100
1.132350
1.137375
1.138675
1.139075
1.147200
1.151425
1.152250
1.153225
1.159150
1.163425
1.168800
1.186525
1.189450
1.210000
1.234400
1.262925
1.289175
1.298900
1.305800
1.331600
1.356300
1.369750
1.371750
1.392850
1.403550
1.441450
1.468375
1.477825
1.579275
1.609675
1.617525
1.661750
1.718050
2.096625
2.295300
258
