0.003500
0.006700
0.010075
0.012900
0.013100
0.021775
0.021850
0.030900
0.036275
0.042825
0.046525
0.048650
0.051800
0.058700
0.061000
0.068575
0.071925
0.077600
0.083800
0.088875
0.096350
0.106425
0.110375
0.111025
0.113650
0.113900
0.114250
0.127800
0.134325
0.135175
0.136450
0.139125
0.148550
0.154675
0.166625
0.171700
0.178400
0.185450
0.206975
0.213475
0.216225
0.219750
0.219975
0.221875
0.225875
0.227400
0.229325
0.230750
0.235025
0.244000
0.248650
0.265125
0.276475
0.277275
0.279000
0.301025
0.312575
0.313150
0.324050
0.339475
0.343075
0.350100
0.352275
0.357975
0.362625
0.367350
0.368325
0.369125
0.383825
0.385500
0.387225
0.391025
0.392275
0.394475
0.394475
0.396900
0.397075
0.400725
0.408075
0.418525
0.427050
0.430600
0.432475
0.438325
0.442075
0.442400
0.454825
0.456075
0.457225
0.467275
0.469775
0.472725
0.472800
0.477300
0.480900
0.482675
0.487275
0.488875
0.491375
0.515500
0.522775
0.533525
0.549925
0.566475
0.576575
0.578625
0.585025
0.587125
0.589400
0.594000
0.606200
0.607375
0.612850
0.613900
0.616525
0.624000
0.629225
0.634925
0.635125
0.641400
0.646250
0.646500
0.647275
0.652900
0.654225
0.668475
0.670525
0.670900
0.671700
0.672075
0.674175
0.677500
0.683550
0.687375
0.687375
0.687425
0.690650
0.690875
0.695400
0.698275
0.702625
0.703950
0.707200
0.708825
0.715300
0.716875
0.725325
0.728575
0.730300
0.741475
0.743275
0.747200
0.752125
0.752675
0.763300
0.764850
0.764925
0.766275
0.768925
0.773975
0.777725
0.780000
0.791175
0.795875
0.803150
0.806825
0.807975
0.811300
0.816650
0.821000
0.829125
0.839200
0.847050
0.852650
0.853200
0.853300
0.855675
0.859750
0.859875
0.861325
0.862525
0.871225
0.877725
0.885500
0.892000
0.902250
0.907400
0.910350
0.913675
0.915450
0.919525
0.923025
0.931100
0.939950
0.948500
0.964925
0.977125
1.003200
1.004625
1.019550
1.025775
1.032600
1.036600
1.044350
1.057475
1.077950
1.091175
1.126275
1.151975
1.183525
1.213525
1.215150
1.225650
1.258200
1.268525
1.300175
1.303275
1.304475
1.339650
1.354325
1.391775
1.425875
1.474900
1.484900
1.485200
1.523200
1.637525
1.698325
1.815650
1.903300
2.044650
2.059975
2.255950
2.281200
234
