0.005750
0.010225
0.010925
0.022925
0.025625
0.027325
0.030050
0.032550
0.034200
0.037950
0.041775
0.051625
0.057875
0.065325
0.073075
0.085725
0.101400
0.113375
0.130675
0.132700
0.143975
0.163275
0.172550
0.173475
0.195175
0.196625
0.197725
0.199600
0.202225
0.209575
0.219125
0.224850
0.237800
0.242150
0.252050
0.253075
0.254900
0.267475
0.270025
0.271175
0.280450
0.283375
0.290325
0.292800
0.297300
0.298625
0.300225
0.319600
0.321550
0.328375
0.334100
0.334575
0.360175
0.361125
0.364600
0.371150
0.383125
0.384325
0.387400
0.388800
0.390950
0.393650
0.396275
0.400075
0.401500
0.401875
0.403875
0.404675
0.407375
0.408775
0.411400
0.425225
0.435775
0.437000
0.440350
0.441100
0.444025
0.444575
0.448100
0.451500
0.452750
0.453775
0.456775
0.457375
0.460525
0.464150
0.464700
0.466225
0.471725
0.471900
0.478025
0.486225
0.490250
0.506025
0.513500
0.517575
0.520475
0.523400
0.528925
0.529750
0.532500
0.543375
0.544625
0.548550
0.549775
0.550225
0.551350
0.555225
0.557675
0.559725
0.561250
0.563750
0.565925
0.567350
0.571000
0.573750
0.584725
0.591500
0.595175
0.596750
0.601600
0.602650
0.604675
0.611725
0.612775
0.615275
0.616025
0.618875
0.629000
0.631525
0.633125
0.634675
0.639275
0.639975
0.640350
0.643525
0.651125
0.655625
0.657800
0.657925
0.660375
0.664100
0.666325
0.667075
0.672100
0.679375
0.682250
0.685025
0.688000
0.690450
0.699175
0.700125
0.705500
0.706350
0.710775
0.714625
0.716450
0.723100
0.727050
0.733750
0.735075
0.753650
0.763450
0.763900
0.766125
0.774425
0.777550
0.781625
0.785175
0.790400
0.800125
0.803075
0.804025
0.807450
0.811725
0.820550
0.822350
0.825750
0.828500
0.835925
0.846500
0.847525
0.857425
0.866475
0.873650
0.877075
0.885675
0.889675
0.903550
0.908050
0.909575
0.911575
0.918225
0.924150
0.930075
0.930500
0.950700
0.964900
0.971275
0.979625
0.992375
0.994000
1.015625
1.016725
1.028125
1.032000
1.034900
1.035800
1.036100
1.049275
1.051375
1.054100
1.067500
1.104850
1.110225
1.110900
1.115200
1.119700
1.144675
1.173275
1.198450
1.201800
1.208200
1.229275
1.231175
1.246925
1.249700
1.250675
1.275975
1.277200
1.280650
1.300050
1.302975
1.351025
1.363550
1.385850
1.393350
1.422675
1.431875
1.438150
1.453550
1.455525
1.462800
1.524450
1.540075
1.645050
1.712525
1.713075
1.735975
1.796400
1.827050
2.064725
2.096075
2.204675
2.223025
255
