0.000475
0.003725
0.010950
0.023225
0.026675
0.039750
0.046325
0.054775
0.056800
0.059750
0.068225
0.069750
0.084075
0.085775
0.086525
0.086600
0.093075
0.099375
0.104275
0.104775
0.105375
0.110650
0.110975
0.121075
0.122375
0.124450
0.132100
0.133100
0.134950
0.135200
0.136675
0.139675
0.142500
0.148300
0.155725
0.156900
0.170500
0.174025
0.181700
0.183750
0.186350
0.188975
0.189225
0.191025
0.193050
0.195025
0.196600
0.212050
0.213525
0.221350
0.221625
0.224875
0.226700
0.230400
0.231650
0.235225
0.239175
0.242100
0.246575
0.247775
0.251150
0.267900
0.283475
0.284300
0.286900
0.288525
0.299600
0.299675
0.301325
0.304825
0.307575
0.311100
0.311525
0.312225
0.316825
0.322150
0.323275
0.323950
0.328275
0.331300
0.332425
0.336875
0.338575
0.340250
0.340400
0.350400
0.355125
0.360125
0.360450
0.363200
0.370375
0.373125
0.378000
0.382325
0.385425
0.387375
0.397750
0.398000
0.416775
0.424425
0.424800
0.425025
0.426900
0.434400
0.440900
0.453750
0.455875
0.461800
0.465550
0.469375
0.480800
0.496575
0.498425
0.499900
0.501150
0.506025
0.517150
0.527125
0.528225
0.531100
0.533375
0.540775
0.541600
0.549800
0.550000
0.552800
0.555475
0.559350
0.561375
0.563225
0.564300
0.565125
0.567875
0.568050
0.582550
0.584850
0.585325
0.619375
0.620575
0.623825
0.626400
0.631800
0.641275
0.647450
0.647825
0.647975
0.650750
0.651650
0.652325
0.652575
0.656950
0.668075
0.669050
0.669550
0.671850
0.680075
0.688050
0.691500
0.703575
0.704025
0.705050
0.707675
0.709500
0.713625
0.714325
0.720850
0.724450
0.726650
0.732700
0.733850
0.742700
0.748075
0.748925
0.750400
0.752375
0.764200
0.794325
0.795300
0.795950
0.801375
0.804550
0.818650
0.820975
0.826025
0.826325
0.829350
0.830300
0.833800
0.853200
0.860525
0.862650
0.867075
0.871825
0.883300
0.884825
0.896400
0.896925
0.914375
0.920375
0.950625
0.954650
0.966075
0.975775
0.982875
1.004550
1.011625
1.012800
1.015200
1.019775
1.024000
1.036350
1.049125
1.076475
1.086075
1.089725
1.113075
1.119050
1.119525
1.119800
1.122350
1.122875
1.133675
1.134750
1.145725
1.164775
1.200250
1.203900
1.225475
1.235725
1.261700
1.262325
1.263725
1.280875
1.283000
1.340950
1.381175
1.410900
1.458150
1.474875
1.533450
1.595600
1.626575
1.629325
1.645625
1.697075
1.714950
1.763125
1.797700
1.825300
1.831475
2.132650
2.402525
252
