0.004925
0.006975
0.008850
0.009500
0.015475
0.020975
0.026125
0.039650
0.049450
0.052825
0.060050
0.060825
0.081975
0.087000
0.088400
0.099975
0.101750
0.102300
0.106425
0.110125
0.126975
0.134750
0.143800
0.145275
0.145625
0.152300
0.157425
0.163525
0.164625
0.173650
0.174525
0.177650
0.178025
0.180500
0.180650
0.189025
0.195625
0.196050
0.202225
0.202575
0.202775
0.211925
0.219250
0.221775
0.225475
0.227175
0.236125
0.236750
0.239325
0.240000
0.245275
0.248225
0.249700
0.258750
0.259425
0.259700
0.260125
0.264025
0.274100
0.275250
0.279500
0.281025
0.287100
0.287550
0.293100
0.305675
0.306200
0.310575
0.313275
0.315025
0.316300
0.321700
0.322125
0.326075
0.331925
0.333900
0.344050
0.352775
0.355425
0.365725
0.369525
0.369550
0.371700
0.374125
0.374350
0.375125
0.383725
0.386525
0.387375
0.387750
0.387800
0.396900
0.399925
0.403075
0.405575
0.409375
0.411875
0.427450
0.428775
0.438000
0.449850
0.457850
0.465150
0.465750
0.467150
0.473925
0.478050
0.481275
0.482975
0.483675
0.489100
0.490525
0.494250
0.497950
0.497950
0.499475
0.499625
0.509525
0.518100
0.522225
0.528500
0.528850
0.550000
0.562725
0.563025
0.567700
0.569875
0.571900
0.572275
0.575250
0.581800
0.583250
0.585150
0.587150
0.589500
0.592350
0.594650
0.600850
0.601375
0.607250
0.610400
0.611175
0.615575
0.617775
0.631550
0.651600
0.652800
0.653825
0.655600
0.657225
0.660225
0.663700
0.666100
0.666450
0.668300
0.676725
0.678850
0.679050
0.685550
0.689175
0.690725
0.701125
0.703175
0.707250
0.708200
0.709525
0.713800
0.720475
0.721075
0.721375
0.729400
0.733000
0.734650
0.738350
0.744400
0.749900
0.749925
0.750875
0.757350
0.774075
0.780450
0.786675
0.796800
0.803675
0.808100
0.811175
0.811400
0.814575
0.816125
0.818650
0.829900
0.830650
0.831675
0.833800
0.844025
0.845200
0.851900
0.860725
0.868975
0.877675
0.880500
0.900150
0.902450
0.915875
0.916875
0.922475
0.934075
0.945350
0.946525
0.947925
0.954675
0.955075
0.955450
0.978250
0.990575
0.991975
0.996425
0.999875
1.015900
1.017450
1.018125
1.039775
1.053475
1.053700
1.060750
1.067125
1.081050
1.124575
1.138675
1.147750
1.156725
1.157075
1.159450
1.177950
1.183925
1.204375
1.204875
1.236750
1.237350
1.263800
1.264775
1.267475
1.269675
1.286250
1.290475
1.291925
1.301650
1.320550
1.322975
1.326275
1.333425
1.346000
1.354775
1.375575
1.405225
1.406450
1.490875
1.523650
1.557325
1.622500
1.643875
1.664175
1.668200
1.675775
1.700950
1.861675
1.892375
1.929100
1.966675
2.169900
2.254625
271
