0.003775
0.004125
0.007225
0.007875
0.009375
0.015125
0.016050
0.017275
0.017775
0.020100
0.020975
0.024325
0.025500
0.025650
0.027250
0.033425
0.043775
0.052325
0.054575
0.056100
0.058900
0.060150
0.065225
0.065425
0.067500
0.068125
0.081850
0.088000
0.088025
0.088075
0.092625
0.103550
0.103875
0.104900
0.105625
0.113675
0.116450
0.116750
0.121700
0.131525
0.131850
0.134675
0.135650
0.148275
0.159725
0.162075
0.163200
0.165375
0.180900
0.183000
0.185375
0.187775
0.187950
0.189575
0.197450
0.209475
0.217000
0.219775
0.223050
0.223350
0.230125
0.231650
0.234900
0.235425
0.237900
0.238350
0.242075
0.245500
0.250675
0.251450
0.251450
0.252650
0.255325
0.260475
0.263525
0.266075
0.268200
0.275025
0.280400
0.286975
0.291300
0.291800
0.292075
0.299200
0.301675
0.303300
0.305775
0.309175
0.311275
0.318050
0.319025
0.326750
0.330325
0.334250
0.335775
0.338200
0.339275
0.341775
0.344025
0.348425
0.351800
0.356175
0.363550
0.363775
0.373500
0.375950
0.376175
0.376600
0.378225
0.378375
0.382500
0.388000
0.388600
0.390175
0.390400
0.393725
0.395200
0.397300
0.397550
0.400950
0.408125
0.414150
0.414275
0.418450
0.421975
0.433500
0.447025
0.454475
0.455975
0.467125
0.470450
0.470600
0.473475
0.485950
0.492175
0.497275
0.502000
0.507850
0.512200
0.513125
0.519150
0.527800
0.532250
0.540725
0.544525
0.555725
0.557775
0.559200
0.559225
0.561075
0.564800
0.571575
0.572375
0.574850
0.576125
0.579000
0.580600
0.586575
0.592150
0.592450
0.593400
0.595475
0.597600
0.603775
0.610875
0.611675
0.614025
0.615225
0.621175
0.621375
0.622175
0.627625
0.631175
0.642325
0.645275
0.647375
0.649225
0.649575
0.665650
0.667175
0.668650
0.672075
0.678975
0.681900
0.683225
0.685500
0.686275
0.686650
0.688775
0.692125
0.702425
0.707650
0.709625
0.713350
0.718100
0.732275
0.734350
0.735250
0.744500
0.746050
0.747000
0.749150
0.754175
0.755550
0.761675
0.763125
0.764600
0.771925
0.776525
0.780625
0.793825
0.796850
0.803625
0.814650
0.819925
0.836875
0.837950
0.845100
0.845725
0.846500
0.863875
0.864675
0.868075
0.871850
0.873850
0.879350
0.879550
0.892950
0.917500
0.918050
0.918150
0.918350
0.921175
0.924325
0.931025
0.943900
0.951450
0.964900
0.966175
0.966525
0.993400
0.997050
1.006050
1.044250
1.064875
1.068950
1.074300
1.077350
1.080700
1.084725
1.085350
1.088275
1.092025
1.092275
1.123425
1.133350
1.139975
1.149100
1.168175
1.178925
1.199125
1.220225
1.224925
1.233800
1.258225
1.290975
1.308075
1.315525
1.325650
1.332000
1.395150
1.478125
1.552725
1.566450
1.620000
1.627525
1.700825
1.805875
1.890825
1.945200
1.946525
2.005350
2.136475
2.211300
284
