0.000500
0.002350
0.007125
0.009100
0.012475
0.017450
0.025475
0.026900
0.033200
0.034000
0.034050
0.040400
0.044825
0.047025
0.047400
0.047550
0.047800
0.048275
0.048950
0.051475
0.055050
0.055725
0.060600
0.062425
0.062775
0.063300
0.066450
0.068875
0.070750
0.075350
0.076275
0.078975
0.096175
0.097425
0.099800
0.108050
0.127650
0.131725
0.133175
0.135875
0.142350
0.148475
0.156400
0.163375
0.163875
0.183900
0.184825
0.208175
0.211525
0.216200
0.226275
0.227975
0.232700
0.235750
0.236200
0.237875
0.238125
0.246425
0.251175
0.262725
0.264150
0.266850
0.270650
0.272175
0.277975
0.282275
0.282950
0.286550
0.300350
0.304325
0.305050
0.310950
0.313500
0.316000
0.333575
0.340325
0.346525
0.347175
0.347250
0.348050
0.349800
0.352600
0.365300
0.365700
0.368075
0.369800
0.370175
0.379725
0.380100
0.380100
0.384850
0.388775
0.398775
0.399250
0.405850
0.412550
0.416950
0.421550
0.424500
0.429875
0.432150
0.445900
0.455850
0.462075
0.464875
0.475575
0.477275
0.480800
0.487175
0.494575
0.500575
0.518825
0.521250
0.522175
0.522275
0.524175
0.527275
0.530625
0.531950
0.534425
0.536075
0.537650
0.541525
0.541625
0.546400
0.546725
0.551325
0.552850
0.554700
0.554775
0.562425
0.563025
0.563400
0.565375
0.577975
0.588225
0.596100
0.605350
0.606000
0.626400
0.628300
0.631075
0.632325
0.635200
0.635900
0.638000
0.650225
0.650375
0.650775
0.655375
0.656150
0.657325
0.660650
0.662400
0.662750
0.666050
0.667100
0.670675
0.672375
0.690350
0.691550
0.696450
0.698450
0.699150
0.705575
0.710700
0.714450
0.714525
0.719450
0.723325
0.723650
0.725425
0.725425
0.731525
0.733300
0.734100
0.736375
0.744550
0.748825
0.749900
0.758300
0.762650
0.763075
0.763900
0.767175
0.768450
0.772050
0.775275
0.791050
0.791700
0.802950
0.808525
0.810725
0.816275
0.821400
0.824450
0.828525
0.829575
0.836675
0.844175
0.866825
0.868275
0.869175
0.869250
0.870525
0.875575
0.877525
0.894725
0.895775
0.896725
0.899150
0.900450
0.916500
0.916675
0.917200
0.930675
0.937850
0.938900
0.967425
0.969350
0.991125
1.003375
1.029175
1.044425
1.053550
1.067225
1.074475
1.080575
1.081025
1.087800
1.132400
1.169350
1.176325
1.178800
1.182975
1.192950
1.198250
1.198900
1.212375
1.212775
1.232175
1.235200
1.305300
1.343775
1.360575
1.365925
1.380650
1.473500
1.474050
1.482825
1.501200
1.517750
1.541125
1.544475
1.573550
1.626050
1.628425
1.643225
1.689350
1.753850
1.808800
1.857125
1.861375
1.878175
1.900450
2.053150
2.267975
2.469925
268
