0.004450
0.006200
0.007450
0.015550
0.018950
0.031400
0.033200
0.037450
0.051475
0.052775
0.066675
0.071275
0.072350
0.080050
0.089450
0.101400
0.112525
0.136350
0.151775
0.165475
0.168225
0.169200
0.170125
0.176175
0.180400
0.180500
0.184650
0.190375
0.199075
0.204250
0.212700
0.222125
0.223750
0.225350
0.228975
0.230700
0.231325
0.231475
0.245175
0.257350
0.258575
0.274050
0.290875
0.291050
0.291075
0.294450
0.296250
0.301650
0.303350
0.304750
0.311025
0.312875
0.321375
0.321500
0.327300
0.329575
0.338100
0.349825
0.353950
0.354600
0.369050
0.371625
0.373300
0.386850
0.395775
0.400725
0.404350
0.405400
0.406300
0.428250
0.434425
0.437575
0.443050
0.446450
0.446975
0.452400
0.459075
0.470500
0.477875
0.477900
0.485850
0.492850
0.495050
0.517325
0.526875
0.531700
0.532075
0.532450
0.537825
0.543225
0.552975
0.557650
0.561700
0.565825
0.568575
0.570850
0.575575
0.582725
0.588700
0.590650
0.592000
0.593700
0.598700
0.600250
0.601525
0.604225
0.606625
0.609600
0.610925
0.612275
0.615625
0.616025
0.621275
0.622050
0.631975
0.634625
0.640400
0.650025
0.650425
0.650875
0.651275
0.655450
0.657150
0.660000
0.660925
0.661075
0.662425
0.664725
0.665100
0.685825
0.687150
0.690650
0.700500
0.704075
0.707850
0.714150
0.719575
0.720125
0.728125
0.730825
0.735350
0.736550
0.738725
0.743425
0.744750
0.748850
0.750200
0.757325
0.757375
0.762425
0.773825
0.774175
0.781775
0.790175
0.802225
0.802725
0.816000
0.818300
0.819650
0.825700
0.826350
0.835575
0.838425
0.840575
0.844325
0.847250
0.852575
0.855625
0.861350
0.862425
0.868050
0.879875
0.888575
0.896100
0.909350
0.914375
0.916800
0.924300
0.938875
0.940650
0.940775
0.950175
0.951450
0.956425
0.968825
0.982925
0.991675
0.998825
1.000275
1.002625
1.019175
1.028500
1.041425
1.045025
1.069500
1.072675
1.096625
1.103575
1.103800
1.109725
1.122975
1.126725
1.128600
1.135800
1.166450
1.196525
1.201375
1.223600
1.226450
1.230925
1.240925
1.243225
1.247600
1.248475
1.253100
1.281400
1.308650
1.341775
1.378250
1.380225
1.427550
1.451875
1.469075
1.481175
1.487350
1.520275
1.539950
1.573950
1.614875
1.643500
1.701325
1.732675
1.762875
1.764425
1.967300
2.247200
236
