0.005525
0.007400
0.012475
0.014550
0.016775
0.020750
0.022750
0.029850
0.033500
0.036275
0.037500
0.047100
0.047825
0.053325
0.061675
0.062100
0.062250
0.063900
0.071925
0.072750
0.077550
0.080225
0.081600
0.085400
0.087725
0.095200
0.106375
0.106825
0.117175
0.120775
0.124300
0.134125
0.136000
0.136050
0.139875
0.141150
0.142675
0.143175
0.150875
0.158350
0.158825
0.159575
0.160125
0.170625
0.173900
0.174175
0.175625
0.178100
0.178400
0.186150
0.187725
0.192500
0.196450
0.198150
0.201025
0.203625
0.208475
0.214175
0.225975
0.228775
0.240275
0.257950
0.262225
0.268600
0.275525
0.275525
0.277925
0.286500
0.291825
0.298275
0.302275
0.317575
0.318525
0.328975
0.329150
0.337675
0.345075
0.349800
0.352400
0.354250
0.357525
0.366525
0.371925
0.372250
0.381175
0.383475
0.383925
0.387575
0.388300
0.389925
0.391850
0.392800
0.398225
0.398400
0.412725
0.415950
0.422725
0.424750
0.425400
0.427450
0.428500
0.431875
0.436900
0.437250
0.440425
0.441250
0.448775
0.451325
0.451850
0.453075
0.454125
0.457075
0.465650
0.468800
0.469200
0.486600
0.490275
0.490600
0.492850
0.499600
0.502675
0.505675
0.527025
0.529325
0.539250
0.541825
0.543350
0.549950
0.554100
0.561475
0.564850
0.565450
0.567975
0.575025
0.580650
0.589500
0.596850
0.598300
0.602150
0.606500
0.608775
0.609150
0.610900
0.611400
0.618125
0.625600
0.627300
0.632650
0.643600
0.645050
0.648400
0.653800
0.661575
0.661650
0.663650
0.676950
0.679200
0.679250
0.687200
0.689150
0.703700
0.707650
0.708025
0.710550
0.712325
0.713600
0.716575
0.722875
0.727075
0.727925
0.730225
0.731925
0.737550
0.745250
0.749400
0.769650
0.771200
0.772050
0.791350
0.794175
0.803000
0.809000
0.810350
0.812400
0.820825
0.833525
0.837300
0.841625
0.843175
0.846650
0.847050
0.850975
0.855550
0.856450
0.857600
0.871050
0.874475
0.875075
0.881225
0.885575
0.885775
0.892825
0.916350
0.951500
0.970225
0.976375
0.977825
1.005175
1.012425
1.022275
1.027075
1.037300
1.066275
1.070625
1.081450
1.085650
1.087425
1.090675
1.100450
1.100850
1.102550
1.120275
1.123650
1.155125
1.176300
1.205825
1.209000
1.215875
1.232575
1.249850
1.277000
1.302550
1.325850
1.351550
1.362275
1.374075
1.376525
1.386950
1.402625
1.416500
1.436075
1.439250
1.443725
1.482675
1.497225
1.500425
1.694625
1.747275
1.770850
1.944300
2.479575
251
