0.000575
0.004000
0.006725
0.009700
0.019500
0.026225
0.034225
0.035000
0.039525
0.039550
0.044125
0.044225
0.044625
0.045350
0.047825
0.050275
0.052275
0.053475
0.057600
0.061725
0.062800
0.075225
0.077900
0.079175
0.091000
0.093225
0.095300
0.095800
0.097825
0.101675
0.102800
0.105000
0.105975
0.109450
0.110550
0.114275
0.121775
0.126125
0.129400
0.149850
0.154925
0.158250
0.158900
0.176300
0.180525
0.180550
0.189025
0.201175
0.214350
0.222875
0.223375
0.226100
0.226950
0.228150
0.239400
0.247125
0.249775
0.250225
0.250275
0.261475
0.271725
0.283400
0.288850
0.301450
0.306450
0.307750
0.309125
0.317975
0.325900
0.328300
0.329525
0.331850
0.340925
0.349250
0.350025
0.355975
0.361925
0.368600
0.373650
0.378675
0.396225
0.400050
0.400600
0.406575
0.411225
0.418725
0.434675
0.437200
0.440500
0.440675
0.440975
0.451975
0.459850
0.463350
0.466775
0.467600
0.471725
0.474075
0.477375
0.478800
0.480750
0.482800
0.484275
0.488025
0.492150
0.497375
0.500775
0.501150
0.509725
0.510950
0.519375
0.526400
0.532250
0.533000
0.534750
0.541225
0.542750
0.544500
0.545875
0.551500
0.551950
0.553425
0.562000
0.565625
0.570075
0.570725
0.574750
0.576100
0.578150
0.579500
0.586850
0.598050
0.601500
0.602025
0.602350
0.619775
0.626400
0.651400
0.655700
0.657200
0.662225
0.667525
0.669325
0.670575
0.675000
0.684950
0.685575
0.687175
0.688225
0.690500
0.697275
0.701275
0.703350
0.704225
0.708875
0.709625
0.710425
0.717450
0.723475
0.729975
0.733450
0.736300
0.737150
0.739775
0.748325
0.754150
0.758025
0.769675
0.770900
0.776475
0.777550
0.782100
0.789775
0.791525
0.793250
0.795175
0.800500
0.802300
0.807600
0.808075
0.818475
0.819100
0.819525
0.824650
0.830125
0.830625
0.844125
0.845300
0.853250
0.855875
0.867700
0.871850
0.872275
0.876700
0.911350
0.922125
0.933250
0.954675
0.956100
0.959225
0.959500
0.962000
0.971350
0.996300
1.017150
1.018750
1.025425
1.030925
1.035625
1.036150
1.060650
1.078675
1.085875
1.088150
1.088325
1.104450
1.126850
1.128650
1.149125
1.160300
1.181375
1.182525
1.188575
1.222950
1.240800
1.242700
1.267550
1.315650
1.328275
1.369225
1.377550
1.392700
1.402000
1.417550
1.436075
1.499825
1.556950
1.694550
1.767150
1.858775
1.876150
1.939475
1.993825
2.018975
2.050875
2.052475
246
