0.004100
0.011125
0.011425
0.015100
0.016225
0.017025
0.024100
0.032050
0.034450
0.035600
0.045600
0.047050
0.047250
0.047575
0.048200
0.055325
0.055525
0.059225
0.061900
0.061900
0.068300
0.075325
0.077275
0.079325
0.081100
0.083075
0.083475
0.092475
0.095025
0.100450
0.100625
0.110675
0.112350
0.119000
0.121775
0.126750
0.132900
0.136825
0.138275
0.140075
0.140225
0.142700
0.144425
0.169700
0.170050
0.170650
0.176100
0.176300
0.176800
0.177150
0.180600
0.183075
0.190500
0.209375
0.216350
0.219550
0.220075
0.222800
0.230600
0.232650
0.239725
0.248450
0.251150
0.255150
0.262700
0.268225
0.269350
0.281275
0.282725
0.283025
0.283350
0.285200
0.296150
0.297500
0.302425
0.306200
0.306825
0.313125
0.325650
0.325775
0.326875
0.336350
0.355775
0.356625
0.357850
0.364800
0.366025
0.378400
0.382825
0.383300
0.383675
0.390275
0.391550
0.398150
0.405625
0.406550
0.408350
0.410950
0.418775
0.425825
0.427750
0.431825
0.432300
0.443450
0.446950
0.447350
0.449625
0.451400
0.452500
0.462950
0.467400
0.470375
0.470950
0.472675
0.486950
0.487600
0.491050
0.492200
0.495150
0.495600
0.499075
0.502375
0.508050
0.512600
0.515175
0.516175
0.516750
0.521050
0.523200
0.527925
0.528125
0.535825
0.540825
0.542025
0.542150
0.548625
0.553550
0.555150
0.560725
0.565650
0.565825
0.580725
0.581450
0.588850
0.593225
0.593950
0.595125
0.595750
0.596850
0.602875
0.609225
0.619725
0.620200
0.622775
0.625675
0.629775
0.632525
0.635925
0.640900
0.641150
0.643900
0.644100
0.649150
0.655850
0.657125
0.657425
0.663875
0.664950
0.668350
0.671200
0.671875
0.680975
0.685000
0.692850
0.693925
0.699125
0.705575
0.709650
0.711150
0.712100
0.712150
0.713525
0.715925
0.727450
0.728575
0.729175
0.735175
0.737650
0.741000
0.754125
0.755375
0.760550
0.774700
0.775700
0.789075
0.793225
0.799750
0.801300
0.804800
0.807350
0.807975
0.810700
0.822225
0.827375
0.838075
0.839950
0.840300
0.851325
0.852400
0.853150
0.854875
0.862850
0.871175
0.874275
0.896925
0.909725
0.917450
0.936375
0.936450
0.938900
0.942325
0.950600
0.954600
0.956775
0.968850
0.987725
0.998825
0.999075
1.003850
1.010050
1.011725
1.021850
1.053000
1.055125
1.067675
1.083450
1.089275
1.116600
1.126125
1.137325
1.142125
1.156200
1.188200
1.208375
1.232425
1.237000
1.254525
1.259075
1.259175
1.290650
1.304850
1.309200
1.322950
1.377200
1.382250
1.394700
1.412050
1.414425
1.421850
1.435200
1.442375
1.456175
1.478300
1.485350
1.499325
1.530100
1.545200
1.587725
1.596500
1.606400
1.644200
1.752850
1.766000
1.821550
1.845125
1.915850
1.954100
1.984475
2.014100
2.023150
2.088675
2.121375
2.131200
2.264325
2.300025
2.317350
2.324650
287
