0.002225
0.013150
0.016925
0.018475
0.018725
0.019850
0.020375
0.028200
0.029075
0.029775
0.037425
0.045900
0.046500
0.047500
0.051950
0.070600
0.077625
0.080500
0.081775
0.089300
0.089700
0.093425
0.099200
0.099925
0.100475
0.102350
0.112600
0.118650
0.129050
0.132200
0.134825
0.141500
0.142350
0.150950
0.154100
0.167475
0.171750
0.177875
0.179825
0.181700
0.185300
0.195050
0.202150
0.204525
0.205725
0.207175
0.209475
0.210575
0.214825
0.218100
0.219225
0.219950
0.232500
0.234450
0.240650
0.245975
0.251650
0.257300
0.257900
0.262825
0.270150
0.273075
0.284675
0.294200
0.306825
0.308250
0.325100
0.345500
0.352050
0.362850
0.387475
0.388000
0.391825
0.397350
0.399875
0.406000
0.408200
0.409650
0.417075
0.417375
0.423050
0.424675
0.429775
0.430275
0.439425
0.448425
0.449700
0.453050
0.456700
0.458450
0.460800
0.464050
0.466050
0.469225
0.470025
0.478675
0.478975
0.479725
0.483700
0.486600
0.491575
0.496625
0.504200
0.504775
0.517875
0.518425
0.520025
0.528500
0.534050
0.538200
0.551400
0.553225
0.555350
0.558950
0.563375
0.565325
0.566375
0.574850
0.578100
0.587625
0.589350
0.592100
0.598650
0.609925
0.615650
0.616225
0.618550
0.624125
0.627875
0.628650
0.637450
0.642525
0.647275
0.650525
0.655075
0.656075
0.657450
0.659275
0.664375
0.666175
0.671400
0.671875
0.690725
0.693600
0.694725
0.702400
0.704450
0.704675
0.706975
0.707525
0.714525
0.719375
0.719550
0.720300
0.722500
0.724225
0.725250
0.727400
0.728500
0.731850
0.734650
0.748100
0.748275
0.752075
0.752725
0.754825
0.767675
0.774400
0.777375
0.780575
0.782500
0.787800
0.787875
0.790775
0.791050
0.797475
0.801900
0.813975
0.815000
0.828875
0.839375
0.841975
0.843725
0.844575
0.846975
0.850450
0.868850
0.875375
0.883175
0.895050
0.895050
0.907975
0.929700
0.929850
0.932875
0.933400
0.934475
0.935900
0.937000
0.947125
0.955425
0.967225
0.976675
0.994925
1.002850
1.006975
1.009250
1.010900
1.048250
1.060450
1.066050
1.072950
1.085100
1.088625
1.095950
1.098925
1.141600
1.164150
1.164175
1.171750
1.175500
1.197175
1.204350
1.215300
1.219175
1.244775
1.264125
1.292400
1.298700
1.340150
1.358850
1.401925
1.416475
1.426775
1.493625
1.516625
1.611350
1.612025
1.623300
1.652475
1.672550
1.712225
1.790425
1.874475
1.883425
1.950550
2.024725
2.025200
2.130375
2.206125
2.474025
251
