0.013300
0.024525
0.025300
0.025500
0.030300
0.034350
0.037650
0.037875
0.044600
0.049350
0.054675
0.055925
0.062200
0.081825
0.086000
0.088575
0.093150
0.124225
0.126350
0.131675
0.133375
0.143350
0.145225
0.151800
0.155250
0.157675
0.161650
0.163250
0.164100
0.164800
0.174325
0.189400
0.202375
0.202775
0.205200
0.208300
0.211900
0.212525
0.213300
0.214875
0.218050
0.226250
0.228075
0.247825
0.248700
0.249050
0.254900
0.265475
0.265750
0.266400
0.267250
0.285750
0.291050
0.292125
0.294000
0.295075
0.296900
0.297125
0.299850
0.307850
0.311375
0.313625
0.314150
0.318525
0.323350
0.325375
0.326725
0.332825
0.333675
0.341900
0.342450
0.358650
0.363200
0.363575
0.386675
0.396500
0.399675
0.409925
0.436525
0.439625
0.439725
0.448175
0.451850
0.454950
0.459125
0.465200
0.470225
0.471825
0.476725
0.478875
0.496300
0.500675
0.501500
0.502900
0.503275
0.503425
0.513225
0.515975
0.521025
0.524425
0.529900
0.531325
0.540550
0.540650
0.544475
0.558750
0.561275
0.561525
0.567100
0.568975
0.570200
0.570850
0.573375
0.581650
0.589175
0.590800
0.591150
0.598100
0.598550
0.600675
0.601000
0.602900
0.608625
0.616400
0.616875
0.617075
0.620700
0.620700
0.622700
0.631325
0.640900
0.641800
0.643450
0.644825
0.644850
0.653425
0.660100
0.667125
0.678350
0.679400
0.681400
0.682350
0.683100
0.690575
0.691000
0.702175
0.703200
0.704400
0.709525
0.711450
0.718550
0.728200
0.735100
0.736900
0.739950
0.743300
0.745075
0.752700
0.754075
0.756725
0.767575
0.773600
0.782225
0.782225
0.785750
0.800675
0.804400
0.805700
0.810200
0.816950
0.819425
0.826100
0.832875
0.849750
0.853350
0.874325
0.874375
0.879125
0.882950
0.898600
0.903275
0.951675
0.957225
0.958050
0.958475
0.970350
0.971325
0.977775
0.982900
0.990100
1.003050
1.007875
1.012025
1.033425
1.041125
1.042850
1.043025
1.056950
1.057325
1.067875
1.081350
1.089825
1.102700
1.113150
1.168850
1.194125
1.215325
1.343025
1.358625
1.366450
1.374125
1.388600
1.394000
1.446125
1.482375
1.521925
1.540925
1.587700
1.592025
1.696400
1.715425
1.732100
1.830075
1.837025
1.865875
1.870850
1.934375
2.024125
228
