0.001875
0.005975
0.010050
0.011025
0.014850
0.023000
0.027550
0.028250
0.032800
0.037800
0.039150
0.039700
0.040225
0.041950
0.055225
0.055550
0.056725
0.069350
0.076925
0.078450
0.083500
0.086050
0.089000
0.090150
0.103625
0.104125
0.108875
0.114500
0.124325
0.137825
0.142600
0.146900
0.148225
0.153975
0.158250
0.158725
0.159175
0.162925
0.164200
0.164825
0.169075
0.172050
0.175700
0.176125
0.177400
0.178425
0.195225
0.197100
0.203300
0.207700
0.210225
0.220050
0.224475
0.227325
0.231925
0.234050
0.234375
0.246975
0.251125
0.255200
0.255825
0.259625
0.264975
0.269050
0.277575
0.285600
0.288425
0.289975
0.291125
0.302200
0.305575
0.306075
0.314350
0.321875
0.322800
0.323600
0.326275
0.340500
0.350150
0.351375
0.355800
0.360625
0.361100
0.361400
0.369975
0.372500
0.378000
0.383800
0.384900
0.385925
0.394900
0.398450
0.405275
0.406650
0.413750
0.414950
0.427050
0.427125
0.441650
0.445075
0.453800
0.455300
0.458075
0.458725
0.463125
0.464875
0.475350
0.481900
0.482750
0.484900
0.498950
0.501425
0.501700
0.505775
0.506025
0.512550
0.517300
0.517475
0.517850
0.518675
0.521075
0.525325
0.529900
0.530700
0.532750
0.536675
0.536725
0.541100
0.547150
0.548025
0.552075
0.555400
0.561500
0.583475
0.584125
0.584225
0.595825
0.607825
0.615525
0.625025
0.639550
0.649275
0.649475
0.656425
0.662875
0.667325
0.667650
0.669025
0.672275
0.672475
0.675775
0.681250
0.683675
0.689500
0.695725
0.698025
0.705525
0.709150
0.709500
0.710900
0.711850
0.714575
0.727050
0.733325
0.735475
0.743075
0.745850
0.757700
0.759175
0.759250
0.767200
0.772050
0.787450
0.794025
0.803950
0.811775
0.827700
0.834200
0.847225
0.848525
0.855050
0.873450
0.878100
0.885050
0.893450
0.895700
0.898275
0.900475
0.905875
0.906475
0.909050
0.914175
0.919775
0.921500
0.939300
0.952675
0.956200
0.960450
0.975075
0.992900
0.997575
1.003175
1.020750
1.035825
1.049775
1.054150
1.071375
1.072225
1.077275
1.082500
1.085325
1.094850
1.102175
1.114425
1.114825
1.116775
1.117700
1.130300
1.142975
1.190675
1.200375
1.212075
1.217900
1.218275
1.222200
1.244100
1.270575
1.280075
1.282050
1.293775
1.302425
1.302425
1.320100
1.322975
1.344400
1.367650
1.376400
1.381375
1.421900
1.427875
1.434175
1.477325
1.571300
1.582025
1.662750
1.669000
1.891650
1.992975
1.995525
2.246350
2.468800
251
