0.005475
0.022225
0.026125
0.026525
0.027425
0.033200
0.042675
0.046275
0.046875
0.050475
0.050925
0.055400
0.059375
0.066000
0.068375
0.068525
0.075725
0.079775
0.080500
0.081875
0.083100
0.091450
0.103375
0.106500
0.112775
0.115250
0.117475
0.120925
0.123050
0.124625
0.124775
0.126750
0.139375
0.141850
0.144350
0.148500
0.150000
0.150250
0.164050
0.167950
0.168825
0.175325
0.176725
0.179600
0.179750
0.180075
0.183000
0.191400
0.191625
0.192075
0.200050
0.205500
0.213050
0.216875
0.222050
0.227800
0.228425
0.234400
0.238025
0.249400
0.253550
0.263850
0.264850
0.265400
0.268925
0.275275
0.277075
0.289300
0.291025
0.295100
0.302675
0.304125
0.305100
0.305775
0.309550
0.310975
0.311050
0.318500
0.322075
0.322575
0.330075
0.340150
0.343175
0.346050
0.352675
0.353525
0.356475
0.369075
0.369625
0.374575
0.377025
0.378025
0.389600
0.391525
0.394425
0.402675
0.408325
0.412600
0.416100
0.423225
0.429525
0.437450
0.457725
0.457850
0.460675
0.469100
0.478350
0.487825
0.488025
0.492875
0.499575
0.503025
0.507050
0.510125
0.519375
0.520250
0.522775
0.529025
0.548175
0.549450
0.550525
0.554625
0.556025
0.556100
0.559525
0.568650
0.570325
0.571775
0.581700
0.595000
0.605575
0.606450
0.618175
0.621675
0.624300
0.628900
0.639125
0.639575
0.641825
0.643900
0.644850
0.646800
0.647000
0.649075
0.653825
0.655175
0.661575
0.666825
0.667850
0.673200
0.674650
0.685250
0.695750
0.695875
0.700475
0.713975
0.714225
0.714325
0.721650
0.723450
0.728675
0.734800
0.736925
0.742050
0.744675
0.749800
0.756050
0.759325
0.765700
0.765750
0.767225
0.772850
0.776925
0.789800
0.794600
0.802275
0.805150
0.805800
0.821625
0.822750
0.834500
0.835650
0.845750
0.845775
0.852175
0.853575
0.854025
0.860100
0.889875
0.890175
0.896275
0.901600
0.916350
0.917725
0.921650
0.922675
0.933650
0.949750
0.957750
0.967025
0.980375
0.982900
0.987000
0.993000
1.013600
1.013875
1.033800
1.045250
1.063975
1.067975
1.069925
1.080775
1.088650
1.108800
1.111025
1.117475
1.130600
1.144250
1.173475
1.195700
1.203750
1.211625
1.216325
1.251800
1.253100
1.271075
1.290125
1.313625
1.316075
1.336075
1.367250
1.380075
1.386825
1.499400
1.668650
1.706600
1.783975
1.790225
1.880700
1.924750
1.987200
2.102275
242
