0.001325
0.003950
0.014250
0.033000
0.033700
0.034850
0.036425
0.036600
0.041000
0.043900
0.046400
0.049175
0.071775
0.072525
0.073425
0.073750
0.076300
0.090625
0.100125
0.100225
0.106675
0.107300
0.108850
0.109300
0.112300
0.115425
0.115475
0.119775
0.126125
0.126150
0.127850
0.131475
0.141375
0.141525
0.142625
0.143050
0.148850
0.150525
0.153000
0.160900
0.184925
0.185625
0.187150
0.187325
0.192275
0.194625
0.197625
0.199100
0.207850
0.209675
0.216300
0.242250
0.242650
0.242950
0.245150
0.246775
0.253000
0.253300
0.255550
0.260800
0.266525
0.272050
0.272425
0.273150
0.293150
0.294700
0.301425
0.301700
0.308075
0.313650
0.318400
0.319900
0.321375
0.322650
0.330625
0.334300
0.349475
0.349650
0.352850
0.354175
0.381475
0.383675
0.383700
0.386050
0.387975
0.389950
0.397625
0.403575
0.405550
0.409975
0.411725
0.415525
0.417900
0.420625
0.422000
0.423100
0.432825
0.440275
0.445475
0.446175
0.454200
0.456650
0.456875
0.458425
0.458550
0.459350
0.463525
0.463650
0.467500
0.470700
0.474475
0.484750
0.489375
0.492100
0.500625
0.522075
0.528100
0.532825
0.539650
0.542100
0.542750
0.543875
0.548150
0.551425
0.567875
0.577075
0.587500
0.593250
0.596625
0.596950
0.599000
0.603500
0.616225
0.618350
0.622050
0.627375
0.629250
0.629875
0.632700
0.636150
0.642525
0.644650
0.649125
0.649475
0.651225
0.657625
0.672900
0.675175
0.679800
0.683000
0.683000
0.684600
0.692375
0.695575
0.699200
0.710100
0.711250
0.714325
0.722075
0.725125
0.730575
0.738800
0.739750
0.741975
0.747275
0.749300
0.753100
0.759375
0.764525
0.765700
0.773200
0.781925
0.787800
0.791075
0.794750
0.802925
0.810900
0.813650
0.824425
0.831500
0.843800
0.852950
0.854075
0.856825
0.857800
0.870000
0.878925
0.881775
0.882775
0.900200
0.920375
0.928825
0.934750
0.935575
0.936050
0.941900
0.948350
0.948750
0.953825
0.962250
0.962525
0.969550
0.973200
0.974050
0.984500
0.986550
1.002825
1.020675
1.025650
1.032000
1.034625
1.039425
1.040700
1.045400
1.057050
1.074000
1.074550
1.078425
1.084350
1.109425
1.111100
1.112200
1.129500
1.137125
1.161600
1.164500
1.192600
1.199300
1.220025
1.230875
1.244450
1.244875
1.254750
1.259450
1.277250
1.278250
1.319250
1.335625
1.335900
1.345875
1.354825
1.357825
1.372550
1.404100
1.426125
1.450975
1.458475
1.469375
1.505950
1.586650
1.613675
1.668200
1.718675
1.754375
1.779200
1.841975
1.874700
1.979475
2.032550
2.237150
2.239725
2.333750
262
