0.012150
0.017450
0.023775
0.035500
0.037275
0.040575
0.041400
0.050550
0.056925
0.060750
0.060850
0.071525
0.071925
0.076000
0.076250
0.081600
0.087225
0.099450
0.104000
0.109375
0.112050
0.112175
0.119850
0.130975
0.143300
0.143925
0.145300
0.146050
0.147400
0.148425
0.151600
0.154125
0.159225
0.163500
0.174975
0.196875
0.196975
0.198075
0.198400
0.198450
0.204450
0.206275
0.206525
0.226850
0.228675
0.229475
0.234350
0.235300
0.242525
0.248600
0.252575
0.253800
0.255350
0.256825
0.260050
0.260975
0.261700
0.263950
0.267625
0.268525
0.269125
0.273675
0.277175
0.280600
0.288350
0.289525
0.319875
0.322400
0.333800
0.335350
0.348100
0.351700
0.351900
0.352750
0.366100
0.374150
0.382825
0.394300
0.398525
0.406000
0.411200
0.411500
0.430375
0.430450
0.435200
0.435550
0.436900
0.440750
0.446475
0.447050
0.450225
0.452975
0.453675
0.457850
0.458075
0.461600
0.470275
0.477700
0.482150
0.486625
0.493950
0.500650
0.501425
0.501775
0.505725
0.510025
0.514400
0.514975
0.517375
0.523325
0.529275
0.537150
0.539125
0.541450
0.548075
0.548375
0.552600
0.555275
0.563225
0.572375
0.583675
0.584850
0.595800
0.599325
0.600650
0.601375
0.602425
0.604175
0.604850
0.613100
0.627400
0.631100
0.631975
0.632950
0.633925
0.638225
0.638525
0.644875
0.644875
0.645850
0.649500
0.655725
0.660725
0.687150
0.691850
0.693425
0.694050
0.696225
0.698425
0.705225
0.718925
0.721375
0.732025
0.735225
0.735550
0.738525
0.738800
0.743325
0.743450
0.766375
0.768000
0.779500
0.787200
0.787475
0.791025
0.791675
0.796500
0.798825
0.804000
0.812350
0.817200
0.819175
0.822725
0.824900
0.836700
0.837900
0.859375
0.871375
0.874875
0.874975
0.876375
0.904500
0.907075
0.910500
0.929500
0.934125
0.935600
0.944925
0.950050
0.956250
0.959350
0.971150
0.974175
0.976550
0.991150
1.006450
1.007350
1.010525
1.024925
1.025775
1.028025
1.036300
1.042125
1.091850
1.100550
1.109725
1.129600
1.132600
1.155925
1.158200
1.170575
1.208900
1.245025
1.249300
1.295050
1.316950
1.336100
1.336750
1.348150
1.376850
1.379025
1.380475
1.395750
1.401675
1.411350
1.429450
1.436075
1.483375
1.509425
1.540850
1.604100
1.612375
1.643100
1.648400
1.757900
1.762400
1.784650
1.866375
1.961800
1.983900
2.006050
2.096575
2.117600
2.216875
2.218025
2.316850
246
