0.011650
0.013700
0.017350
0.017800
0.017850
0.019350
0.028150
0.034350
0.040925
0.043900
0.044600
0.054600
0.057850
0.059800
0.060500
0.067600
0.072800
0.111225
0.112125
0.123450
0.123800
0.129075
0.129650
0.133100
0.135025
0.141325
0.148600
0.151975
0.153925
0.154975
0.159575
0.160250
0.164150
0.166575
0.167825
0.168475
0.168575
0.172700
0.179600
0.183625
0.189275
0.192025
0.193350
0.196325
0.201700
0.205000
0.207600
0.226950
0.227125
0.227525
0.232500
0.237700
0.238100
0.240100
0.262300
0.274825
0.276325
0.283625
0.285275
0.293700
0.297525
0.307750
0.308375
0.313775
0.322875
0.324075
0.331000
0.333975
0.334250
0.338175
0.338600
0.343175
0.354400
0.363050
0.370775
0.372525
0.388050
0.388275
0.398025
0.406225
0.407925
0.420025
0.427950
0.433725
0.434225
0.438150
0.439550
0.439700
0.441450
0.443400
0.443575
0.451100
0.453500
0.456400
0.456700
0.460025
0.461475
0.461650
0.469550
0.472100
0.481675
0.498200
0.502375
0.508250
0.508650
0.511675
0.511775
0.512300
0.513150
0.513775
0.518825
0.525200
0.525575
0.527625
0.528700
0.536150
0.540000
0.543100
0.551000
0.553675
0.562625
0.565525
0.570175
0.570200
0.570725
0.578125
0.579275
0.582500
0.584525
0.587400
0.590125
0.596025
0.598425
0.608150
0.608925
0.609100
0.609325
0.631075
0.638025
0.644750
0.660275
0.662550
0.669175
0.673450
0.678125
0.679100
0.690700
0.692525
0.693850
0.695200
0.697575
0.698650
0.702650
0.709250
0.718225
0.718675
0.724500
0.729275
0.734750
0.740425
0.742175
0.747300
0.755200
0.756325
0.759550
0.760725
0.768550
0.770775
0.774125
0.777450
0.778375
0.778700
0.779700
0.782225
0.782800
0.785000
0.791350
0.798000
0.807150
0.811325
0.812225
0.814700
0.825700
0.833300
0.840925
0.841350
0.843450
0.865050
0.871775
0.873650
0.892775
0.896025
0.899950
0.900725
0.900800
0.905575
0.927425
0.930325
0.932050
0.932750
0.942350
0.943700
0.948625
0.960050
0.973200
0.991150
0.997400
1.007325
1.017700
1.017800
1.028925
1.030075
1.030375
1.041775
1.044125
1.045400
1.063650
1.070975
1.084650
1.094575
1.107425
1.107425
1.115200
1.150025
1.160675
1.165850
1.183450
1.188300
1.192300
1.231375
1.234775
1.246550
1.252725
1.261250
1.264475
1.277525
1.279425
1.316000
1.328100
1.363050
1.396250
1.409450
1.421750
1.425450
1.483350
1.489325
1.493975
1.581975
1.618700
1.683525
1.767550
1.856125
1.901825
1.936850
2.109200
2.381500
2.390475
257
