0.002275
0.002850
0.010750
0.012850
0.016500
0.018900
0.022750
0.023575
0.041900
0.045225
0.047225
0.053500
0.055950
0.064375
0.071575
0.085025
0.086650
0.089100
0.096850
0.112600
0.112775
0.114525
0.115275
0.118350
0.120250
0.120750
0.123025
0.123975
0.133225
0.134650
0.147625
0.151300
0.159975
0.164900
0.165775
0.166975
0.168375
0.169825
0.171950
0.172825
0.177675
0.182000
0.182875
0.183900
0.190525
0.190700
0.191475
0.193400
0.202600
0.202775
0.205100
0.206250
0.206875
0.215050
0.219750
0.222350
0.227975
0.228650
0.230100
0.231875
0.237800
0.245650
0.245650
0.247825
0.253450
0.260025
0.261250
0.264475
0.270150
0.270525
0.271400
0.272475
0.284475
0.289175
0.299275
0.302100
0.303150
0.310925
0.316250
0.316425
0.321400
0.331050
0.331375
0.332875
0.337350
0.343275
0.347825
0.350275
0.352025
0.356450
0.356975
0.357000
0.362650
0.364850
0.368100
0.371725
0.373825
0.375700
0.378900
0.382850
0.385300
0.385525
0.401700
0.404975
0.406400
0.406725
0.410225
0.416225
0.416775
0.422925
0.432050
0.436800
0.448750
0.449450
0.452425
0.453025
0.482625
0.493375
0.494625
0.516750
0.527300
0.530600
0.532825
0.539025
0.540500
0.540850
0.547975
0.550100
0.554450
0.554900
0.561175
0.563825
0.567250
0.577175
0.579100
0.590350
0.595825
0.597350
0.601775
0.609500
0.609575
0.611650
0.615525
0.640750
0.645100
0.653225
0.659100
0.676850
0.677525
0.680025
0.700475
0.709400
0.710275
0.713700
0.720850
0.722800
0.735325
0.737400
0.745525
0.763500
0.769300
0.776875
0.782675
0.786350
0.796100
0.799925
0.801925
0.803275
0.809800
0.821650
0.825500
0.828075
0.842775
0.848025
0.848675
0.852475
0.857750
0.864450
0.864700
0.867550
0.875200
0.875600
0.876175
0.877075
0.880325
0.882225
0.883050
0.886650
0.889175
0.894175
0.907400
0.916075
0.917625
0.921375
0.923000
0.938900
0.939500
0.940675
0.942275
0.945050
0.947600
0.961525
0.969800
0.988875
0.990025
0.990875
0.996050
0.998950
1.011000
1.021425
1.022375
1.029925
1.051475
1.076300
1.078125
1.083400
1.087900
1.088475
1.101000
1.101625
1.115875
1.117950
1.117975
1.127100
1.131175
1.179125
1.181475
1.183050
1.188600
1.194675
1.197600
1.221050
1.227325
1.234275
1.242450
1.245650
1.329125
1.332800
1.387375
1.397050
1.424675
1.439900
1.448925
1.486725
1.518825
1.565400
1.694725
1.734150
1.761675
1.805800
1.885825
1.951025
1.989475
2.019275
2.071500
2.277525
256
