0.012725
0.013225
0.013875
0.017800
0.018000
0.023200
0.027950
0.036775
0.038875
0.044500
0.048975
0.049150
0.052050
0.053025
0.057525
0.060500
0.063800
0.066400
0.072225
0.079125
0.079325
0.084675
0.088725
0.110050
0.119650
0.120775
0.128125
0.128925
0.136500
0.148050
0.155200
0.169725
0.183300
0.188875
0.191225
0.195150
0.198725
0.205700
0.216225
0.219250
0.220775
0.224200
0.225250
0.229675
0.233150
0.234100
0.238475
0.239550
0.240200
0.246950
0.255425
0.259700
0.261175
0.265800
0.268575
0.275700
0.276700
0.281000
0.283050
0.290925
0.299150
0.302625
0.304275
0.311800
0.318150
0.321100
0.325900
0.328500
0.328825
0.331600
0.333225
0.337075
0.350875
0.352025
0.354275
0.362500
0.364600
0.367875
0.370100
0.373925
0.374175
0.382600
0.384350
0.387100
0.397925
0.405425
0.412775
0.419500
0.425050
0.429275
0.435125
0.435475
0.439275
0.443750
0.448150
0.457975
0.464150
0.469025
0.470600
0.471450
0.471675
0.489600
0.491300
0.493675
0.494525
0.501025
0.502125
0.503025
0.504650
0.509125
0.519675
0.523250
0.524475
0.526875
0.533350
0.533875
0.543475
0.544125
0.544475
0.544825
0.547075
0.549400
0.557950
0.559200
0.563475
0.564975
0.573100
0.573500
0.578000
0.578325
0.586725
0.590075
0.591300
0.591650
0.594675
0.596450
0.597250
0.600350
0.600400
0.609650
0.615475
0.617050
0.619050
0.619450
0.626125
0.627350
0.630075
0.630700
0.634825
0.639300
0.644900
0.652600
0.656500
0.658925
0.659075
0.660475
0.665125
0.679800
0.680200
0.685175
0.688300
0.709125
0.722250
0.729275
0.730150
0.735350
0.746950
0.751925
0.761725
0.767125
0.767975
0.772750
0.773350
0.773400
0.786325
0.800625
0.809225
0.821400
0.822025
0.822725
0.827150
0.831300
0.835400
0.842225
0.854600
0.864300
0.884050
0.898925
0.903700
0.903750
0.905175
0.915525
0.929050
0.934100
0.947675
0.962750
0.973525
0.988550
0.992750
0.997125
0.998975
1.001600
1.006025
1.009850
1.014650
1.022450
1.027125
1.046250
1.049800
1.051150
1.071625
1.091450
1.096975
1.109800
1.119125
1.123075
1.133600
1.144850
1.201950
1.232275
1.246475
1.266875
1.280325
1.291725
1.333900
1.364325
1.372150
1.418450
1.504000
1.529350
1.559925
1.576400
1.727750
1.747725
1.817050
2.046275
2.486550
237
