0.001025
0.001125
0.007025
0.007800
0.009150
0.011800
0.029350
0.034050
0.038200
0.038475
0.055325
0.057950
0.064225
0.064475
0.066000
0.067450
0.083950
0.084325
0.090325
0.094025
0.097350
0.099875
0.104700
0.112775
0.114725
0.116300
0.121575
0.139950
0.141750
0.144125
0.150300
0.155050
0.161825
0.165525
0.166100
0.167575
0.168025
0.174725
0.180550
0.180850
0.182950
0.185300
0.187000
0.201675
0.202475
0.203375
0.205175
0.209075
0.212275
0.220725
0.237250
0.242725
0.250950
0.257600
0.263075
0.267675
0.279625
0.283275
0.284600
0.288600
0.293875
0.296425
0.299425
0.316625
0.319575
0.330975
0.334000
0.334050
0.339700
0.341000
0.343225
0.345300
0.350425
0.351825
0.352100
0.355825
0.356900
0.360075
0.361325
0.368200
0.377450
0.378150
0.383775
0.385450
0.388850
0.396675
0.402800
0.402875
0.405400
0.406125
0.406700
0.416375
0.418550
0.418575
0.432325
0.433225
0.433300
0.435200
0.435525
0.435725
0.436700
0.446800
0.448550
0.450950
0.451950
0.457775
0.470025
0.472825
0.475325
0.475800
0.483600
0.490050
0.491125
0.492000
0.493950
0.498600
0.500175
0.515375
0.515400
0.516725
0.521200
0.522650
0.528425
0.535500
0.539400
0.540275
0.544025
0.548450
0.555875
0.556550
0.557675
0.559775
0.561250
0.563875
0.564475
0.567750
0.572125
0.579450
0.584425
0.591400
0.594275
0.594550
0.598875
0.603175
0.605000
0.613300
0.617075
0.617225
0.618200
0.630975
0.634450
0.636625
0.648075
0.648400
0.652925
0.654125
0.655225
0.661700
0.666125
0.670450
0.672450
0.678050
0.678375
0.696550
0.698750
0.707525
0.717150
0.717425
0.735025
0.737025
0.739825
0.742225
0.751350
0.760575
0.763925
0.768775
0.773175
0.778800
0.781225
0.782400
0.787100
0.801350
0.802725
0.827750
0.833375
0.842075
0.845975
0.850525
0.864600
0.876825
0.878875
0.885650
0.901050
0.905700
0.907100
0.923600
0.933100
0.960250
0.963075
0.985325
1.027675
1.031900
1.034675
1.053400
1.053600
1.072075
1.088500
1.103575
1.103775
1.107375
1.113200
1.113900
1.129925
1.148175
1.197250
1.213650
1.218025
1.232650
1.268100
1.286675
1.318350
1.354175
1.357025
1.378325
1.450575
1.451450
1.470150
1.473425
1.473625
1.474850
1.478525
1.520650
1.552325
1.570875
1.581300
1.715150
1.718325
1.793575
1.893075
1.926850
2.125350
241
