0.009675
0.011350
0.012625
0.014275
0.018625
0.026175
0.028725
0.029825
0.030350
0.043025
0.045275
0.047075
0.073650
0.076475
0.078400
0.078475
0.082600
0.085925
0.101500
0.106500
0.110100
0.119500
0.119775
0.133850
0.138475
0.147200
0.159100
0.161625
0.163775
0.174650
0.180525
0.180750
0.180775
0.184575
0.185875
0.204475
0.214050
0.215400
0.216200
0.220950
0.223575
0.224125
0.224775
0.233325
0.255000
0.279050
0.282450
0.286700
0.287875
0.295825
0.300800
0.304375
0.333375
0.337100
0.337225
0.344650
0.352575
0.354800
0.356675
0.364525
0.365925
0.370100
0.372475
0.376625
0.378675
0.386850
0.391375
0.392825
0.397850
0.400400
0.404525
0.404725
0.411375
0.414725
0.415225
0.433950
0.434675
0.435575
0.436800
0.437600
0.440475
0.448800
0.452175
0.458075
0.466000
0.467250
0.469275
0.469600
0.472600
0.476325
0.485375
0.487350
0.489350
0.505000
0.507975
0.508425
0.510750
0.511375
0.514125
0.521275
0.531100
0.531125
0.532475
0.535725
0.536700
0.539775
0.540775
0.542775
0.545725
0.568075
0.570625
0.576350
0.577750
0.577875
0.581175
0.585875
0.592300
0.593775
0.598400
0.608325
0.615975
0.621500
0.630075
0.633550
0.635300
0.637900
0.638750
0.639400
0.641150
0.644525
0.647075
0.654875
0.659800
0.661750
0.661925
0.668100
0.673750
0.686275
0.689950
0.691275
0.702850
0.711200
0.715625
0.720350
0.722850
0.739550
0.740200
0.742675
0.745350
0.751875
0.756900
0.762225
0.765725
0.768325
0.771625
0.774425
0.777200
0.778050
0.779875
0.784675
0.789200
0.798525
0.801200
0.812000
0.819050
0.823075
0.825025
0.828075
0.828425
0.833275
0.835850
0.843750
0.844825
0.852800
0.855975
0.863000
0.863875
0.892700
0.893000
0.904775
0.905350
0.905575
0.906150
0.907650
0.921900
0.924600
0.942275
0.951250
0.952150
0.958525
0.959075
0.970700
0.974900
0.978875
0.983700
0.987375
0.992125
0.994325
1.000700
1.002650
1.012600
1.016675
1.018975
1.033775
1.054250
1.069550
1.073775
1.092000
1.109350
1.113750
1.123925
1.145700
1.148950
1.161850
1.164275
1.170200
1.180525
1.182525
1.195900
1.196550
1.205350
1.227775
1.272950
1.273650
1.277275
1.289575
1.296900
1.311300
1.327250
1.349100
1.353300
1.356525
1.389100
1.451625
1.462025
1.494050
1.548675
1.572000
1.606475
1.612300
1.634400
1.648550
1.705675
1.842825
1.861700
2.126250
2.178325
2.445600
248
