0.020650
0.033550
0.042225
0.050000
0.061250
0.062975
0.066075
0.067600
0.068175
0.069250
0.072450
0.073925
0.076675
0.079700
0.080850
0.084750
0.085400
0.094100
0.097900
0.098100
0.098700
0.098975
0.103250
0.107400
0.109600
0.115675
0.120400
0.121650
0.123425
0.126450
0.126650
0.127850
0.128475
0.143625
0.148525
0.154750
0.170125
0.170400
0.173550
0.177425
0.185625
0.186725
0.191575
0.192600
0.193575
0.193750
0.194050
0.198000
0.199250
0.204975
0.207275
0.215550
0.216025
0.222325
0.224250
0.231625
0.231775
0.248850
0.251725
0.253700
0.254575
0.255075
0.255225
0.257725
0.259975
0.264050
0.264625
0.265225
0.266275
0.267500
0.268125
0.274550
0.279800
0.280700
0.302075
0.303125
0.305400
0.305700
0.311975
0.315925
0.316875
0.324475
0.332675
0.334750
0.355500
0.367025
0.370250
0.370900
0.372225
0.380600
0.380750
0.384475
0.385575
0.389450
0.395475
0.399025
0.399150
0.402400
0.405750
0.411850
0.413475
0.415925
0.423200
0.428050
0.431800
0.442150
0.452075
0.468500
0.486000
0.495950
0.499300
0.501250
0.505475
0.507625
0.513800
0.515475
0.515675
0.525300
0.531100
0.543650
0.544125
0.552900
0.554975
0.557475
0.558550
0.562525
0.569150
0.572425
0.576650
0.581225
0.582875
0.589975
0.590000
0.592650
0.597150
0.600225
0.608400
0.614000
0.621225
0.624200
0.624900
0.626800
0.638600
0.642375
0.644400
0.644875
0.647275
0.651775
0.652425
0.654300
0.654925
0.655450
0.660375
0.663900
0.665000
0.675425
0.675525
0.677550
0.685200
0.686750
0.688025
0.688350
0.692375
0.696875
0.701875
0.705900
0.712600
0.714500
0.724000
0.731250
0.732675
0.742525
0.742950
0.744525
0.750550
0.756150
0.758300
0.758950
0.764400
0.764650
0.768650
0.773700
0.788250
0.803950
0.806500
0.832975
0.848875
0.852125
0.855375
0.860975
0.863875
0.867350
0.881800
0.890850
0.896900
0.902875
0.908400
0.909125
0.912075
0.915775
0.919625
0.923900
0.931225
0.949650
0.957350
0.975775
0.978650
0.981725
0.982800
0.986075
0.997550
1.014500
1.039575
1.051725
1.059825
1.065875
1.069950
1.073925
1.083900
1.137825
1.142900
1.149475
1.200625
1.240075
1.243575
1.244550
1.281550
1.295750
1.297650
1.305675
1.321175
1.333325
1.362150
1.501650
1.518575
1.543025
1.543600
1.658325
1.664300
1.754225
1.783175
1.790900
1.928750
2.017700
2.049875
2.111275
246
