0.010150
0.011450
0.016900
0.019875
0.022325
0.026875
0.041375
0.060175
0.060575
0.061375
0.074100
0.074925
0.076175
0.078225
0.082625
0.085700
0.094850
0.095600
0.097050
0.099400
0.103500
0.114275
0.133400
0.146275
0.147675
0.150925
0.158900
0.177225
0.186625
0.188775
0.191550
0.191625
0.204700
0.206950
0.208225
0.217425
0.225375
0.234025
0.243625
0.244850
0.256100
0.259150
0.272000
0.275350
0.280100
0.285325
0.293275
0.298275
0.303250
0.307925
0.308200
0.308200
0.312350
0.318900
0.323625
0.329975
0.331200
0.335475
0.337500
0.340025
0.343050
0.345325
0.346350
0.352350
0.353025
0.359150
0.359450
0.361375
0.362000
0.363200
0.365775
0.367550
0.369650
0.370775
0.376875
0.380475
0.386525
0.388325
0.388600
0.390775
0.390800
0.401525
0.406625
0.417025
0.420375
0.423050
0.429800
0.437175
0.442225
0.443875
0.444450
0.445500
0.447600
0.455050
0.467550
0.469625
0.472000
0.473800
0.476000
0.480850
0.483525
0.487025
0.502300
0.510150
0.513100
0.514125
0.522475
0.525575
0.530300
0.532675
0.554525
0.559525
0.572750
0.572975
0.577575
0.587900
0.589800
0.597375
0.597650
0.598325
0.603250
0.605875
0.611525
0.621275
0.621600
0.625875
0.631300
0.649950
0.657425
0.661675
0.667550
0.671725
0.672075
0.672850
0.673250
0.678200
0.689525
0.691200
0.694175
0.701875
0.711675
0.715550
0.719975
0.727700
0.728875
0.732550
0.740025
0.741600
0.745200
0.750225
0.751975
0.752500
0.754475
0.756675
0.763300
0.763475
0.764600
0.765450
0.765525
0.766575
0.774025
0.775675
0.776300
0.778400
0.780325
0.785875
0.790675
0.795675
0.802175
0.808400
0.811200
0.814150
0.821525
0.836175
0.836275
0.837600
0.845275
0.851950
0.859450
0.865950
0.868750
0.869375
0.873225
0.882725
0.892900
0.898175
0.899350
0.912900
0.922725
0.940200
0.948000
0.959950
0.964875
0.972925
0.977625
0.984675
0.987925
0.999500
1.000325
1.000625
1.008675
1.030125
1.030250
1.052550
1.053475
1.058550
1.064000
1.070200
1.071825
1.081875
1.087750
1.110975
1.129750
1.142750
1.166850
1.168225
1.188450
1.204975
1.207350
1.216175
1.219975
1.221650
1.257725
1.275950
1.296025
1.306550
1.328050
1.340800
1.341575
1.350200
1.398650
1.409800
1.417550
1.431375
1.434125
1.436575
1.445475
1.445925
1.477650
1.515000
1.528250
1.569600
1.604775
1.630400
1.639775
1.704875
1.747400
1.777200
1.843725
2.207275
2.288500
251
