0.001375
0.005675
0.008750
0.009025
0.010925
0.012775
0.021300
0.022975
0.024000
0.033875
0.037650
0.041150
0.041350
0.049200
0.049650
0.051675
0.059825
0.065500
0.066375
0.069200
0.077075
0.077750
0.081900
0.087200
0.090700
0.093750
0.098800
0.100375
0.100925
0.102150
0.104375
0.113125
0.119950
0.124925
0.127675
0.130075
0.135075
0.137275
0.139575
0.141525
0.145250
0.148000
0.150050
0.151150
0.152750
0.153175
0.158725
0.160675
0.160850
0.163900
0.169200
0.171000
0.171825
0.175975
0.185325
0.185950
0.187275
0.189875
0.193625
0.197500
0.197950
0.204325
0.207650
0.223200
0.233875
0.235000
0.238075
0.238275
0.242375
0.255500
0.281525
0.283025
0.285450
0.290875
0.295200
0.300175
0.307250
0.322775
0.323275
0.323275
0.328000
0.333325
0.339825
0.340550
0.345050
0.347375
0.348450
0.352000
0.355850
0.361250
0.361675
0.365750
0.371225
0.372050
0.376800
0.381125
0.383650
0.385025
0.390250
0.394100
0.394825
0.401450
0.405975
0.415075
0.416375
0.417275
0.420575
0.423325
0.423925
0.424175
0.424825
0.425500
0.427700
0.428825
0.431150
0.431575
0.432175
0.432950
0.442775
0.446275
0.447375
0.454275
0.456775
0.457750
0.462250
0.462525
0.463575
0.463800
0.465625
0.471750
0.482350
0.487050
0.503500
0.506650
0.523325
0.527350
0.538725
0.539375
0.549350
0.554750
0.563100
0.568275
0.569150
0.571025
0.571650
0.572850
0.578325
0.593375
0.594050
0.600900
0.603450
0.632200
0.636125
0.637475
0.642600
0.643000
0.648225
0.648650
0.651575
0.653750
0.657825
0.669300
0.672750
0.684175
0.691225
0.691975
0.696500
0.701125
0.704325
0.707725
0.707975
0.710525
0.717100
0.719725
0.722100
0.723175
0.729750
0.733200
0.735300
0.741600
0.745225
0.746550
0.751500
0.751725
0.758175
0.758650
0.759750
0.760775
0.761500
0.764150
0.764325
0.768075
0.771100
0.780000
0.788900
0.791275
0.794575
0.797550
0.800675
0.802575
0.804650
0.805950
0.814400
0.817675
0.818175
0.818375
0.834600
0.848250
0.849025
0.850550
0.851300
0.853225
0.859250
0.859725
0.860250
0.862775
0.870500
0.873025
0.875725
0.897525
0.911200
0.913975
0.926975
0.934025
0.936350
0.937725
0.939250
0.949475
0.949775
0.951850
0.953575
0.960175
0.963275
0.968475
0.996600
1.000800
1.002100
1.006775
1.034600
1.045925
1.075775
1.092275
1.102650
1.120450
1.156525
1.187300
1.200550
1.210275
1.218900
1.219575
1.223300
1.225000
1.272625
1.274525
1.288675
1.300100
1.377850
1.410525
1.417900
1.503850
1.569475
1.574825
1.601825
1.615125
1.655500
1.705225
1.712175
1.739100
1.863650
1.907325
2.033650
2.090900
2.243675
2.245250
2.252125
2.272550
2.336200
2.460425
2.472000
279
