0.000700
0.003375
0.011500
0.017025
0.021475
0.022650
0.025125
0.042075
0.043250
0.045375
0.047650
0.047975
0.049025
0.059675
0.069000
0.079600
0.085050
0.085550
0.088475
0.097275
0.112625
0.118725
0.128675
0.130725
0.137575
0.139900
0.141150
0.144100
0.146150
0.161325
0.169225
0.175100
0.181575
0.182025
0.185225
0.188650
0.188775
0.191750
0.192300
0.192475
0.210575
0.210675
0.211725
0.214850
0.215625
0.222250
0.224225
0.224375
0.236575
0.248825
0.248950
0.249650
0.250425
0.261125
0.264550
0.265450
0.273300
0.275425
0.277525
0.282075
0.300950
0.302050
0.311400
0.313025
0.320800
0.324650
0.326225
0.337375
0.341250
0.346700
0.360250
0.361975
0.364650
0.367450
0.371750
0.373200
0.386775
0.392125
0.400125
0.404050
0.404175
0.411100
0.415700
0.417425
0.418125
0.421975
0.423550
0.427850
0.439400
0.441350
0.446625
0.449325
0.458750
0.461700
0.463125
0.468150
0.468975
0.470725
0.475300
0.477100
0.480875
0.483275
0.497475
0.497900
0.501025
0.505450
0.507250
0.512150
0.517875
0.525500
0.534525
0.535150
0.536325
0.536900
0.538800
0.539750
0.539875
0.541475
0.542075
0.544350
0.546750
0.550900
0.553325
0.554425
0.555425
0.564700
0.565575
0.576025
0.576300
0.581825
0.592600
0.597325
0.603875
0.606925
0.609800
0.612075
0.615325
0.615850
0.621250
0.625625
0.627500
0.627975
0.630025
0.632825
0.637850
0.640900
0.643700
0.650025
0.658900
0.660875
0.671950
0.673400
0.674050
0.680100
0.683050
0.683275
0.683550
0.685075
0.696400
0.702700
0.713650
0.714725
0.723175
0.727100
0.729325
0.732175
0.734975
0.743725
0.750700
0.754750
0.756450
0.760525
0.762750
0.766575
0.772450
0.772800
0.781050
0.784225
0.787100
0.787225
0.789200
0.789300
0.789475
0.789500
0.795125
0.823700
0.825400
0.835525
0.836625
0.837650
0.845875
0.853425
0.880450
0.889025
0.894075
0.895325
0.897300
0.899750
0.915275
0.923950
0.929475
0.934675
0.943100
0.943400
0.951150
0.951400
0.960100
0.965625
0.978125
0.980725
0.986275
0.987300
0.987775
0.988550
0.992700
1.008825
1.013425
1.019375
1.029550
1.039600
1.057900
1.071000
1.079675
1.095725
1.114850
1.122550
1.123825
1.125500
1.126500
1.146625
1.147200
1.163600
1.163600
1.188900
1.196025
1.208175
1.248200
1.259875
1.265875
1.267600
1.280700
1.282350
1.306050
1.317300
1.367725
1.378000
1.396425
1.427900
1.432100
1.488725
1.509925
1.511100
1.533050
1.589200
1.611875
1.626625
1.881525
2.017350
2.106825
2.315350
2.378350
2.396175
262
