0.001100
0.004400
0.007100
0.007375
0.008125
0.011225
0.021175
0.021850
0.034850
0.034900
0.035125
0.035925
0.037800
0.046375
0.051275
0.055300
0.058050
0.061550
0.064850
0.071175
0.083550
0.083725
0.085500
0.089875
0.090450
0.092850
0.100900
0.102275
0.118450
0.123225
0.125650
0.133050
0.135300
0.142925
0.151225
0.152925
0.157550
0.161550
0.162700
0.162775
0.164675
0.167450
0.168400
0.173125
0.174500
0.174650
0.175350
0.175975
0.178300
0.181325
0.182100
0.186650
0.189725
0.196450
0.205625
0.222025
0.223650
0.225750
0.233075
0.238350
0.242000
0.243100
0.247275
0.247525
0.256050
0.261300
0.262125
0.264425
0.266550
0.266550
0.268200
0.278150
0.298400
0.298575
0.299625
0.301000
0.301450
0.304875
0.305650
0.324750
0.325450
0.327675
0.331375
0.332300
0.332625
0.334900
0.341075
0.342225
0.343775
0.351175
0.355800
0.359650
0.372800
0.376125
0.380375
0.384525
0.389275
0.392725
0.393800
0.394100
0.400050
0.400925
0.403800
0.408450
0.408725
0.409250
0.409800
0.410650
0.418375
0.418900
0.423075
0.427925
0.428725
0.435625
0.435625
0.440950
0.441400
0.441425
0.453650
0.466925
0.467675
0.469250
0.472350
0.490525
0.498175
0.508650
0.525225
0.530275
0.536875
0.539325
0.543350
0.545475
0.546025
0.550075
0.563875
0.569725
0.580075
0.580175
0.588425
0.590325
0.590950
0.591000
0.599350
0.603900
0.605025
0.607525
0.626350
0.626675
0.626825
0.628025
0.629825
0.633225
0.633300
0.637125
0.638425
0.651250
0.653875
0.670125
0.673750
0.680875
0.684825
0.693125
0.696100
0.697075
0.707175
0.712200
0.715925
0.719600
0.721200
0.722450
0.722475
0.725125
0.725650
0.730250
0.732425
0.737575
0.744775
0.754500
0.756775
0.759775
0.763600
0.765300
0.765875
0.766775
0.768025
0.775625
0.778600
0.784325
0.784575
0.787800
0.789850
0.790375
0.792325
0.793925
0.794950
0.798400
0.798600
0.808100
0.812025
0.820450
0.834200
0.834775
0.837975
0.840075
0.844200
0.848850
0.853500
0.867600
0.867825
0.874125
0.876000
0.876000
0.882900
0.887150
0.888875
0.896225
0.900950
0.903550
0.903600
0.906675
0.907200
0.908525
0.909625
0.928675
0.928875
0.952325
0.958800
0.967750
0.993825
0.995325
1.015200
1.044050
1.044175
1.045550
1.050750
1.073550
1.077550
1.116075
1.139625
1.161300
1.164275
1.178425
1.179175
1.244575
1.261350
1.261725
1.270775
1.273725
1.297350
1.306675
1.313725
1.323125
1.323300
1.328650
1.363225
1.370500
1.421750
1.498000
1.498475
1.532325
1.614200
1.620850
1.653575
1.659725
1.719875
1.744625
1.842100
1.900375
1.916950
1.950025
2.050400
2.218175
2.261075
2.293100
2.375550
275
