0.011175
0.013375
0.018475
0.019950
0.029525
0.030175
0.032900
0.038400
0.039425
0.042850
0.044125
0.048650
0.051275
0.051375
0.065250
0.066350
0.068075
0.077900
0.083550
0.085500
0.089975
0.094825
0.098175
0.102950
0.107500
0.110275
0.115750
0.117725
0.130975
0.141675
0.144875
0.147075
0.151325
0.151500
0.156200
0.164275
0.164900
0.165825
0.175450
0.178875
0.180150
0.182675
0.183850
0.186425
0.190375
0.201400
0.204400
0.208425
0.209725
0.222250
0.222875
0.223150
0.223175
0.225025
0.231175
0.231450
0.234375
0.237425
0.237600
0.239300
0.244850
0.254075
0.263025
0.263925
0.264700
0.266975
0.268175
0.269650
0.274950
0.282675
0.307625
0.308350
0.313500
0.317025
0.325875
0.327550
0.329200
0.337700
0.347300
0.348400
0.348725
0.349175
0.350450
0.362075
0.367675
0.370750
0.381025
0.382175
0.383925
0.384375
0.384425
0.394600
0.408125
0.409600
0.411975
0.417425
0.420350
0.424150
0.430725
0.432850
0.433300
0.436375
0.447350
0.448350
0.470025
0.474075
0.476325
0.484750
0.485450
0.488650
0.491225
0.496450
0.499875
0.500225
0.504400
0.505375
0.506875
0.513300
0.513475
0.516350
0.518625
0.520425
0.522200
0.535825
0.542750
0.557200
0.565575
0.567175
0.572425
0.573350
0.573450
0.581400
0.584700
0.584775
0.587725
0.589475
0.593700
0.599525
0.600300
0.601125
0.601925
0.603875
0.610275
0.620350
0.624850
0.626275
0.630425
0.635825
0.639425
0.640000
0.640800
0.641125
0.642175
0.642375
0.642900
0.646025
0.649400
0.658025
0.662700
0.673675
0.674075
0.678875
0.680375
0.694800
0.697125
0.700125
0.700725
0.702625
0.704325
0.712975
0.716075
0.718375
0.728550
0.735775
0.736550
0.742150
0.750250
0.765125
0.765850
0.770425
0.775425
0.780850
0.783825
0.783900
0.785725
0.813975
0.817025
0.823475
0.826100
0.835375
0.850650
0.854000
0.858475
0.874075
0.874575
0.881700
0.882550
0.890950
0.894975
0.896500
0.902125
0.914675
0.939000
0.947000
0.947425
0.954675
0.958075
0.959225
0.963000
0.963800
0.966800
0.966875
0.968650
0.968900
0.971525
0.981225
0.985325
0.987850
1.001100
1.008575
1.019450
1.019900
1.020625
1.025950
1.027425
1.032850
1.048625
1.053375
1.064850
1.073975
1.085250
1.095000
1.095450
1.097675
1.153800
1.159225
1.183850
1.190150
1.242350
1.264700
1.265725
1.324675
1.336925
1.361625
1.378775
1.394000
1.418600
1.441375
1.486300
1.538975
1.562975
1.593625
1.670750
1.681200
1.694750
1.775775
1.824900
1.895375
1.930650
1.963500
260
