0.000525
0.008100
0.023300
0.023500
0.033700
0.034025
0.035500
0.042150
0.042525
0.046050
0.058150
0.059950
0.061350
0.066175
0.071725
0.083650
0.089775
0.092850
0.093275
0.095300
0.100825
0.102300
0.102425
0.108150
0.108150
0.123850
0.123875
0.124075
0.133100
0.136600
0.137900
0.140250
0.144825
0.149700
0.164600
0.175625
0.176875
0.177025
0.182000
0.182500
0.182800
0.183625
0.184675
0.191975
0.193850
0.202650
0.211750
0.213800
0.215550
0.220600
0.226600
0.255775
0.255975
0.259525
0.261850
0.262500
0.263675
0.264250
0.266275
0.266700
0.283600
0.287450
0.294600
0.299850
0.301750
0.303775
0.308475
0.309875
0.310950
0.312950
0.315150
0.324450
0.333425
0.353325
0.363525
0.364600
0.367400
0.367525
0.375550
0.379250
0.380900
0.385925
0.389200
0.390275
0.393825
0.404550
0.404700
0.404825
0.404875
0.415600
0.420650
0.439650
0.446500
0.453000
0.453575
0.458200
0.462950
0.470525
0.470925
0.473975
0.474100
0.476400
0.478300
0.478300
0.483050
0.488225
0.491075
0.494775
0.494975
0.495625
0.497725
0.498125
0.498625
0.505250
0.509125
0.510400
0.512950
0.521150
0.524925
0.528800
0.532125
0.533550
0.534750
0.548200
0.549675
0.554400
0.555425
0.561075
0.562300
0.564375
0.565525
0.568600
0.571100
0.579425
0.585275
0.586025
0.588800
0.590075
0.596300
0.601050
0.603925
0.605925
0.611925
0.614575
0.627075
0.627775
0.631525
0.642550
0.652100
0.663400
0.671725
0.673900
0.694100
0.707500
0.709325
0.710075
0.718750
0.718750
0.725475
0.730075
0.741525
0.743775
0.744075
0.753050
0.755500
0.756025
0.769375
0.783475
0.790600
0.791125
0.791500
0.791800
0.793625
0.796525
0.797225
0.798925
0.799525
0.808700
0.814350
0.820025
0.825625
0.826450
0.827375
0.828175
0.828625
0.831425
0.835450
0.836250
0.846475
0.846625
0.854025
0.863750
0.864975
0.865250
0.876300
0.879375
0.880625
0.884975
0.898000
0.905125
0.918700
0.918725
0.928350
0.933600
0.942525
0.947125
0.960400
0.983150
0.984550
0.991500
1.013450
1.028275
1.032275
1.032900
1.046575
1.067700
1.068075
1.077700
1.087350
1.089375
1.098575
1.105525
1.106000
1.112600
1.118925
1.119925
1.121050
1.121650
1.135600
1.143475
1.199875
1.237725
1.256550
1.279725
1.340200
1.359625
1.381975
1.390975
1.396400
1.412975
1.419425
1.496975
1.499400
1.534150
1.561825
1.577350
1.594300
1.607450
1.624050
1.714525
1.741750
1.790650
1.889050
1.916400
2.115075
2.161525
2.231150
2.310700
258
