0.001175
0.001275
0.002100
0.009000
0.013750
0.017400
0.022800
0.028125
0.035275
0.038975
0.041675
0.048750
0.057275
0.062900
0.068475
0.071350
0.072425
0.077875
0.081925
0.082450
0.093425
0.095125
0.100925
0.109025
0.118125
0.120375
0.123200
0.124875
0.125725
0.135075
0.135250
0.141925
0.142075
0.143025
0.145025
0.146600
0.157150
0.183250
0.183650
0.183925
0.189400
0.190575
0.196950
0.199275
0.203425
0.204425
0.209875
0.218100
0.220725
0.222725
0.224450
0.225350
0.230450
0.231550
0.250350
0.254175
0.260975
0.283700
0.304550
0.305125
0.307425
0.310725
0.311675
0.313025
0.321375
0.328425
0.329800
0.332625
0.340625
0.349125
0.360175
0.361125
0.367750
0.377475
0.382750
0.383100
0.384000
0.389175
0.392750
0.393675
0.396525
0.399425
0.418725
0.429125
0.429425
0.434675
0.434975
0.435650
0.440250
0.444500
0.449300
0.455025
0.469850
0.470250
0.470375
0.471900
0.476150
0.477725
0.489425
0.504600
0.511700
0.514700
0.521650
0.527350
0.527700
0.528225
0.533700
0.543525
0.546075
0.550625
0.555550
0.557275
0.557850
0.558975
0.560100
0.562475
0.565575
0.566425
0.571875
0.573275
0.578500
0.589275
0.593350
0.595375
0.597250
0.600950
0.606925
0.610600
0.614475
0.614650
0.615375
0.618150
0.625200
0.637150
0.647875
0.649125
0.649400
0.650675
0.669475
0.673200
0.680850
0.684450
0.686375
0.696825
0.698150
0.700875
0.719750
0.730275
0.732775
0.732825
0.736050
0.742775
0.748250
0.750950
0.753600
0.753850
0.767225
0.767950
0.772925
0.784725
0.788675
0.797700
0.809875
0.818325
0.818925
0.820425
0.821325
0.821650
0.824525
0.826475
0.832425
0.834350
0.836825
0.842925
0.844775
0.852375
0.852600
0.855300
0.859425
0.863600
0.903900
0.908950
0.909000
0.929050
0.935500
0.945875
0.952525
0.964650
0.990150
1.010875
1.023950
1.029500
1.035350
1.042125
1.050475
1.053275
1.070250
1.082350
1.090000
1.092100
1.100200
1.117800
1.118325
1.148850
1.152100
1.157900
1.161275
1.164475
1.205325
1.232375
1.238550
1.242975
1.284075
1.337250
1.341050
1.354150
1.384625
1.414100
1.465950
1.492175
1.561825
1.562600
1.603250
1.663050
1.686375
1.767450
1.847050
1.863875
1.918375
2.329550
230
