0.000675
0.001775
0.005025
0.012025
0.018075
0.020375
0.022850
0.028050
0.043650
0.044500
0.054200
0.054850
0.055775
0.065775
0.065975
0.086425
0.087875
0.098775
0.101725
0.108450
0.118425
0.118825
0.121850
0.124850
0.126375
0.127500
0.128825
0.133600
0.150450
0.152625
0.158425
0.175325
0.176200
0.178950
0.179700
0.179750
0.183575
0.203700
0.218875
0.220850
0.226050
0.229675
0.230325
0.233750
0.243750
0.255250
0.258050
0.267875
0.268325
0.272975
0.279200
0.280475
0.285125
0.286775
0.287525
0.288575
0.289625
0.295950
0.304325
0.316025
0.320075
0.327575
0.330775
0.334575
0.337750
0.348350
0.351825
0.353075
0.356075
0.365225
0.366000
0.369025
0.369250
0.376025
0.385775
0.386950
0.393025
0.394275
0.395775
0.396375
0.396800
0.400275
0.415750
0.420975
0.423475
0.434475
0.437225
0.444125
0.451900
0.453900
0.457100
0.460725
0.464150
0.469300
0.485275
0.488200
0.489375
0.504900
0.506225
0.509225
0.513500
0.517225
0.530550
0.530900
0.531250
0.549550
0.555225
0.557525
0.565350
0.566600
0.567550
0.569875
0.573525
0.575850
0.576475
0.579575
0.591200
0.601475
0.603550
0.604900
0.607425
0.609325
0.616150
0.624500
0.628700
0.629550
0.638425
0.646300
0.648775
0.654700
0.657950
0.658350
0.676050
0.680550
0.682725
0.686100
0.687150
0.688550
0.697950
0.700550
0.706325
0.708450
0.715425
0.719500
0.727250
0.732050
0.735250
0.736650
0.737200
0.749725
0.751100
0.777000
0.780550
0.783100
0.783725
0.805750
0.813925
0.818350
0.819025
0.832650
0.838400
0.839550
0.850975
0.879125
0.888525
0.896950
0.902775
0.909300
0.913800
0.915525
0.916925
0.925250
0.935900
0.944475
0.946450
0.948875
0.949500
0.962550
0.974650
0.977800
0.979375
0.988325
0.997775
1.005100
1.009625
1.010575
1.016325
1.021525
1.028775
1.029325
1.044650
1.044775
1.063375
1.067150
1.091525
1.098725
1.099475
1.108150
1.109750
1.142625
1.145450
1.148925
1.152250
1.153550
1.159900
1.169900
1.170325
1.170475
1.174100
1.197400
1.198050
1.267875
1.273300
1.275800
1.289625
1.308275
1.312575
1.333300
1.395725
1.422450
1.463975
1.498525
1.531100
1.551700
1.609200
1.667925
1.683250
1.693675
1.829300
1.934225
1.997500
2.196100
232
