0.003825
0.006050
0.011450
0.012625
0.013775
0.014225
0.014675
0.020800
0.025600
0.025875
0.030125
0.030275
0.034500
0.036500
0.042350
0.044975
0.048425
0.053200
0.059850
0.072175
0.076825
0.081075
0.084950
0.094900
0.098825
0.100275
0.101025
0.101950
0.108475
0.111075
0.114025
0.118675
0.123650
0.124175
0.126200
0.130200
0.130500
0.131150
0.151075
0.153250
0.153925
0.156425
0.157150
0.171800
0.177775
0.178225
0.182775
0.183425
0.192050
0.192500
0.192675
0.193150
0.193625
0.199600
0.200650
0.201025
0.218150
0.230675
0.242100
0.247400
0.256700
0.256875
0.259275
0.260625
0.260675
0.264500
0.265525
0.279675
0.281150
0.282100
0.301425
0.304500
0.312300
0.313775
0.325800
0.336100
0.336200
0.336950
0.337075
0.340800
0.340875
0.349975
0.352950
0.353700
0.367975
0.369450
0.371075
0.371200
0.373275
0.375225
0.383875
0.390075
0.396200
0.397025
0.409800
0.410050
0.411950
0.413175
0.421250
0.426400
0.434950
0.437600
0.440425
0.440875
0.442375
0.442625
0.442625
0.447625
0.448400
0.449750
0.451175
0.468200
0.468450
0.470375
0.477650
0.480700
0.485375
0.495875
0.506350
0.509975
0.522000
0.522275
0.524175
0.532300
0.534275
0.536700
0.547525
0.555675
0.558750
0.560125
0.564325
0.568025
0.586975
0.589125
0.592400
0.594525
0.600025
0.601000
0.604975
0.605475
0.606325
0.608875
0.620400
0.624400
0.625450
0.628325
0.629550
0.632375
0.632500
0.640100
0.646100
0.648975
0.651175
0.651450
0.651825
0.655125
0.656700
0.658775
0.659500
0.672025
0.673825
0.682775
0.686600
0.687850
0.702600
0.707525
0.709575
0.713925
0.714775
0.722675
0.730700
0.734575
0.735925
0.740725
0.746800
0.747200
0.747325
0.752975
0.757275
0.757925
0.762425
0.767050
0.768200
0.769575
0.771525
0.772750
0.776375
0.778450
0.782025
0.784250
0.796125
0.807700
0.820075
0.820175
0.820425
0.824925
0.827750
0.828800
0.828875
0.836850
0.847800
0.848200
0.857100
0.857900
0.858825
0.860450
0.862400
0.868700
0.878475
0.879450
0.880175
0.884525
0.890900
0.904850
0.907225
0.921000
0.922025
0.926475
0.928850
0.931900
0.932400
0.939300
0.940600
0.948300
0.957750
0.964000
0.971275
0.978525
0.980425
0.980675
0.980975
0.986825
0.989450
0.991900
0.992075
0.992825
1.012200
1.018200
1.023775
1.043150
1.045225
1.050650
1.053875
1.072850
1.089300
1.092275
1.092450
1.097350
1.119900
1.122475
1.129800
1.130625
1.178650
1.182325
1.187650
1.209675
1.221625
1.262400
1.272350
1.273750
1.274575
1.276850
1.277450
1.290550
1.295850
1.304400
1.333275
1.358950
1.362100
1.374600
1.436925
1.449475
1.461325
1.568750
1.688725
1.691075
1.701025
1.709750
1.803875
1.828100
1.879875
1.895925
2.043750
2.250350
284
