0.006750
0.007200
0.007625
0.007975
0.011700
0.014400
0.019825
0.029800
0.030250
0.036375
0.044300
0.046150
0.046350
0.048975
0.055650
0.064650
0.066200
0.067850
0.076800
0.080150
0.085300
0.089475
0.091150
0.095500
0.111625
0.114450
0.114975
0.118475
0.125475
0.132625
0.133025
0.140325
0.142550
0.146375
0.155325
0.160700
0.163775
0.170700
0.171825
0.177650
0.180100
0.184700
0.193325
0.206375
0.230775
0.239250
0.251550
0.261650
0.263300
0.268050
0.277725
0.285850
0.285875
0.286750
0.298850
0.304975
0.315225
0.316325
0.322900
0.323150
0.325600
0.328025
0.335850
0.343900
0.347350
0.351250
0.354300
0.363075
0.363275
0.371650
0.374100
0.374525
0.376850
0.382450
0.385175
0.387325
0.387375
0.388525
0.389025
0.394850
0.395925
0.397175
0.397975
0.398150
0.398575
0.405750
0.418275
0.420925
0.421425
0.432850
0.449200
0.452725
0.459275
0.460525
0.464525
0.465125
0.465575
0.468875
0.470950
0.475300
0.475750
0.479425
0.481675
0.483300
0.489125
0.491400
0.495225
0.496450
0.497500
0.501125
0.508500
0.521125
0.522500
0.531650
0.535975
0.542050
0.544025
0.544150
0.549475
0.549600
0.569675
0.571950
0.572900
0.575050
0.576800
0.579150
0.584100
0.584925
0.585550
0.592100
0.595050
0.600825
0.607025
0.621650
0.621975
0.623225
0.624100
0.630225
0.635950
0.649675
0.656950
0.660150
0.665850
0.670875
0.671475
0.683200
0.685450
0.685725
0.696100
0.697900
0.700225
0.713975
0.714350
0.726125
0.735825
0.742950
0.745375
0.752500
0.758275
0.762650
0.770325
0.776875
0.778500
0.786125
0.789425
0.798450
0.813625
0.815625
0.819800
0.822500
0.826400
0.840925
0.849225
0.864300
0.866750
0.868925
0.883350
0.901675
0.910275
0.918950
0.930700
0.939475
0.948225
0.957875
0.965925
0.967875
0.976525
0.996450
1.005650
1.007250
1.008325
1.045225
1.102525
1.107625
1.108475
1.112575
1.115975
1.148025
1.157125
1.162625
1.194900
1.236300
1.321075
1.339425
1.359700
1.375325
1.378925
1.389875
1.428100
1.446450
1.473400
1.516300
1.520025
1.630100
1.649300
1.666525
1.670050
1.780500
1.894375
1.946950
1.968650
2.233825
2.234400
223
