0.002100
0.013950
0.019450
0.028800
0.038825
0.040050
0.040725
0.045875
0.049100
0.052775
0.054625
0.055550
0.055575
0.062750
0.075650
0.084900
0.085475
0.085525
0.092125
0.092475
0.094450
0.099975
0.100325
0.100700
0.102425
0.105275
0.113750
0.119750
0.125450
0.128075
0.137325
0.144725
0.146575
0.147100
0.148600
0.150975
0.152000
0.154750
0.158100
0.159900
0.168350
0.170025
0.173025
0.173775
0.176200
0.191875
0.207000
0.209475
0.210775
0.210850
0.211000
0.211275
0.212950
0.225900
0.226025
0.233575
0.237525
0.238800
0.240475
0.243075
0.244900
0.253900
0.258625
0.259300
0.259400
0.260000
0.268075
0.273025
0.273900
0.280250
0.281475
0.289175
0.292050
0.292400
0.295400
0.298475
0.301625
0.303500
0.306750
0.310375
0.311925
0.313875
0.314350
0.314900
0.330775
0.331550
0.334100
0.336425
0.341625
0.342200
0.356375
0.363375
0.366800
0.367075
0.372200
0.388125
0.388750
0.391375
0.392550
0.394425
0.395300
0.397575
0.406650
0.409425
0.416025
0.434125
0.434925
0.436375
0.439650
0.449550
0.459000
0.461325
0.463050
0.465375
0.466725
0.476925
0.482600
0.487575
0.491875
0.491900
0.492175
0.494575
0.495050
0.504850
0.504875
0.508475
0.509525
0.510550
0.515700
0.521075
0.521850
0.527875
0.529975
0.533400
0.538050
0.541600
0.545375
0.547600
0.548125
0.549950
0.558275
0.573975
0.578100
0.580150
0.590375
0.593950
0.594125
0.595925
0.601475
0.608175
0.608600
0.609750
0.610675
0.611975
0.621850
0.628075
0.634575
0.640175
0.640375
0.641975
0.646950
0.651175
0.657125
0.682650
0.682850
0.693000
0.693750
0.696175
0.702725
0.707700
0.708300
0.709025
0.713875
0.719925
0.748500
0.753975
0.754525
0.756800
0.765025
0.766925
0.768775
0.772275
0.777425
0.781200
0.790450
0.792325
0.795450
0.797875
0.805475
0.805725
0.824075
0.828900
0.833850
0.835025
0.839075
0.839275
0.846550
0.854150
0.867650
0.868000
0.874725
0.879550
0.907350
0.907450
0.907725
0.909950
0.910675
0.914625
0.920000
0.927050
0.927275
0.931350
0.939300
0.949875
0.967700
0.968075
0.981000
0.984725
1.009475
1.016050
1.034750
1.035925
1.039275
1.045175
1.061000
1.061450
1.065700
1.074150
1.083800
1.099850
1.131475
1.143625
1.157825
1.158750
1.181800
1.193025
1.225650
1.246275
1.286725
1.306350
1.321450
1.330500
1.365800
1.388375
1.391600
1.395950
1.423775
1.427850
1.473325
1.485750
1.515975
1.545725
1.689500
1.693325
1.747150
1.802500
1.871100
1.915650
2.147350
2.280625
2.402375
2.405850
2.425250
263
