0.001100
0.006300
0.007500
0.016100
0.018325
0.018700
0.023475
0.024975
0.035575
0.037475
0.043675
0.044425
0.050750
0.051650
0.052025
0.052975
0.057375
0.058750
0.064075
0.065600
0.069650
0.073575
0.077825
0.079875
0.085325
0.088675
0.098175
0.100500
0.102025
0.104525
0.112050
0.115825
0.118000
0.118575
0.127825
0.132700
0.136825
0.140275
0.140875
0.145950
0.151000
0.152525
0.154700
0.157600
0.162550
0.170325
0.172150
0.176675
0.182100
0.210850
0.212075
0.215750
0.217075
0.220525
0.220625
0.222675
0.229075
0.231825
0.238400
0.239300
0.243200
0.245350
0.259425
0.261200
0.264850
0.274850
0.290425
0.291450
0.291525
0.297325
0.298450
0.306075
0.312250
0.319950
0.322675
0.324900
0.330400
0.331750
0.334225
0.341950
0.342625
0.349975
0.356550
0.364300
0.376425
0.381675
0.387300
0.394900
0.408725
0.415850
0.420125
0.428275
0.433200
0.434300
0.442825
0.443400
0.443600
0.447600
0.453725
0.454125
0.464550
0.466775
0.468875
0.469600
0.469700
0.472400
0.473575
0.486100
0.487500
0.505825
0.506825
0.507000
0.520725
0.526375
0.528225
0.529375
0.534675
0.539550
0.562325
0.564600
0.577225
0.579350
0.582300
0.589850
0.605125
0.607550
0.615275
0.615875
0.629150
0.633350
0.635525
0.639250
0.640950
0.641650
0.657275
0.658825
0.660050
0.669275
0.674225
0.681925
0.686475
0.688225
0.689025
0.698050
0.704425
0.706150
0.706750
0.709050
0.711425
0.716050
0.731050
0.734975
0.745125
0.748825
0.759700
0.760325
0.761475
0.761650
0.761875
0.765575
0.766150
0.767625
0.768300
0.770125
0.771600
0.775225
0.782250
0.788600
0.792300
0.794950
0.799650
0.806875
0.814200
0.820300
0.820550
0.824900
0.825250
0.828175
0.832800
0.833900
0.839650
0.850425
0.857275
0.859200
0.861625
0.863375
0.872750
0.873700
0.881325
0.881725
0.886425
0.891900
0.919675
0.942425
0.952300
0.977050
0.983025
0.987025
0.993825
1.006975
1.019650
1.029700
1.038950
1.061375
1.074400
1.082750
1.083900
1.114250
1.125275
1.125575
1.136575
1.140125
1.153700
1.167250
1.186175
1.196300
1.260275
1.261300
1.274775
1.298625
1.304650
1.334225
1.356725
1.373475
1.404550
1.417975
1.452250
1.470350
1.484600
1.569625
1.591475
1.684975
1.744550
1.760225
1.795650
1.826500
1.846250
1.927475
1.958300
2.005650
240
