0.008675
0.009325
0.016700
0.022200
0.029675
0.032450
0.036400
0.038875
0.045900
0.065150
0.067575
0.069475
0.088200
0.097350
0.097400
0.112700
0.125450
0.126225
0.128600
0.128800
0.135300
0.136525
0.137350
0.138000
0.140450
0.141050
0.142300
0.150250
0.155900
0.155900
0.169125
0.169450
0.172050
0.172675
0.175950
0.176375
0.182875
0.183900
0.187050
0.199375
0.205175
0.205250
0.212200
0.212875
0.235950
0.241975
0.243725
0.258925
0.270800
0.271400
0.273225
0.274075
0.281825
0.284300
0.286075
0.287775
0.292975
0.297050
0.300025
0.310250
0.315450
0.318400
0.320425
0.323725
0.327125
0.330525
0.330625
0.330725
0.338775
0.343725
0.347575
0.347825
0.351525
0.355275
0.356225
0.377775
0.390025
0.391350
0.391500
0.392800
0.393250
0.396150
0.396900
0.406025
0.408850
0.410925
0.411975
0.422025
0.424750
0.426775
0.434700
0.448650
0.453000
0.455650
0.464475
0.464525
0.467700
0.468700
0.471700
0.473950
0.492900
0.493700
0.493875
0.497175
0.505325
0.506175
0.510475
0.521275
0.528100
0.532650
0.539250
0.539450
0.540600
0.544525
0.547450
0.551850
0.554150
0.558950
0.565950
0.569975
0.575600
0.579625
0.581725
0.587125
0.589400
0.598725
0.606575
0.607275
0.615075
0.615225
0.615825
0.621500
0.623300
0.625575
0.629500
0.631300
0.635100
0.635375
0.635375
0.639275
0.650325
0.654050
0.657300
0.668450
0.685100
0.688300
0.697250
0.697375
0.710975
0.724625
0.726500
0.727425
0.728425
0.735650
0.745150
0.769075
0.779700
0.783425
0.792725
0.800150
0.800975
0.801000
0.803625
0.813425
0.820075
0.821775
0.825875
0.848175
0.851350
0.851450
0.859125
0.861925
0.893100
0.908625
0.915600
0.917725
0.927475
0.932050
0.941125
0.950350
0.957675
0.970450
0.972400
0.981275
1.008525
1.029825
1.031500
1.032650
1.034575
1.040375
1.051275
1.074300
1.079300
1.086300
1.095650
1.127650
1.168050
1.175525
1.206400
1.212800
1.233100
1.264175
1.274450
1.297225
1.305900
1.312225
1.316800
1.404775
1.425875
1.460700
1.465500
1.482450
1.485725
1.498150
1.506825
1.525675
1.534850
1.585525
1.647775
1.677400
1.754300
1.804150
1.886550
1.986950
2.349100
2.391800
2.410775
2.468200
2.483075
229
