0.001250
0.004600
0.013125
0.015800
0.017600
0.018725
0.019200
0.020275
0.022425
0.026950
0.035700
0.038825
0.041025
0.047825
0.053250
0.058050
0.065150
0.066650
0.067950
0.070700
0.072200
0.077225
0.078775
0.079175
0.080300
0.090100
0.100025
0.101850
0.104450
0.107000
0.113450
0.113475
0.116325
0.117075
0.118975
0.122525
0.124550
0.132275
0.133325
0.134125
0.141300
0.145200
0.149175
0.151575
0.162950
0.167625
0.168600
0.168825
0.169725
0.177100
0.177475
0.185575
0.187100
0.191950
0.193525
0.193750
0.198000
0.199300
0.202475
0.206150
0.210200
0.213075
0.220400
0.224950
0.230075
0.233275
0.238825
0.239575
0.240050
0.252125
0.254100
0.254350
0.259250
0.259575
0.265425
0.274125
0.286600
0.296250
0.297800
0.303075
0.308100
0.327525
0.334850
0.335000
0.335900
0.340000
0.342500
0.344050
0.345400
0.345600
0.361425
0.362225
0.365350
0.389275
0.391650
0.394600
0.403275
0.406800
0.408200
0.411700
0.422950
0.423600
0.430600
0.433450
0.433525
0.437475
0.447400
0.461450
0.462200
0.463450
0.468750
0.470550
0.474250
0.475100
0.481275
0.481950
0.487550
0.489475
0.489700
0.494850
0.500925
0.530175
0.532400
0.535925
0.539800
0.551450
0.556725
0.557625
0.563575
0.572450
0.574350
0.577825
0.584200
0.584600
0.593100
0.597500
0.602100
0.612675
0.613500
0.615250
0.620775
0.624425
0.638125
0.642850
0.650175
0.650875
0.658225
0.664950
0.670900
0.675100
0.677225
0.681850
0.693975
0.703625
0.713375
0.740425
0.746025
0.749025
0.751150
0.751400
0.754175
0.754525
0.759775
0.765000
0.766025
0.767850
0.770275
0.775675
0.782500
0.793550
0.795650
0.808975
0.811350
0.823350
0.825175
0.832700
0.837550
0.840600
0.840975
0.846625
0.862750
0.866175
0.874400
0.887425
0.893150
0.894825
0.905425
0.917550
0.933975
0.963950
0.969825
0.987200
0.999600
1.010925
1.013900
1.018050
1.023025
1.034400
1.036400
1.045500
1.054150
1.063000
1.070575
1.077875
1.083000
1.083225
1.083500
1.084050
1.133600
1.171325
1.183125
1.185675
1.213325
1.219875
1.227875
1.268625
1.280050
1.281375
1.309200
1.340275
1.366275
1.395750
1.460525
1.464625
1.529075
1.581650
1.634600
1.656925
1.706900
1.719000
1.726050
1.757700
1.830575
1.853875
1.898700
2.041050
2.146825
2.182900
2.222400
2.227675
240
