0.003075
0.014050
0.025225
0.031275
0.031625
0.033575
0.038725
0.042600
0.045200
0.047450
0.049325
0.050675
0.054250
0.063850
0.076350
0.081675
0.083875
0.092675
0.105225
0.112625
0.121750
0.128425
0.130100
0.141700
0.143250
0.146425
0.149200
0.156100
0.159850
0.160550
0.162875
0.165175
0.168850
0.169900
0.170275
0.172875
0.172900
0.177200
0.177400
0.179825
0.183450
0.184700
0.187275
0.190700
0.193475
0.196750
0.204825
0.213925
0.218450
0.224175
0.224475
0.234650
0.243025
0.250800
0.254175
0.254200
0.254825
0.256425
0.277375
0.280925
0.291000
0.296750
0.297200
0.298275
0.299725
0.301475
0.312175
0.313125
0.314375
0.318525
0.323925
0.328225
0.328500
0.348675
0.362125
0.362800
0.367175
0.369500
0.372250
0.378075
0.383350
0.384675
0.389125
0.397650
0.403350
0.404725
0.405275
0.408575
0.421550
0.423775
0.424400
0.437775
0.444950
0.460175
0.464300
0.473975
0.474600
0.474925
0.481350
0.482150
0.483800
0.488975
0.489900
0.491375
0.501100
0.504525
0.507775
0.513750
0.513800
0.524700
0.526475
0.527750
0.532400
0.534000
0.534275
0.539400
0.542475
0.545275
0.545675
0.562200
0.562700
0.563850
0.571250
0.577075
0.585150
0.586350
0.593300
0.593625
0.595425
0.608100
0.616075
0.623400
0.629825
0.632600
0.634800
0.634825
0.635850
0.644350
0.646075
0.650500
0.656675
0.660075
0.665300
0.668000
0.670225
0.673275
0.677250
0.679750
0.687825
0.690800
0.691550
0.715675
0.717375
0.723400
0.734775
0.742200
0.747200
0.750700
0.754750
0.760600
0.766150
0.768700
0.771075
0.772025
0.774900
0.778100
0.796850
0.797525
0.801800
0.807900
0.816050
0.826775
0.834475
0.835375
0.837325
0.847175
0.854375
0.855725
0.857625
0.858375
0.859900
0.871875
0.874175
0.877350
0.878600
0.879725
0.889100
0.897125
0.903900
0.904150
0.906675
0.916825
0.918800
0.938375
0.963800
0.972125
0.973900
0.998500
1.001750
1.005300
1.011550
1.018550
1.023175
1.028700
1.030475
1.033100
1.040775
1.052575
1.052600
1.061775
1.082325
1.086725
1.091200
1.133900
1.135625
1.140450
1.142150
1.148925
1.158975
1.169875
1.179150
1.195050
1.197175
1.209350
1.211375
1.229675
1.253025
1.267225
1.270900
1.272700
1.294600
1.306400
1.309450
1.326775
1.330400
1.345375
1.351050
1.440925
1.459575
1.471925
1.480800
1.494475
1.534175
1.567225
1.622750
1.835550
1.942700
2.347125
2.439050
2.451775
250
