0.000025
0.006125
0.006350
0.012300
0.013250
0.014975
0.015500
0.019525
0.021375
0.027475
0.035575
0.037050
0.055450
0.060500
0.067150
0.073650
0.076700
0.080725
0.081050
0.082925
0.083775
0.084225
0.089825
0.095750
0.097250
0.106975
0.117025
0.125250
0.126050
0.135375
0.141600
0.143825
0.149125
0.149900
0.152200
0.152975
0.153125
0.156525
0.167200
0.177700
0.185225
0.189825
0.194175
0.207250
0.207500
0.210050
0.217350
0.220100
0.228575
0.230075
0.243900
0.250850
0.253275
0.263000
0.271575
0.282550
0.283100
0.289425
0.291275
0.295925
0.305100
0.307675
0.310125
0.323325
0.334275
0.334750
0.347950
0.364625
0.378250
0.388175
0.389900
0.393400
0.393525
0.393975
0.397625
0.405600
0.405900
0.406250
0.407600
0.421400
0.428025
0.429325
0.440350
0.445350
0.445925
0.449025
0.452250
0.453300
0.464575
0.483700
0.488475
0.490800
0.497950
0.500700
0.502350
0.504050
0.504725
0.514775
0.515350
0.516600
0.529750
0.539350
0.540050
0.540100
0.547450
0.547575
0.558825
0.561025
0.572700
0.573675
0.587000
0.603325
0.604800
0.611900
0.620125
0.620350
0.624000
0.634800
0.639700
0.641800
0.647425
0.655850
0.656150
0.661700
0.664150
0.683750
0.695425
0.706475
0.707625
0.708725
0.714650
0.721125
0.751275
0.765125
0.788850
0.790825
0.792775
0.796175
0.797000
0.801200
0.802875
0.804950
0.805150
0.805650
0.817150
0.824975
0.825750
0.842625
0.844075
0.849900
0.849975
0.852250
0.856600
0.863300
0.872275
0.876200
0.886050
0.891325
0.891725
0.897600
0.900300
0.900975
0.902625
0.903800
0.904100
0.904225
0.911175
0.911275
0.924200
0.926475
0.929250
0.933325
0.950700
0.959400
0.977500
0.985825
0.998375
1.007950
1.009550
1.021850
1.030450
1.043000
1.048925
1.091225
1.104050
1.127050
1.137925
1.180350
1.192525
1.202300
1.225700
1.286925
1.297075
1.319775
1.351725
1.362475
1.398000
1.413525
1.445050
1.468425
1.481725
1.544475
1.548350
1.664100
1.674400
1.693525
1.697150
1.802450
2.021700
2.102925
2.207525
2.211125
2.315925
213
