0.005525
0.005600
0.010450
0.015400
0.022650
0.023475
0.027400
0.027550
0.028350
0.031250
0.032925
0.043000
0.061050
0.063150
0.072275
0.072825
0.073300
0.079775
0.080200
0.081675
0.091000
0.092375
0.092475
0.108175
0.114600
0.118850
0.125650
0.128650
0.129200
0.130675
0.132650
0.152525
0.153575
0.162250
0.163800
0.174775
0.181175
0.181700
0.183850
0.186625
0.189275
0.191525
0.194800
0.195300
0.200675
0.201175
0.208475
0.214925
0.223000
0.231700
0.239800
0.241400
0.244025
0.245725
0.249200
0.250250
0.253525
0.256050
0.258875
0.269750
0.272225
0.272725
0.274850
0.288725
0.292975
0.299650
0.310575
0.313500
0.313750
0.313750
0.314700
0.316950
0.322375
0.324500
0.324550
0.328375
0.354175
0.355475
0.357750
0.364150
0.364375
0.365275
0.369325
0.378400
0.383375
0.385400
0.388525
0.388925
0.389525
0.397725
0.398050
0.399475
0.405600
0.414050
0.414675
0.417325
0.420525
0.423575
0.425100
0.433775
0.436750
0.446800
0.450500
0.457375
0.465750
0.466700
0.468300
0.469325
0.476025
0.484850
0.486725
0.496475
0.497025
0.498825
0.499625
0.509550
0.517300
0.530375
0.551200
0.554125
0.558450
0.567675
0.575525
0.579575
0.583950
0.595050
0.599975
0.614850
0.617875
0.621625
0.621825
0.622875
0.624300
0.627725
0.629600
0.631550
0.632125
0.640900
0.645600
0.648850
0.654350
0.663625
0.667675
0.669650
0.680050
0.680675
0.685900
0.686025
0.686275
0.700025
0.700225
0.709200
0.717325
0.726075
0.738900
0.753375
0.755300
0.755325
0.756425
0.757000
0.776050
0.776525
0.779175
0.779800
0.784125
0.784175
0.788975
0.797675
0.800000
0.819225
0.819775
0.826300
0.827675
0.830725
0.842300
0.842350
0.848800
0.855575
0.857675
0.857775
0.866925
0.873875
0.879700
0.894975
0.902825
0.903250
0.911525
0.915000
0.927275
0.932950
0.962675
0.963200
0.972675
0.984150
0.986500
0.997250
1.016575
1.022850
1.025650
1.026050
1.026075
1.046900
1.052225
1.057500
1.069300
1.069750
1.114200
1.136425
1.145375
1.177325
1.194075
1.216625
1.233425
1.240625
1.241175
1.243675
1.244725
1.277650
1.379925
1.388750
1.433825
1.437525
1.455200
1.525925
1.537150
1.610700
1.632150
1.834100
1.847975
1.883700
2.014750
2.129150
2.239125
233
