0.017275
0.019100
0.019600
0.022750
0.024775
0.029625
0.030850
0.036550
0.038700
0.049725
0.052475
0.054650
0.056350
0.059575
0.075175
0.075875
0.083875
0.086275
0.093650
0.099100
0.108550
0.108825
0.108875
0.113650
0.113775
0.117100
0.124175
0.128525
0.131900
0.137875
0.149575
0.150375
0.153600
0.155825
0.157850
0.169850
0.171050
0.181225
0.183550
0.184050
0.186700
0.197200
0.198525
0.217525
0.217575
0.223150
0.225325
0.226500
0.228225
0.229325
0.247775
0.250450
0.256350
0.257950
0.261675
0.263650
0.266650
0.270250
0.280175
0.280375
0.283500
0.299900
0.301075
0.302025
0.309050
0.310700
0.312700
0.314800
0.323125
0.338025
0.342100
0.342525
0.344800
0.345375
0.346450
0.355475
0.377050
0.377200
0.383250
0.390000
0.390650
0.400875
0.403250
0.405050
0.408725
0.410425
0.433700
0.438625
0.440850
0.444475
0.446050
0.447125
0.449450
0.450400
0.454425
0.459325
0.459800
0.468400
0.468500
0.473025
0.474800
0.477400
0.480275
0.481150
0.481600
0.489000
0.498250
0.504875
0.507700
0.514200
0.516850
0.517825
0.522125
0.522725
0.524700
0.536800
0.542100
0.549000
0.549200
0.552225
0.553475
0.560250
0.560800
0.563500
0.567100
0.568325
0.572875
0.574025
0.575200
0.576600
0.578325
0.580125
0.586575
0.591825
0.593125
0.601475
0.606650
0.612175
0.625900
0.626850
0.628250
0.631425
0.632875
0.640475
0.640600
0.641825
0.644475
0.661800
0.666675
0.666750
0.669175
0.684500
0.688350
0.694950
0.696525
0.699300
0.700600
0.700625
0.701175
0.704175
0.707325
0.710200
0.713225
0.713750
0.722600
0.728475
0.732125
0.738200
0.759350
0.761375
0.762775
0.771675
0.782000
0.784275
0.787325
0.794600
0.797800
0.811600
0.816600
0.825650
0.827650
0.839925
0.840275
0.841550
0.842500
0.858300
0.859150
0.864400
0.877225
0.878875
0.879425
0.883050
0.887625
0.892975
0.898700
0.903600
0.907525
0.925375
0.929525
0.954250
0.960525
0.966200
0.971800
0.973525
0.975950
0.989000
1.009525
1.013850
1.015075
1.026725
1.027650
1.035600
1.048975
1.054975
1.058050
1.080650
1.090425
1.099725
1.108075
1.109150
1.114125
1.115025
1.121325
1.125225
1.144350
1.146175
1.146350
1.151225
1.158975
1.182125
1.188300
1.189450
1.191925
1.195900
1.221600
1.225575
1.238000
1.242950
1.244075
1.272375
1.285875
1.304250
1.343850
1.361625
1.363225
1.386650
1.392250
1.399600
1.400375
1.405875
1.425000
1.429950
1.543975
1.555650
1.562675
1.652425
1.684650
1.867375
1.898025
2.014225
2.341200
2.394675
2.416500
263
