0.000025
0.002600
0.018675
0.021000
0.024350
0.028825
0.031300
0.035250
0.048150
0.053475
0.055475
0.057650
0.065375
0.068975
0.075275
0.081075
0.085475
0.090750
0.106625
0.108400
0.119250
0.120650
0.125500
0.127300
0.129575
0.133800
0.135350
0.136200
0.136225
0.161125
0.163350
0.163750
0.169050
0.170875
0.181525
0.198025
0.199825
0.202525
0.209300
0.215150
0.215500
0.220850
0.220950
0.220950
0.222000
0.230350
0.233350
0.234450
0.241475
0.247125
0.248600
0.253850
0.257100
0.262225
0.269050
0.273550
0.278125
0.290575
0.290775
0.294800
0.297775
0.299975
0.319250
0.321800
0.322075
0.332575
0.334375
0.336825
0.346225
0.358625
0.359675
0.365475
0.370900
0.372250
0.372575
0.372900
0.375125
0.388350
0.391525
0.399025
0.401625
0.404300
0.411575
0.413000
0.438700
0.443775
0.462050
0.473175
0.478050
0.486525
0.487725
0.491975
0.495950
0.508250
0.515450
0.517175
0.518625
0.524700
0.525850
0.528250
0.539675
0.539825
0.541700
0.541750
0.550575
0.556550
0.559525
0.560150
0.561475
0.562000
0.570550
0.571200
0.573225
0.581975
0.582500
0.590025
0.590225
0.598975
0.606775
0.609475
0.612900
0.619800
0.620500
0.632375
0.633275
0.635450
0.635750
0.641500
0.649275
0.654050
0.658525
0.661850
0.662450
0.663775
0.674475
0.675600
0.675675
0.687200
0.695400
0.698075
0.701800
0.705950
0.712800
0.718775
0.723800
0.726575
0.727675
0.729300
0.730025
0.730350
0.733325
0.739650
0.751850
0.760150
0.763625
0.782000
0.793825
0.796175
0.799550
0.801750
0.805775
0.809250
0.809650
0.811400
0.822050
0.828000
0.828175
0.830200
0.839550
0.851300
0.851575
0.855350
0.861600
0.883675
0.884675
0.891625
0.895900
0.902325
0.918600
0.936675
0.942150
0.961100
0.961975
0.993625
1.009900
1.010450
1.026375
1.026550
1.028225
1.034425
1.040000
1.065625
1.074000
1.078375
1.097975
1.108700
1.118450
1.118950
1.139375
1.145050
1.149700
1.159950
1.167975
1.174775
1.274075
1.291325
1.299825
1.316625
1.320625
1.344800
1.461400
1.486550
1.523350
1.534625
1.538025
1.564375
1.579950
1.580375
1.584300
1.586975
1.625275
1.667875
1.699250
1.731750
1.752850
1.800775
1.844475
1.930075
1.986025
2.048875
2.055350
2.101325
2.188675
2.246300
2.295375
2.321575
236
