0.010825
0.032100
0.038325
0.047500
0.059200
0.063725
0.070975
0.071750
0.073925
0.079375
0.080175
0.086050
0.091525
0.095200
0.095750
0.096450
0.096450
0.102300
0.102950
0.108425
0.111475
0.116850
0.118150
0.119350
0.126300
0.127875
0.131825
0.142750
0.143575
0.146750
0.148225
0.151500
0.153350
0.178825
0.186975
0.196175
0.203900
0.207550
0.213525
0.214050
0.219475
0.219800
0.220350
0.224250
0.231350
0.231500
0.231750
0.233575
0.235325
0.236125
0.241575
0.252800
0.253275
0.254550
0.255300
0.257750
0.260900
0.260925
0.261400
0.264925
0.265575
0.278175
0.281575
0.285250
0.291075
0.297075
0.298050
0.302725
0.306250
0.314100
0.318925
0.319325
0.325650
0.334400
0.338000
0.340675
0.341100
0.344900
0.358575
0.378600
0.380275
0.382000
0.385100
0.386850
0.390500
0.391775
0.402600
0.411000
0.411925
0.412950
0.423925
0.428200
0.432950
0.435325
0.444400
0.450600
0.453250
0.455825
0.458250
0.466750
0.467525
0.474100
0.476425
0.479725
0.480300
0.487050
0.499600
0.500750
0.501600
0.503625
0.505775
0.508725
0.508750
0.513575
0.514625
0.518625
0.520425
0.523275
0.524400
0.524450
0.525700
0.535875
0.538525
0.542050
0.544650
0.557125
0.559025
0.562350
0.563075
0.565925
0.568675
0.572250
0.574175
0.581550
0.581600
0.599650
0.600125
0.604100
0.606825
0.620200
0.621075
0.621475
0.631025
0.632950
0.635650
0.637700
0.639825
0.643975
0.645050
0.650100
0.650250
0.650325
0.650525
0.656100
0.675000
0.681800
0.683825
0.693675
0.703450
0.709400
0.713250
0.715025
0.730575
0.734850
0.738850
0.740650
0.745200
0.757450
0.763025
0.771650
0.780925
0.799675
0.804225
0.804400
0.813425
0.814325
0.818575
0.829225
0.829950
0.831600
0.848775
0.850250
0.850700
0.852425
0.863400
0.865850
0.898050
0.904800
0.906275
0.910550
0.911325
0.918800
0.921325
0.923225
0.927950
0.932075
0.944225
0.951925
0.952350
0.960900
0.960950
0.988825
0.990750
1.014075
1.014525
1.019050
1.023125
1.030700
1.030950
1.032200
1.041425
1.048325
1.055350
1.062000
1.077175
1.085975
1.090850
1.094250
1.099650
1.107825
1.171550
1.177375
1.201350
1.213400
1.219575
1.227200
1.257125
1.267850
1.299725
1.322025
1.342300
1.343775
1.364875
1.368350
1.392075
1.395800
1.422425
1.448800
1.453600
1.492375
1.498025
1.506150
1.508250
1.521400
1.531250
1.544525
1.548400
1.548725
1.579250
1.633000
1.648350
1.649500
1.823550
2.182725
2.371325
255
