0.003875
0.007775
0.009150
0.012575
0.017850
0.018700
0.020200
0.021625
0.021825
0.023475
0.029375
0.031350
0.035500
0.044325
0.044800
0.054725
0.055275
0.058850
0.075200
0.081675
0.087075
0.089675
0.096000
0.105050
0.116850
0.119675
0.122150
0.136125
0.148700
0.158750
0.172425
0.177475
0.181350
0.185900
0.190975
0.198850
0.208150
0.212950
0.214225
0.221600
0.225375
0.244475
0.252250
0.279900
0.288550
0.306250
0.306725
0.307625
0.308275
0.312325
0.313275
0.313800
0.316075
0.320700
0.322200
0.338625
0.340225
0.341900
0.342475
0.349175
0.349975
0.354325
0.357300
0.365275
0.368050
0.375850
0.391950
0.392925
0.395725
0.408450
0.409775
0.414550
0.415125
0.421175
0.424675
0.435325
0.437375
0.445000
0.448350
0.448875
0.451675
0.462575
0.477975
0.480275
0.480325
0.480575
0.488425
0.492375
0.492450
0.498700
0.501850
0.503475
0.522400
0.522700
0.524025
0.528600
0.531050
0.531225
0.533725
0.533900
0.534625
0.536900
0.541100
0.551250
0.552150
0.555825
0.556325
0.558750
0.564650
0.565375
0.572050
0.577250
0.578350
0.583650
0.596100
0.604675
0.604700
0.605850
0.605875
0.618325
0.627925
0.628200
0.638450
0.642525
0.643400
0.655625
0.662050
0.663400
0.665075
0.671500
0.675875
0.679175
0.697675
0.701150
0.703425
0.706500
0.712825
0.717375
0.727150
0.729425
0.735375
0.737200
0.737675
0.742000
0.744650
0.750750
0.752300
0.756250
0.757150
0.777875
0.792575
0.798675
0.804300
0.805075
0.807050
0.807175
0.808875
0.814075
0.822650
0.829750
0.842025
0.845100
0.846750
0.847350
0.847525
0.866225
0.876750
0.890425
0.898650
0.903575
0.912600
0.913000
0.919625
0.937500
0.938950
0.939075
0.939625
0.941075
0.941125
0.950825
0.952575
0.956550
0.957250
0.971425
0.972225
0.972650
0.974050
0.994900
0.997875
1.005450
1.007575
1.022400
1.026300
1.032350
1.039975
1.079525
1.092525
1.113350
1.130700
1.133075
1.135175
1.140700
1.140800
1.151450
1.158250
1.170025
1.176450
1.179950
1.180775
1.200050
1.201525
1.236450
1.238825
1.260075
1.273525
1.314325
1.334675
1.383700
1.478675
1.485100
1.528925
1.565725
1.735750
1.974550
1.989475
2.119750
2.182800
227
