0.002775
0.005200
0.005825
0.008900
0.011075
0.018525
0.019500
0.022325
0.025175
0.027300
0.031200
0.031925
0.043000
0.044550
0.045400
0.046950
0.055675
0.064650
0.081375
0.093450
0.111525
0.112050
0.112875
0.118425
0.147875
0.148000
0.148050
0.148200
0.158900
0.159175
0.172350
0.174225
0.175075
0.189025
0.192300
0.193025
0.196500
0.207300
0.210000
0.210725
0.238200
0.238825
0.239225
0.240275
0.245875
0.254475
0.255575
0.256950
0.263400
0.263500
0.263625
0.268200
0.269000
0.271000
0.271025
0.279925
0.280400
0.289450
0.290275
0.297650
0.299800
0.305900
0.308725
0.321450
0.332400
0.334450
0.343350
0.345150
0.356600
0.357750
0.360800
0.379500
0.386600
0.386725
0.389300
0.389475
0.390725
0.392175
0.395825
0.411625
0.416350
0.416850
0.417075
0.421875
0.429975
0.435975
0.440375
0.444150
0.444250
0.449450
0.450575
0.453200
0.453525
0.455250
0.457550
0.458775
0.459425
0.473125
0.475700
0.479125
0.481725
0.485025
0.494000
0.498500
0.499425
0.510050
0.510900
0.523725
0.526100
0.526175
0.528050
0.529650
0.530600
0.533050
0.539125
0.540650
0.545025
0.558625
0.561800
0.579725
0.583725
0.591925
0.595425
0.597525
0.607350
0.608150
0.613200
0.624200
0.625150
0.626800
0.630125
0.631175
0.631375
0.635250
0.644200
0.659650
0.664600
0.672475
0.676225
0.678475
0.679575
0.685450
0.687050
0.688700
0.696550
0.698400
0.703325
0.704300
0.705450
0.715075
0.725100
0.731850
0.732150
0.736750
0.737325
0.745250
0.745525
0.761250
0.765600
0.767375
0.768075
0.774325
0.793900
0.795000
0.799425
0.808200
0.811825
0.812925
0.819100
0.820825
0.820925
0.821475
0.829600
0.840350
0.844100
0.845350
0.863475
0.898050
0.899575
0.903175
0.905600
0.907825
0.912675
0.915775
0.917175
0.917300
0.946725
0.953950
0.958975
0.987700
0.994600
1.003900
1.026950
1.048375
1.056100
1.060875
1.061225
1.062225
1.066500
1.073475
1.074275
1.074850
1.096425
1.097875
1.108975
1.138575
1.153800
1.161100
1.176425
1.177000
1.197325
1.242425
1.256750
1.267300
1.282150
1.306800
1.314000
1.341475
1.354900
1.358900
1.410075
1.439725
1.446625
1.493800
1.571050
1.571900
1.688250
1.744125
1.951275
1.951775
2.112650
2.126350
2.204175
2.240750
2.282650
2.364325
2.486325
2.496925
238
