0.004375
0.025050
0.038300
0.038700
0.046825
0.048025
0.050525
0.052000
0.060875
0.067450
0.071750
0.075775
0.080075
0.081525
0.088825
0.092625
0.093525
0.096600
0.096625
0.107125
0.109125
0.113575
0.135725
0.137400
0.142050
0.152000
0.153125
0.154075
0.155350
0.159475
0.171575
0.172275
0.176175
0.178550
0.179950
0.184200
0.187125
0.190300
0.199225
0.199950
0.218325
0.232750
0.242550
0.248275
0.255075
0.260875
0.260875
0.274925
0.281100
0.297050
0.297625
0.298325
0.301200
0.301600
0.303375
0.305700
0.306025
0.311100
0.320250
0.323550
0.324825
0.330875
0.330950
0.332700
0.336650
0.337100
0.338050
0.339175
0.346175
0.351725
0.378800
0.386600
0.387750
0.395700
0.401150
0.401675
0.404225
0.406575
0.409125
0.427725
0.431825
0.433950
0.438200
0.441800
0.442275
0.444925
0.445350
0.445850
0.447425
0.448475
0.452125
0.452850
0.468075
0.472375
0.480625
0.483150
0.488075
0.489275
0.493550
0.494025
0.497300
0.501025
0.503125
0.518400
0.525900
0.526950
0.529525
0.532075
0.534900
0.536650
0.541150
0.548475
0.560550
0.562575
0.562975
0.568950
0.583225
0.585600
0.600925
0.601800
0.605625
0.609925
0.609950
0.627725
0.628675
0.629175
0.633950
0.638125
0.639375
0.641700
0.646250
0.651875
0.660975
0.666975
0.670725
0.671275
0.681175
0.683050
0.683050
0.687725
0.689500
0.698850
0.703450
0.714925
0.720600
0.724675
0.726100
0.726875
0.728325
0.734875
0.740150
0.741275
0.749775
0.751225
0.752875
0.758025
0.763750
0.772125
0.772675
0.774150
0.790600
0.796500
0.811250
0.812075
0.815750
0.820375
0.820800
0.828850
0.832500
0.832575
0.855425
0.869250
0.873375
0.877700
0.878850
0.883675
0.885125
0.885550
0.892000
0.897575
0.903475
0.904375
0.908275
0.921100
0.942400
0.956100
0.957700
0.963550
0.967250
0.968775
0.968900
0.975975
0.987625
0.990825
0.991675
0.999275
1.015800
1.021200
1.027075
1.037450
1.051825
1.058625
1.065625
1.082675
1.103650
1.106300
1.130850
1.135350
1.146350
1.155575
1.158650
1.179850
1.179875
1.180200
1.202275
1.215200
1.234775
1.241100
1.250850
1.251700
1.254450
1.285850
1.302325
1.345825
1.352400
1.375250
1.400275
1.410600
1.434625
1.464975
1.594550
1.608525
1.661825
1.680050
1.844875
2.053900
2.054050
2.097750
2.399125
239
