0.001200
0.019525
0.021750
0.021900
0.024300
0.028250
0.032450
0.037350
0.039075
0.041725
0.044200
0.045750
0.046400
0.049175
0.059100
0.059450
0.068875
0.069575
0.077375
0.079900
0.081500
0.089425
0.097175
0.097425
0.098250
0.101500
0.102125
0.105600
0.110550
0.113625
0.120125
0.120250
0.121750
0.127275
0.132600
0.136100
0.143475
0.144425
0.156625
0.189525
0.202100
0.210000
0.211600
0.213525
0.216225
0.226800
0.235825
0.240750
0.241475
0.244775
0.248200
0.253025
0.254900
0.257150
0.260275
0.261000
0.261775
0.268575
0.271925
0.274275
0.280375
0.286025
0.291050
0.298150
0.301275
0.303575
0.312650
0.315400
0.321725
0.330100
0.330600
0.331575
0.336450
0.351050
0.357950
0.360075
0.363450
0.384300
0.387925
0.389175
0.393500
0.399750
0.402675
0.402950
0.408250
0.425025
0.427900
0.432850
0.434325
0.440725
0.442050
0.448550
0.449525
0.467600
0.477050
0.485275
0.491125
0.491350
0.496225
0.502775
0.506750
0.519175
0.521550
0.526125
0.531925
0.533275
0.534375
0.535675
0.539850
0.543100
0.548925
0.550950
0.558500
0.566725
0.567975
0.568475
0.569375
0.571750
0.577925
0.578775
0.588050
0.588275
0.593725
0.600325
0.603100
0.612000
0.614925
0.616100
0.626475
0.629025
0.629475
0.645125
0.649375
0.654050
0.656100
0.659775
0.660300
0.661325
0.669350
0.684475
0.684650
0.694450
0.701850
0.714425
0.720200
0.730950
0.731525
0.734650
0.742675
0.750100
0.755700
0.761800
0.776750
0.786400
0.791900
0.794275
0.795850
0.804150
0.805450
0.822800
0.824025
0.834425
0.837900
0.841375
0.843575
0.846125
0.846725
0.851750
0.854550
0.869950
0.875675
0.875850
0.879000
0.883075
0.885625
0.895875
0.902525
0.915375
0.922975
0.926050
0.926750
0.930575
0.932150
0.943150
0.943675
0.953875
0.973275
0.989950
1.001775
1.007625
1.010575
1.022850
1.025475
1.030475
1.043500
1.046575
1.048225
1.052950
1.074000
1.080700
1.083000
1.095850
1.104500
1.111225
1.120650
1.134050
1.149100
1.151125
1.151250
1.179450
1.225375
1.278075
1.349575
1.374675
1.389800
1.413900
1.427250
1.442950
1.480325
1.496850
1.520075
1.558050
1.569800
1.591575
1.665725
1.702300
1.726675
1.729325
1.910100
2.147700
2.394225
231
