0.000700
0.000975
0.002575
0.005925
0.014850
0.022775
0.026575
0.028400
0.035600
0.037775
0.048900
0.052200
0.055375
0.057325
0.057400
0.062750
0.063900
0.069750
0.071275
0.077275
0.078125
0.089625
0.091875
0.093025
0.093475
0.104100
0.108100
0.109300
0.109450
0.110050
0.118125
0.118175
0.119700
0.132175
0.138500
0.146425
0.148300
0.151575
0.161650
0.165500
0.168975
0.175175
0.176975
0.177625
0.181875
0.185900
0.189200
0.191600
0.195675
0.197475
0.199675
0.201800
0.204550
0.204625
0.210500
0.226650
0.228775
0.230525
0.234750
0.236075
0.240425
0.243975
0.244200
0.245325
0.246025
0.246550
0.251825
0.254050
0.254475
0.258475
0.260350
0.265425
0.265425
0.273100
0.273600
0.291250
0.294050
0.294925
0.295475
0.299925
0.307625
0.308800
0.310325
0.313225
0.313575
0.315725
0.317900
0.318925
0.321450
0.328000
0.332650
0.334725
0.348700
0.348975
0.352725
0.354150
0.358250
0.359450
0.384700
0.389250
0.391850
0.392625
0.399550
0.404725
0.406875
0.432700
0.433350
0.441700
0.442475
0.443575
0.446625
0.451050
0.459350
0.459800
0.463975
0.464725
0.465125
0.467800
0.471175
0.472900
0.477950
0.480975
0.483050
0.485325
0.485750
0.495200
0.496550
0.497025
0.500475
0.507875
0.508325
0.509050
0.517825
0.522300
0.524725
0.530325
0.545225
0.546950
0.557500
0.559300
0.559425
0.567300
0.573075
0.574675
0.577375
0.579000
0.581775
0.583025
0.587425
0.605700
0.626125
0.631425
0.647300
0.648100
0.653825
0.655525
0.655825
0.656625
0.657100
0.659450
0.667375
0.669650
0.683300
0.693750
0.699425
0.701325
0.705025
0.707675
0.709050
0.716525
0.721350
0.726725
0.728400
0.739425
0.764650
0.764900
0.775925
0.778725
0.793400
0.801325
0.802875
0.806475
0.810450
0.813700
0.816475
0.825775
0.836550
0.854075
0.854350
0.856825
0.863700
0.863925
0.865800
0.873075
0.880625
0.885275
0.887075
0.903075
0.913675
0.920675
0.939950
0.947550
0.949575
0.949675
0.952050
0.985525
0.985750
0.989500
1.001675
1.015900
1.042325
1.051475
1.051575
1.060825
1.063300
1.064925
1.067650
1.077200
1.083275
1.086375
1.090475
1.103300
1.107600
1.143225
1.148900
1.152200
1.201525
1.203550
1.220250
1.226450
1.251325
1.252200
1.280100
1.302225
1.321825
1.330850
1.342200
1.368400
1.376000
1.379175
1.415375
1.423025
1.440325
1.460175
1.486850
1.577825
1.582050
1.652850
1.712675
1.750275
2.197000
2.262225
252
