0.002200
0.003675
0.006075
0.006450
0.017250
0.020800
0.026200
0.029450
0.039100
0.047025
0.047725
0.052350
0.053050
0.057875
0.063700
0.070175
0.071900
0.074025
0.076150
0.079925
0.083475
0.088450
0.088975
0.095175
0.097800
0.099225
0.099325
0.100250
0.106475
0.129775
0.142675
0.148525
0.161625
0.169250
0.171850
0.172850
0.173500
0.177650
0.178950
0.184175
0.186050
0.186825
0.190850
0.198550
0.207525
0.218600
0.219450
0.219675
0.219725
0.222950
0.223825
0.228225
0.229050
0.233475
0.237725
0.241575
0.245025
0.247600
0.256275
0.258225
0.258625
0.263275
0.269950
0.272100
0.280450
0.281925
0.285625
0.293250
0.294900
0.299650
0.299700
0.300600
0.300750
0.306725
0.315300
0.316275
0.317175
0.318375
0.322650
0.329100
0.330625
0.332550
0.334075
0.337550
0.338025
0.340775
0.340800
0.345350
0.351200
0.355100
0.360050
0.369800
0.373225
0.382150
0.392400
0.394100
0.396550
0.397400
0.399575
0.408725
0.409275
0.410550
0.410600
0.413450
0.418450
0.430000
0.431725
0.437575
0.439450
0.443750
0.447150
0.450775
0.451325
0.452000
0.457925
0.460925
0.486400
0.488650
0.494375
0.499175
0.503450
0.503975
0.504275
0.504425
0.509375
0.525425
0.533075
0.533675
0.535775
0.536375
0.539850
0.543275
0.543275
0.544175
0.561575
0.567600
0.570825
0.571675
0.573350
0.577125
0.577425
0.584575
0.586425
0.587300
0.588300
0.591300
0.594050
0.600600
0.622075
0.628725
0.630750
0.641450
0.645900
0.648525
0.652550
0.657900
0.660475
0.663350
0.668875
0.670650
0.671400
0.672875
0.675275
0.677550
0.691250
0.694975
0.709075
0.710725
0.712150
0.726650
0.728975
0.729350
0.738375
0.740325
0.748275
0.754525
0.755750
0.761425
0.762675
0.769800
0.770200
0.773625
0.775500
0.777600
0.778300
0.785225
0.786550
0.787900
0.793100
0.796425
0.797175
0.798500
0.804675
0.805500
0.806000
0.812725
0.820600
0.833450
0.835325
0.842100
0.844350
0.854875
0.886975
0.898675
0.899150
0.909275
0.927025
0.928725
0.929275
0.937325
0.941925
0.942550
0.953675
0.955700
0.967500
0.978100
1.001850
1.017300
1.034800
1.039075
1.043825
1.057725
1.066975
1.082650
1.086900
1.099750
1.109900
1.112725
1.141300
1.145875
1.155050
1.155575
1.163100
1.164150
1.177625
1.178750
1.181800
1.215025
1.220575
1.229325
1.237900
1.238275
1.272225
1.273825
1.293150
1.303775
1.306000
1.337650
1.368225
1.442300
1.468125
1.529225
1.531825
1.561875
1.583325
1.681850
1.737325
1.791350
1.795325
1.823850
1.857175
1.891625
1.952875
1.998800
2.031100
2.068800
2.088075
2.096350
2.247525
2.253375
2.467650
271
