0.000025
0.023025
0.026650
0.036900
0.040925
0.042600
0.046925
0.047325
0.066825
0.075275
0.082250
0.095225
0.104225
0.105875
0.114025
0.120350
0.124450
0.124875
0.131625
0.135300
0.136500
0.141075
0.141100
0.141600
0.142600
0.145375
0.154000
0.156450
0.160875
0.168800
0.171550
0.171575
0.174025
0.207375
0.212625
0.213700
0.218775
0.225675
0.225825
0.226200
0.229075
0.231450
0.235650
0.250600
0.252025
0.253150
0.254575
0.255925
0.256525
0.256650
0.257400
0.261775
0.273925
0.277750
0.284150
0.284350
0.287175
0.288975
0.289650
0.304550
0.306950
0.310500
0.312350
0.316950
0.323475
0.323550
0.327350
0.330350
0.335025
0.338500
0.343500
0.347650
0.350875
0.354675
0.358200
0.362875
0.368675
0.380475
0.381075
0.385250
0.387225
0.390500
0.391025
0.391225
0.392525
0.395225
0.396100
0.398850
0.398900
0.398950
0.404000
0.407525
0.414100
0.421950
0.423025
0.423450
0.430000
0.438000
0.439550
0.442225
0.443150
0.450175
0.456775
0.461825
0.462575
0.471650
0.473000
0.481450
0.482500
0.485125
0.489525
0.496375
0.498225
0.501700
0.504275
0.509475
0.511525
0.511825
0.513075
0.529150
0.546150
0.547275
0.555175
0.557600
0.558950
0.569400
0.579725
0.580625
0.581125
0.587575
0.591000
0.593850
0.598575
0.603850
0.607675
0.612425
0.614425
0.615025
0.621950
0.621975
0.625950
0.626100
0.626800
0.627575
0.627725
0.629525
0.638400
0.639725
0.639950
0.641300
0.642425
0.642800
0.654875
0.669350
0.670050
0.674275
0.695200
0.697800
0.701525
0.707475
0.712550
0.717675
0.730625
0.735075
0.739500
0.765675
0.766525
0.773225
0.775800
0.783550
0.786775
0.790275
0.800500
0.804675
0.805050
0.817050
0.819375
0.819650
0.823025
0.828100
0.831300
0.832350
0.833025
0.868725
0.872450
0.875600
0.876200
0.876500
0.880050
0.884025
0.886075
0.889175
0.896700
0.897350
0.897525
0.898450
0.924575
0.936225
0.942025
0.957275
0.961075
0.972125
0.979600
0.981100
0.987850
0.989900
0.995350
1.007525
1.015600
1.017150
1.032425
1.038475
1.045525
1.050550
1.054625
1.055975
1.098500
1.110625
1.113650
1.163550
1.167425
1.171350
1.176850
1.180725
1.201250
1.205250
1.205975
1.230025
1.270300
1.272625
1.277975
1.286600
1.291300
1.294375
1.304725
1.313100
1.316325
1.361825
1.375450
1.407275
1.435525
1.445075
1.517600
1.526000
1.628725
1.651600
1.759025
1.816225
1.913775
1.940600
1.945800
1.983625
2.008000
2.271850
2.277825
2.344600
2.420250
257
