0.003650
0.004350
0.007350
0.009150
0.010700
0.012625
0.018425
0.025675
0.031800
0.035200
0.046200
0.046700
0.048200
0.056175
0.063300
0.070025
0.076225
0.079475
0.091400
0.093300
0.095475
0.095625
0.102350
0.114500
0.115400
0.120350
0.122050
0.129475
0.132100
0.142400
0.148500
0.161275
0.169250
0.184425
0.184750
0.193675
0.194325
0.196600
0.199875
0.200675
0.203600
0.210825
0.222050
0.223825
0.225125
0.225425
0.230475
0.241225
0.247600
0.248250
0.256125
0.256650
0.260325
0.261500
0.263200
0.266475
0.269400
0.279975
0.288200
0.294575
0.300750
0.312050
0.313700
0.315400
0.317900
0.320725
0.322175
0.327200
0.330475
0.335625
0.336325
0.339250
0.341800
0.342500
0.345775
0.345900
0.354775
0.357500
0.365550
0.366850
0.373375
0.388950
0.389925
0.396950
0.402675
0.402925
0.403925
0.404450
0.411250
0.414675
0.421625
0.422625
0.423675
0.424550
0.428700
0.440900
0.442050
0.446200
0.446725
0.448950
0.451725
0.452400
0.454025
0.454425
0.454675
0.459700
0.461425
0.462000
0.464875
0.467950
0.468225
0.474200
0.474525
0.478650
0.493250
0.493925
0.500000
0.502450
0.506475
0.506875
0.513400
0.517100
0.522500
0.532150
0.533875
0.542525
0.562375
0.565825
0.575625
0.586175
0.593825
0.594100
0.594125
0.596750
0.602200
0.610750
0.622975
0.627250
0.632650
0.645175
0.652625
0.655375
0.667550
0.668550
0.670475
0.673900
0.684075
0.698525
0.705150
0.708475
0.709225
0.710500
0.712500
0.712625
0.713350
0.714175
0.716950
0.718200
0.718700
0.719950
0.730550
0.731875
0.731950
0.744250
0.747625
0.750575
0.754500
0.766700
0.777450
0.777800
0.784225
0.803250
0.806550
0.823900
0.841300
0.845575
0.853075
0.866300
0.870150
0.871575
0.875375
0.886050
0.892000
0.894800
0.896150
0.909025
0.911550
0.921800
0.934975
0.938600
0.944375
0.958125
0.959950
0.992750
0.993325
1.001225
1.003675
1.006950
1.027950
1.029300
1.062050
1.085150
1.106675
1.108675
1.114200
1.133225
1.143875
1.153325
1.158825
1.167650
1.227800
1.258100
1.262125
1.270125
1.272500
1.284500
1.297075
1.312500
1.326450
1.337075
1.351250
1.451175
1.467050
1.471975
1.487175
1.557975
1.575275
1.590100
1.605525
1.708125
1.750850
1.803975
2.021550
2.207775
234
