0.004250
0.005300
0.015650
0.018075
0.027600
0.028025
0.031525
0.039550
0.042725
0.046375
0.051150
0.064575
0.068325
0.075350
0.077050
0.080075
0.082700
0.083450
0.089550
0.093775
0.095300
0.099225
0.099775
0.102725
0.104350
0.105875
0.107075
0.108825
0.113650
0.118150
0.125725
0.125950
0.126050
0.126400
0.126900
0.130325
0.135050
0.135800
0.144250
0.149150
0.153525
0.158875
0.160225
0.179600
0.181350
0.181550
0.182100
0.191525
0.201250
0.211225
0.212450
0.220075
0.224300
0.224375
0.226500
0.227300
0.241275
0.242875
0.243800
0.251125
0.253325
0.262750
0.265025
0.276125
0.276600
0.280800
0.290925
0.291150
0.294800
0.296300
0.297500
0.300075
0.314825
0.316575
0.318650
0.322400
0.333225
0.340725
0.343725
0.349475
0.355200
0.356525
0.366450
0.368875
0.369100
0.374325
0.383425
0.386025
0.392675
0.394175
0.395300
0.406400
0.406775
0.412825
0.413075
0.428925
0.431725
0.434000
0.441450
0.458500
0.461750
0.464950
0.467275
0.479175
0.479425
0.481250
0.483075
0.495375
0.499950
0.507825
0.511800
0.512000
0.514800
0.521575
0.526575
0.530000
0.538250
0.540600
0.540650
0.544325
0.552100
0.553500
0.555075
0.557675
0.564100
0.567875
0.576375
0.576425
0.578225
0.584425
0.585975
0.588325
0.609425
0.610250
0.614600
0.614825
0.620125
0.624600
0.628450
0.648400
0.656175
0.656525
0.657425
0.657900
0.662875
0.669200
0.678275
0.680900
0.683800
0.685925
0.691425
0.711775
0.714650
0.715825
0.717125
0.718250
0.730550
0.738575
0.744850
0.746025
0.748425
0.749700
0.753275
0.754650
0.759875
0.763600
0.776250
0.787425
0.789350
0.795600
0.803675
0.808250
0.809475
0.818325
0.842400
0.842650
0.850800
0.851825
0.857525
0.872875
0.881350
0.901425
0.903300
0.904550
0.913575
0.921550
0.925525
0.931925
0.932525
0.944100
0.944325
0.954200
0.974775
0.980300
0.980300
1.001475
1.031875
1.032650
1.033850
1.036975
1.044250
1.044400
1.045075
1.051300
1.077725
1.125950
1.133850
1.140050
1.147950
1.150550
1.176100
1.193825
1.195250
1.196325
1.201125
1.224600
1.276675
1.307800
1.330875
1.369475
1.423325
1.451375
1.465725
1.482625
1.488550
1.513250
1.602125
1.658150
1.670375
1.745800
1.880000
1.950775
1.982825
1.992675
1.999200
2.084825
2.093725
2.132225
2.134375
239
