0.001525
0.008250
0.009625
0.014575
0.018300
0.020600
0.022100
0.025300
0.029100
0.039550
0.044575
0.048475
0.060575
0.064100
0.071350
0.075825
0.076175
0.079400
0.083575
0.083925
0.084175
0.095700
0.096000
0.103675
0.106425
0.107425
0.107975
0.112450
0.116975
0.123450
0.136675
0.137525
0.139250
0.139675
0.142625
0.145100
0.147550
0.149850
0.151675
0.151925
0.152550
0.153250
0.155850
0.160650
0.161100
0.167325
0.168600
0.169625
0.177225
0.197475
0.200100
0.203775
0.207825
0.213800
0.221450
0.228125
0.229075
0.231425
0.233975
0.238125
0.240075
0.241575
0.243300
0.248925
0.251100
0.277375
0.278750
0.287875
0.292125
0.306600
0.329325
0.333750
0.345325
0.354250
0.356950
0.360525
0.361325
0.365450
0.366600
0.370075
0.373025
0.375250
0.385375
0.386850
0.392650
0.399550
0.400775
0.401225
0.401625
0.404925
0.415725
0.417275
0.434750
0.448900
0.454425
0.464325
0.470325
0.482800
0.484850
0.489825
0.493500
0.495650
0.496675
0.497800
0.503550
0.504250
0.504250
0.512375
0.512950
0.525125
0.531575
0.541725
0.543875
0.565475
0.569900
0.573125
0.596825
0.598275
0.599100
0.601150
0.611750
0.614700
0.617100
0.625700
0.628125
0.633625
0.637725
0.639775
0.640175
0.642200
0.643850
0.645325
0.645325
0.648050
0.650050
0.664375
0.665775
0.671175
0.673675
0.675425
0.686450
0.688825
0.697050
0.700650
0.701425
0.701700
0.705300
0.722925
0.723200
0.723800
0.730250
0.731975
0.735750
0.738175
0.743600
0.748175
0.752125
0.758775
0.760325
0.762200
0.768100
0.780150
0.782875
0.785775
0.790250
0.798975
0.803025
0.803900
0.807300
0.816775
0.817400
0.827300
0.829250
0.832675
0.833250
0.834550
0.835625
0.844100
0.859850
0.882300
0.887000
0.903200
0.907850
0.914250
0.919975
0.936225
0.942450
0.949275
0.958250
0.962875
0.964025
0.969750
0.981150
0.990050
0.995825
1.041350
1.048775
1.063825
1.082200
1.093400
1.103050
1.115300
1.124775
1.127600
1.146075
1.157075
1.168375
1.197550
1.240675
1.262625
1.281875
1.304675
1.321350
1.322000
1.348425
1.405450
1.424925
1.474575
1.489925
1.503850
1.508625
1.511150
1.556425
1.689825
1.783850
1.822050
1.899050
1.909050
1.994775
2.209875
2.232975
2.245675
2.361750
233
