0.005475
0.006975
0.012200
0.014725
0.032450
0.037075
0.046225
0.052475
0.055050
0.059900
0.060225
0.061475
0.067025
0.070725
0.076075
0.088200
0.096700
0.097800
0.105975
0.110525
0.117100
0.117375
0.118575
0.121050
0.122950
0.129625
0.132900
0.137500
0.139300
0.142350
0.149375
0.156525
0.156975
0.161700
0.165450
0.166300
0.166500
0.177250
0.179950
0.185300
0.187525
0.187650
0.193225
0.205600
0.207775
0.219400
0.221300
0.231325
0.234200
0.239525
0.244175
0.244300
0.247925
0.258050
0.258100
0.260975
0.266200
0.273650
0.276675
0.278075
0.284775
0.286925
0.288725
0.293150
0.297000
0.297600
0.299875
0.300725
0.301500
0.309300
0.311375
0.312975
0.328225
0.330525
0.334025
0.334325
0.342375
0.350750
0.354500
0.357975
0.359525
0.377350
0.379900
0.384625
0.388375
0.391075
0.399850
0.400200
0.406950
0.408475
0.414200
0.420025
0.420125
0.430050
0.432125
0.433275
0.440650
0.444400
0.449100
0.450800
0.458275
0.467775
0.470550
0.471425
0.472925
0.473425
0.476275
0.478775
0.479900
0.480375
0.489350
0.492825
0.493200
0.493850
0.494025
0.500475
0.512075
0.518525
0.529325
0.529375
0.529725
0.533025
0.533350
0.539100
0.539175
0.541225
0.545850
0.546700
0.547150
0.561275
0.570850
0.575800
0.586400
0.591100
0.592300
0.603675
0.604400
0.608975
0.613450
0.617850
0.619725
0.632375
0.634400
0.647525
0.648425
0.654725
0.657775
0.663550
0.677475
0.680475
0.683600
0.684075
0.685275
0.700050
0.700875
0.701550
0.703050
0.712575
0.717325
0.725725
0.727225
0.727375
0.736575
0.740050
0.743600
0.744575
0.745750
0.778250
0.780300
0.784100
0.789900
0.791475
0.812800
0.815900
0.823350
0.828100
0.840975
0.842300
0.843075
0.845100
0.848525
0.851875
0.866850
0.867600
0.868475
0.873525
0.889000
0.896975
0.898750
0.904525
0.920875
0.922700
0.923750
0.932125
0.933775
0.939675
0.941825
0.944700
0.966175
0.971150
0.973025
0.973300
0.984600
1.017525
1.039700
1.053150
1.057450
1.067300
1.086200
1.112375
1.112450
1.115550
1.117400
1.119925
1.126975
1.127050
1.129150
1.130600
1.144550
1.144725
1.175700
1.193950
1.204125
1.249525
1.251125
1.275675
1.310050
1.335075
1.343250
1.454175
1.465275
1.505100
1.555650
1.630275
1.692250
1.725975
1.822150
2.041100
2.042375
2.232200
2.267450
2.273650
2.438200
243
