0.006950
0.010800
0.018525
0.036725
0.038575
0.039450
0.046050
0.058975
0.059150
0.062450
0.070275
0.077550
0.091000
0.098600
0.101850
0.113450
0.113775
0.115850
0.115975
0.119350
0.128400
0.128950
0.129350
0.129675
0.133025
0.134025
0.134975
0.137325
0.139650
0.146075
0.162600
0.172450
0.178050
0.182725
0.182775
0.183650
0.188150
0.188425
0.190575
0.202350
0.202850
0.203450
0.204450
0.208450
0.212625
0.216650
0.217325
0.220150
0.220775
0.222550
0.227675
0.232000
0.235650
0.241575
0.243875
0.244525
0.249300
0.253500
0.256975
0.260400
0.265725
0.268150
0.273600
0.282125
0.296575
0.299500
0.301325
0.308050
0.308275
0.311750
0.314175
0.315200
0.316025
0.321475
0.327025
0.332325
0.333175
0.335800
0.336850
0.337750
0.340175
0.343425
0.352400
0.358125
0.359525
0.360125
0.361100
0.364225
0.370500
0.374200
0.388175
0.393550
0.395550
0.399600
0.401375
0.403500
0.409200
0.411650
0.414800
0.414975
0.416775
0.420525
0.421275
0.422050
0.423075
0.432975
0.435700
0.440600
0.448425
0.454050
0.455325
0.457175
0.464875
0.464900
0.467025
0.473950
0.474525
0.479950
0.493250
0.493675
0.494000
0.495325
0.496800
0.504475
0.507225
0.518050
0.523425
0.524675
0.526750
0.528725
0.536250
0.536775
0.537225
0.538575
0.540325
0.542850
0.543975
0.546025
0.553700
0.554400
0.555625
0.563775
0.568350
0.570175
0.571200
0.571800
0.574800
0.575675
0.579950
0.584500
0.601325
0.604750
0.605025
0.606450
0.610600
0.610775
0.617400
0.619625
0.630375
0.633700
0.634375
0.638525
0.655600
0.656000
0.662000
0.662325
0.671050
0.695900
0.696825
0.696925
0.708275
0.716075
0.720600
0.722525
0.734850
0.748825
0.752575
0.754300
0.756075
0.771775
0.772150
0.781325
0.784650
0.785975
0.787025
0.808725
0.816050
0.830725
0.833975
0.837600
0.841800
0.842525
0.845600
0.850350
0.851925
0.858225
0.861400
0.868200
0.872575
0.880125
0.881625
0.888450
0.891025
0.891575
0.903775
0.908475
0.923000
0.923900
0.925025
0.929550
0.930325
0.936200
0.941475
0.948300
0.967375
0.983825
0.987900
0.993350
0.997650
1.006125
1.019775
1.038250
1.059325
1.060275
1.066850
1.069700
1.081175
1.081275
1.088625
1.134275
1.148550
1.156750
1.158525
1.159200
1.160350
1.162875
1.174925
1.184225
1.218800
1.238825
1.302250
1.302600
1.348900
1.354300
1.358050
1.374950
1.393250
1.433500
1.451000
1.455425
1.467075
1.503575
1.536400
1.581450
1.589875
1.704125
1.730500
1.731975
1.756700
1.775050
1.942925
1.950575
1.970100
2.180625
2.261950
2.411500
2.486800
2.487625
268
