0.001750
0.003225
0.003475
0.012100
0.016900
0.020375
0.021475
0.023650
0.026300
0.028150
0.028500
0.030625
0.030675
0.065525
0.066450
0.070450
0.077425
0.088675
0.092800
0.096750
0.097675
0.110850
0.111025
0.126575
0.127450
0.133625
0.138775
0.140175
0.140375
0.148925
0.153125
0.160000
0.161350
0.161475
0.163925
0.179225
0.183575
0.186325
0.195125
0.196100
0.196825
0.201275
0.205525
0.213225
0.220200
0.232100
0.232775
0.237650
0.241725
0.243125
0.263225
0.265225
0.265900
0.269200
0.272450
0.275225
0.282000
0.282225
0.287425
0.288200
0.290625
0.293050
0.293400
0.293775
0.312325
0.312900
0.313675
0.314275
0.323850
0.327125
0.339650
0.340775
0.347000
0.349775
0.356825
0.358575
0.366200
0.372500
0.377175
0.378950
0.393050
0.393325
0.395075
0.395275
0.400400
0.405925
0.416025
0.420975
0.425725
0.426575
0.438075
0.447425
0.455550
0.477000
0.479750
0.480325
0.481775
0.483000
0.484675
0.485300
0.486425
0.492150
0.500975
0.501750
0.501850
0.509025
0.510925
0.512425
0.513725
0.513775
0.515375
0.519725
0.523225
0.524850
0.546650
0.546975
0.550275
0.550275
0.556400
0.567600
0.572300
0.576850
0.579250
0.579525
0.583600
0.585075
0.589650
0.593800
0.597300
0.612475
0.613025
0.613850
0.625725
0.631450
0.635075
0.637350
0.645375
0.649950
0.649975
0.652575
0.656700
0.663950
0.667650
0.668200
0.669250
0.680575
0.680650
0.682200
0.682325
0.683300
0.686150
0.686575
0.689100
0.691975
0.692125
0.697400
0.700575
0.703425
0.703450
0.709975
0.716550
0.725475
0.725500
0.730875
0.734800
0.738975
0.742050
0.744400
0.772625
0.784400
0.786400
0.786950
0.788350
0.806575
0.809725
0.829950
0.830350
0.831325
0.849250
0.853825
0.862850
0.871300
0.876875
0.885550
0.911325
0.921675
0.925125
0.936600
0.936925
0.946425
0.948125
0.962175
0.978900
0.993100
0.996025
1.000175
1.003700
1.008450
1.021750
1.025025
1.038225
1.064075
1.077750
1.090500
1.115450
1.121075
1.139875
1.155850
1.165975
1.184975
1.193400
1.206100
1.207875
1.214675
1.222125
1.233050
1.236975
1.245700
1.248200
1.253925
1.362300
1.370050
1.467775
1.471000
1.520125
1.525125
1.586200
1.622475
1.652600
1.684325
1.684650
1.686975
1.731875
1.767475
1.850100
2.044325
2.444300
237
