0.006725
0.007875
0.008000
0.010050
0.019800
0.021500
0.021675
0.026400
0.030400
0.032000
0.032125
0.037700
0.038175
0.038925
0.044525
0.046475
0.046700
0.047725
0.060750
0.064575
0.070900
0.075100
0.082775
0.087100
0.088975
0.092975
0.100825
0.101700
0.108675
0.113350
0.114325
0.120750
0.122675
0.123900
0.129425
0.136650
0.140800
0.160075
0.160775
0.174975
0.175650
0.183150
0.189600
0.191675
0.202025
0.206450
0.206575
0.207450
0.210375
0.221450
0.223375
0.223500
0.227100
0.234225
0.234700
0.240850
0.242700
0.245400
0.251750
0.253325
0.254200
0.258400
0.270300
0.272100
0.285625
0.300950
0.302725
0.304300
0.304525
0.305500
0.310350
0.312275
0.316375
0.333150
0.334600
0.335725
0.341850
0.346250
0.350575
0.354325
0.355275
0.358675
0.365575
0.371750
0.374175
0.376875
0.387175
0.393425
0.399575
0.402225
0.405250
0.411025
0.412525
0.414300
0.416775
0.419225
0.430825
0.433150
0.433550
0.435150
0.438475
0.447275
0.453250
0.459075
0.476825
0.477975
0.478625
0.483300
0.494775
0.504025
0.510950
0.517825
0.519750
0.523400
0.524100
0.533650
0.539500
0.541700
0.553175
0.556475
0.557550
0.565150
0.580575
0.592500
0.594825
0.597625
0.601550
0.612550
0.621125
0.624400
0.626600
0.629425
0.636800
0.637825
0.644425
0.648550
0.666575
0.669275
0.678950
0.687275
0.693400
0.696475
0.700000
0.709175
0.711150
0.722375
0.724700
0.724700
0.730325
0.739075
0.740050
0.740375
0.741150
0.741275
0.741400
0.744450
0.751100
0.752100
0.752675
0.755700
0.771750
0.775075
0.776475
0.782700
0.783100
0.786575
0.794425
0.804375
0.806600
0.807950
0.816250
0.817700
0.820875
0.828200
0.829475
0.834150
0.839150
0.841775
0.850425
0.859400
0.870325
0.884575
0.908025
0.942325
0.948150
0.949300
0.954300
0.965625
0.966950
0.972125
0.973550
0.975150
0.986975
1.016250
1.035550
1.038075
1.048075
1.070400
1.079225
1.082675
1.084800
1.085075
1.092900
1.102825
1.132525
1.140025
1.145575
1.154275
1.165575
1.165600
1.189950
1.190300
1.248625
1.273300
1.303150
1.314325
1.319900
1.359675
1.366800
1.399525
1.405200
1.439050
1.464350
1.477100
1.642050
1.680925
1.743625
1.750075
1.766125
1.833200
2.070200
2.095425
2.101575
2.168525
2.187200
2.239650
2.291175
237
