0.001725
0.023150
0.036100
0.039800
0.040775
0.051625
0.059900
0.063300
0.066375
0.071775
0.075700
0.075975
0.077800
0.079875
0.084225
0.087875
0.095850
0.099325
0.099675
0.101375
0.106525
0.110775
0.111575
0.120375
0.123500
0.124675
0.125375
0.126550
0.127500
0.128950
0.136500
0.139825
0.140250
0.143450
0.162750
0.164100
0.164150
0.165175
0.165550
0.170525
0.175275
0.175300
0.180875
0.193950
0.196125
0.197050
0.211125
0.222075
0.226900
0.227275
0.231300
0.235800
0.244800
0.258025
0.258700
0.261575
0.265600
0.269325
0.270475
0.282525
0.283425
0.285800
0.303200
0.304825
0.307225
0.308450
0.308700
0.309100
0.318375
0.319275
0.330375
0.333125
0.342925
0.343225
0.345825
0.347725
0.355725
0.360025
0.367800
0.372075
0.385950
0.392150
0.399850
0.403025
0.412750
0.416325
0.418400
0.423375
0.426425
0.440475
0.441025
0.441650
0.443225
0.447275
0.451725
0.455450
0.459450
0.471925
0.478075
0.481575
0.486525
0.493800
0.495125
0.495150
0.497050
0.503025
0.503425
0.506700
0.527450
0.527475
0.533500
0.541000
0.545250
0.553675
0.562300
0.572900
0.579300
0.589075
0.595425
0.597525
0.598650
0.601775
0.602100
0.603225
0.603675
0.607875
0.613425
0.620100
0.624875
0.626425
0.626675
0.627550
0.627750
0.627850
0.633775
0.635275
0.638075
0.644600
0.651625
0.651825
0.659925
0.661225
0.667500
0.688100
0.690825
0.694950
0.699600
0.705900
0.708800
0.724050
0.729425
0.747025
0.758250
0.763325
0.765125
0.769650
0.769925
0.773325
0.775675
0.777850
0.782700
0.785325
0.789225
0.789775
0.793425
0.800175
0.802400
0.804250
0.823300
0.828725
0.832000
0.832925
0.837100
0.839875
0.840000
0.841200
0.844250
0.852425
0.862125
0.862250
0.864075
0.867975
0.894725
0.898125
0.913475
0.915625
0.939950
0.941925
0.965700
0.966425
0.984075
1.000950
1.009025
1.011100
1.024925
1.039600
1.047175
1.051225
1.052750
1.061300
1.065650
1.080075
1.082575
1.106000
1.106625
1.107700
1.152725
1.156025
1.160175
1.162175
1.177000
1.183650
1.225200
1.236075
1.256650
1.272525
1.279450
1.311350
1.312900
1.328775
1.419900
1.431725
1.441275
1.494050
1.497025
1.538350
1.570450
1.571700
1.580300
1.583750
1.584425
1.597550
1.600400
1.661500
1.699350
1.711400
1.727925
1.730225
1.759775
1.877675
1.935025
1.971550
1.989575
2.060200
2.117350
2.205175
2.226775
2.418350
248
