0.000200
0.000550
0.001050
0.003075
0.007025
0.015250
0.021775
0.034850
0.037075
0.039325
0.051725
0.052500
0.059150
0.061350
0.062050
0.073650
0.074600
0.077450
0.087575
0.090925
0.095025
0.100150
0.101425
0.104875
0.105700
0.107075
0.112200
0.113750
0.120800
0.125500
0.128625
0.130975
0.137450
0.137850
0.143725
0.149575
0.152150
0.152825
0.157600
0.160825
0.161500
0.162925
0.165200
0.171125
0.171925
0.179750
0.187400
0.191125
0.200350
0.206350
0.208200
0.215150
0.220200
0.223750
0.224275
0.227100
0.230025
0.231675
0.232775
0.235650
0.236200
0.236925
0.239475
0.240275
0.242525
0.246700
0.248950
0.248950
0.251000
0.251950
0.257425
0.262000
0.265975
0.273000
0.273650
0.282300
0.283775
0.284200
0.286475
0.288650
0.323925
0.326525
0.329825
0.338025
0.344875
0.350850
0.355300
0.357025
0.358200
0.359000
0.362475
0.365750
0.372525
0.373100
0.378450
0.381575
0.382700
0.389225
0.413875
0.419900
0.420325
0.421650
0.424675
0.427200
0.434150
0.438150
0.441300
0.445350
0.447625
0.450800
0.454500
0.455100
0.456050
0.461125
0.462150
0.462250
0.465875
0.467975
0.468975
0.469600
0.477000
0.480925
0.481275
0.489375
0.490575
0.494700
0.496425
0.497025
0.507050
0.516925
0.516925
0.520825
0.537500
0.541725
0.545825
0.547950
0.550475
0.552500
0.553325
0.555575
0.559650
0.564450
0.568375
0.569275
0.570425
0.574950
0.576800
0.578275
0.580275
0.583550
0.594575
0.598725
0.602550
0.603575
0.605600
0.612775
0.615450
0.620950
0.621650
0.622250
0.622650
0.624975
0.625500
0.630825
0.632450
0.635375
0.639250
0.642625
0.643050
0.647850
0.648125
0.648775
0.649175
0.651750
0.652675
0.660450
0.664125
0.667425
0.670575
0.673175
0.681075
0.690450
0.693550
0.698875
0.704500
0.708250
0.712100
0.714875
0.719925
0.729300
0.743175
0.747400
0.751650
0.759350
0.759750
0.761450
0.765275
0.773450
0.773825
0.774950
0.779600
0.783150
0.785525
0.787375
0.787600
0.788000
0.798350
0.802650
0.817100
0.817175
0.817350
0.826850
0.830500
0.833700
0.836600
0.846950
0.848100
0.848600
0.849150
0.859125
0.864050
0.871350
0.876025
0.884275
0.887325
0.891575
0.893100
0.895650
0.896375
0.896600
0.910775
0.913700
0.927950
0.930875
0.931375
0.933925
0.937100
0.946175
0.986325
0.987825
0.996750
0.998600
0.999050
1.017175
1.050025
1.076400
1.082225
1.103400
1.108975
1.110575
1.118600
1.119900
1.134700
1.146700
1.149225
1.159850
1.163300
1.187125
1.190075
1.198350
1.228200
1.235200
1.263350
1.293975
1.302250
1.316775
1.319975
1.362275
1.371525
1.414100
1.420400
1.469525
1.517225
1.584625
1.598350
1.620000
1.695650
1.728725
1.790300
1.827950
1.883600
2.038100
2.062200
2.130025
2.239725
2.284125
286
