0.001075
0.002200
0.004525
0.005025
0.006225
0.008075
0.011950
0.013675
0.022850
0.033025
0.049450
0.050950
0.061100
0.068850
0.075175
0.079400
0.081775
0.082575
0.088000
0.095350
0.099825
0.100675
0.103150
0.104425
0.105600
0.107600
0.111750
0.113175
0.119200
0.135075
0.137500
0.142550
0.144000
0.146100
0.155300
0.157175
0.157725
0.157850
0.158100
0.159050
0.162125
0.169225
0.169625
0.169850
0.171600
0.180475
0.181025
0.182325
0.204450
0.207400
0.209400
0.215100
0.220250
0.221500
0.225025
0.225575
0.229150
0.230850
0.239250
0.241050
0.241450
0.242225
0.266325
0.267550
0.268900
0.270250
0.276850
0.284675
0.293025
0.299975
0.300475
0.311975
0.314150
0.315300
0.315725
0.316900
0.318625
0.319500
0.320200
0.348050
0.348050
0.351775
0.354700
0.357325
0.360275
0.362525
0.364825
0.371500
0.375300
0.379175
0.383900
0.384450
0.385425
0.394900
0.395125
0.395175
0.402700
0.412850
0.417600
0.420300
0.449925
0.450550
0.469800
0.473750
0.479025
0.480450
0.480600
0.481025
0.481600
0.483425
0.484300
0.487300
0.490725
0.492225
0.502050
0.503500
0.510175
0.511400
0.512875
0.523275
0.525875
0.532250
0.535100
0.536300
0.541150
0.546975
0.547850
0.549350
0.552525
0.554325
0.564300
0.569125
0.570325
0.572075
0.572400
0.580700
0.582500
0.587950
0.591375
0.596100
0.596550
0.598075
0.624200
0.625150
0.632775
0.636075
0.637700
0.639900
0.649150
0.654700
0.658475
0.658925
0.665775
0.668650
0.671825
0.683600
0.686675
0.688700
0.690225
0.692650
0.700850
0.718775
0.721200
0.723800
0.736825
0.745400
0.745700
0.745825
0.752500
0.759700
0.760150
0.761375
0.763200
0.767850
0.775275
0.782900
0.784875
0.785750
0.788450
0.797350
0.797600
0.797750
0.831850
0.834575
0.837925
0.842875
0.844975
0.846300
0.850050
0.858350
0.859875
0.860675
0.863600
0.876400
0.883525
0.890600
0.894925
0.898025
0.904700
0.910900
0.912000
0.916050
0.919475
0.930900
0.934000
0.938875
0.939575
0.945375
0.972800
0.984575
0.990125
0.994200
1.005475
1.006750
1.006825
1.011825
1.015150
1.026600
1.074300
1.074675
1.083150
1.099050
1.115000
1.142600
1.144575
1.152900
1.163900
1.188975
1.231600
1.244825
1.254850
1.260600
1.270725
1.275500
1.297400
1.309725
1.378200
1.386175
1.432950
1.476025
1.516175
1.535900
1.536575
1.634325
1.718150
1.789625
1.888350
1.932575
1.953150
2.167975
2.341525
251
