0.003200
0.005175
0.007600
0.011700
0.015825
0.031125
0.031375
0.034825
0.041500
0.051800
0.053200
0.055625
0.063150
0.069825
0.097800
0.104000
0.122875
0.127125
0.130575
0.134900
0.139600
0.141800
0.148675
0.150775
0.174075
0.174125
0.176850
0.182575
0.187900
0.188550
0.190700
0.192325
0.195025
0.196125
0.207225
0.210400
0.213075
0.213375
0.214775
0.216475
0.220975
0.228775
0.230825
0.236000
0.244200
0.256475
0.258375
0.265300
0.267400
0.273300
0.276100
0.277000
0.277900
0.278625
0.284350
0.292400
0.297875
0.301750
0.307775
0.321550
0.324675
0.324975
0.326775
0.327525
0.332225
0.332600
0.334075
0.339775
0.345350
0.349300
0.357425
0.361675
0.367700
0.372500
0.380050
0.386900
0.397625
0.399775
0.401575
0.401800
0.402625
0.407500
0.408675
0.409675
0.423400
0.423825
0.424300
0.430400
0.431350
0.442975
0.444000
0.444300
0.452350
0.452550
0.454275
0.456675
0.468300
0.474425
0.475025
0.485650
0.487225
0.488025
0.488500
0.499275
0.513725
0.519750
0.527925
0.538850
0.542250
0.544675
0.548975
0.550525
0.566275
0.579925
0.581225
0.584100
0.586200
0.588825
0.589075
0.592575
0.593000
0.598675
0.599675
0.603600
0.615950
0.618625
0.618800
0.619650
0.636175
0.638325
0.645050
0.652400
0.655375
0.656700
0.663775
0.664525
0.669850
0.682400
0.685625
0.688400
0.689200
0.689975
0.693325
0.705375
0.713225
0.718900
0.720625
0.721075
0.722000
0.723525
0.727450
0.727525
0.729475
0.730775
0.734575
0.734900
0.735675
0.738175
0.741975
0.758275
0.758825
0.766325
0.775250
0.776775
0.779025
0.783975
0.798900
0.800225
0.800700
0.800850
0.803900
0.811175
0.820050
0.833700
0.837075
0.840225
0.852750
0.854625
0.854825
0.854875
0.855050
0.857975
0.861025
0.870325
0.876850
0.884575
0.885125
0.886825
0.903125
0.911650
0.953525
0.963600
0.966475
0.995200
0.995325
0.996550
0.997050
1.007050
1.008600
1.017300
1.042250
1.047525
1.052900
1.074400
1.081350
1.082825
1.087950
1.089225
1.089600
1.097050
1.097875
1.100825
1.107425
1.112150
1.122350
1.124525
1.146350
1.161450
1.166350
1.172900
1.173750
1.176875
1.178475
1.179700
1.191025
1.192375
1.210200
1.226825
1.229000
1.233775
1.270175
1.272675
1.278350
1.293100
1.362100
1.397750
1.398250
1.414175
1.474200
1.476375
1.525000
1.559475
1.580950
1.584375
1.594975
1.744850
1.776925
1.844050
1.849975
1.852800
1.896750
1.951900
2.284600
2.327675
2.430700
255
