0.004350
0.007425
0.015125
0.016300
0.019500
0.023350
0.027000
0.029675
0.030550
0.036400
0.043950
0.045075
0.048250
0.048250
0.058875
0.059950
0.065750
0.068025
0.089275
0.092550
0.092900
0.094875
0.099175
0.099775
0.104525
0.107000
0.110350
0.114950
0.117950
0.123200
0.124325
0.127575
0.129975
0.130525
0.132850
0.135200
0.138575
0.142100
0.143825
0.147325
0.149050
0.151275
0.158525
0.161800
0.167375
0.177100
0.180300
0.186500
0.186950
0.188300
0.195525
0.201375
0.204625
0.210425
0.210550
0.211175
0.211375
0.211750
0.215000
0.219100
0.219775
0.226275
0.227150
0.230500
0.236625
0.240975
0.244800
0.247600
0.250825
0.257150
0.261075
0.262150
0.265000
0.266150
0.266175
0.274400
0.274825
0.276275
0.284400
0.285200
0.285600
0.288850
0.289600
0.291925
0.296350
0.297025
0.304150
0.305325
0.307050
0.308675
0.321900
0.325200
0.330025
0.333400
0.343200
0.352750
0.352875
0.354325
0.355825
0.363975
0.366575
0.369750
0.376800
0.388400
0.391500
0.395975
0.411875
0.414775
0.415150
0.427700
0.434125
0.435800
0.456625
0.460300
0.461950
0.463600
0.466000
0.472850
0.475375
0.475850
0.477250
0.478125
0.479025
0.481025
0.490350
0.498750
0.500700
0.501900
0.501925
0.507675
0.514725
0.520825
0.527175
0.528250
0.528375
0.531050
0.542425
0.544750
0.547350
0.555450
0.575275
0.582000
0.588000
0.597425
0.611250
0.615050
0.615350
0.619750
0.626475
0.629500
0.630700
0.630975
0.632025
0.640450
0.641025
0.653425
0.654875
0.667000
0.669300
0.670300
0.681850
0.682675
0.685175
0.688000
0.688775
0.692950
0.697775
0.698250
0.699325
0.702350
0.712025
0.731125
0.743925
0.746700
0.746875
0.749475
0.752725
0.752825
0.753375
0.762350
0.766725
0.773875
0.776100
0.784050
0.788725
0.793150
0.798975
0.812275
0.829125
0.832275
0.836650
0.839175
0.841225
0.841750
0.842525
0.846275
0.850050
0.862925
0.905650
0.909300
0.922775
0.928500
0.940575
0.941425
0.945950
0.946975
0.952750
0.967275
0.992050
0.992475
1.000300
1.034325
1.057000
1.067175
1.078275
1.096725
1.107925
1.108350
1.126975
1.141825
1.154275
1.163475
1.176300
1.181750
1.182150
1.186125
1.220050
1.226975
1.228450
1.237900
1.241700
1.242050
1.252900
1.269175
1.269675
1.287875
1.288300
1.294250
1.294925
1.307875
1.318775
1.377600
1.405875
1.436450
1.439225
1.479750
1.483075
1.520375
1.579125
1.588425
1.595225
1.607700
1.625925
1.698725
1.704725
1.842375
1.885325
1.885450
1.908650
2.179525
2.366175
2.483525
262
