0.008375
0.012100
0.020300
0.021325
0.022025
0.022675
0.023850
0.023900
0.025925
0.037925
0.038100
0.040875
0.042550
0.047975
0.050825
0.062850
0.092175
0.097325
0.097350
0.100825
0.103125
0.104375
0.113475
0.115075
0.119850
0.121575
0.128225
0.134425
0.148250
0.155250
0.160400
0.160875
0.161300
0.162500
0.167550
0.169875
0.188550
0.196650
0.206950
0.211225
0.214575
0.226525
0.227725
0.232300
0.237900
0.242725
0.244200
0.245475
0.251975
0.258575
0.259375
0.262825
0.267425
0.269925
0.270150
0.273800
0.273975
0.279150
0.283450
0.285425
0.288900
0.290775
0.298625
0.306600
0.315425
0.318725
0.320700
0.320975
0.322075
0.328075
0.333075
0.342650
0.343425
0.347075
0.351800
0.354475
0.363350
0.367775
0.370625
0.381325
0.388850
0.394475
0.398550
0.412375
0.414800
0.421975
0.424025
0.426625
0.430350
0.440425
0.441975
0.444600
0.448950
0.450025
0.450525
0.456975
0.461600
0.472375
0.474375
0.477075
0.477125
0.477300
0.482025
0.489325
0.490725
0.491050
0.491375
0.492175
0.495275
0.503500
0.510600
0.512900
0.514525
0.517050
0.519600
0.530925
0.533950
0.538375
0.538400
0.538550
0.541150
0.553525
0.557225
0.558000
0.560750
0.571650
0.582000
0.583825
0.587050
0.587750
0.588200
0.595975
0.596250
0.597500
0.598875
0.614075
0.614950
0.616675
0.616975
0.617325
0.619650
0.620300
0.621100
0.629575
0.633775
0.636025
0.636500
0.636575
0.639425
0.644625
0.652725
0.653250
0.658400
0.670900
0.686575
0.687500
0.688775
0.692375
0.692500
0.696675
0.699075
0.702350
0.705700
0.711225
0.712175
0.722825
0.725850
0.738125
0.744225
0.750175
0.754450
0.760175
0.774025
0.782975
0.784950
0.786425
0.788675
0.792625
0.794325
0.795275
0.796075
0.805175
0.811550
0.813600
0.813925
0.815350
0.815475
0.820675
0.828275
0.834525
0.839025
0.841300
0.841925
0.842275
0.867775
0.872050
0.898900
0.906475
0.907650
0.909700
0.909750
0.917550
0.919150
0.921825
0.923800
0.926175
0.940025
0.949125
0.949875
0.951575
0.960375
0.966525
0.967525
0.967675
0.972200
0.979200
1.004550
1.004675
1.008050
1.021500
1.029650
1.039775
1.040850
1.042500
1.043625
1.043750
1.076725
1.085850
1.087700
1.092775
1.093100
1.099225
1.109100
1.130450
1.133600
1.141600
1.151150
1.164400
1.171025
1.174250
1.176225
1.193250
1.205175
1.213375
1.232575
1.255475
1.274700
1.295275
1.296725
1.381450
1.401400
1.471200
1.554100
1.569175
1.606975
1.663625
1.703825
1.727200
1.808000
1.946075
2.019500
2.115275
2.157800
2.196050
2.201775
265
