0.003625
0.005000
0.008600
0.013700
0.019900
0.028650
0.028650
0.030525
0.030575
0.032425
0.032800
0.033050
0.033775
0.037225
0.038025
0.038825
0.054400
0.058575
0.070300
0.072050
0.072575
0.073150
0.080025
0.082250
0.086700
0.087675
0.093525
0.106125
0.107700
0.119550
0.124850
0.129800
0.135525
0.138225
0.150425
0.151675
0.153775
0.154375
0.154600
0.161675
0.165850
0.168025
0.174075
0.175675
0.186950
0.191800
0.194300
0.195550
0.198650
0.200450
0.208350
0.208550
0.210825
0.217025
0.219000
0.219875
0.228675
0.232775
0.250375
0.257475
0.262150
0.262575
0.264600
0.265125
0.267450
0.268225
0.276425
0.277875
0.279100
0.283325
0.285600
0.287500
0.290250
0.291050
0.293275
0.294325
0.300050
0.305600
0.310750
0.311050
0.317975
0.330425
0.333000
0.337100
0.338275
0.339875
0.340075
0.347325
0.347700
0.350350
0.352350
0.358050
0.358250
0.360175
0.360850
0.362350
0.363750
0.369925
0.371100
0.375700
0.377575
0.377750
0.379925
0.386700
0.386750
0.396175
0.398650
0.409050
0.413250
0.417750
0.432200
0.433900
0.434000
0.437150
0.445375
0.449775
0.449900
0.451650
0.464025
0.473325
0.474550
0.474850
0.476125
0.483000
0.483925
0.488525
0.489025
0.492475
0.505175
0.506125
0.508025
0.508300
0.524250
0.527050
0.534500
0.534625
0.552450
0.553800
0.554625
0.559275
0.560150
0.562425
0.563975
0.565025
0.566650
0.570000
0.571100
0.573150
0.576125
0.590350
0.591650
0.593450
0.597025
0.597975
0.600900
0.601000
0.611250
0.611600
0.614500
0.623700
0.629375
0.631000
0.631325
0.636075
0.646350
0.649475
0.658225
0.666075
0.667925
0.676500
0.678550
0.686100
0.695200
0.705125
0.705700
0.707900
0.709650
0.717125
0.717850
0.732700
0.740700
0.748650
0.751275
0.755225
0.765025
0.775325
0.775850
0.794475
0.799850
0.811125
0.811925
0.820100
0.820500
0.820975
0.821400
0.838875
0.845325
0.851575
0.857000
0.874650
0.882625
0.884800
0.888650
0.898150
0.911500
0.927900
0.929500
0.935750
0.937575
0.964725
0.975150
0.978400
0.982725
0.985625
0.997125
0.998325
0.998525
1.000550
1.030225
1.040500
1.041275
1.051575
1.074600
1.094525
1.115000
1.134900
1.137325
1.138350
1.150125
1.153000
1.162775
1.180400
1.228275
1.246225
1.256425
1.265350
1.270625
1.293500
1.305425
1.361600
1.385750
1.413400
1.418400
1.445275
1.451350
1.491975
1.492525
1.507500
1.521925
1.533850
1.586350
1.676050
1.840350
1.864350
1.885575
1.931625
2.017600
2.311225
2.323900
2.442750
2.453100
261
