0.000300
0.004750
0.014600
0.017925
0.036200
0.040500
0.043050
0.047900
0.050925
0.051850
0.053400
0.059575
0.061975
0.066000
0.079050
0.081400
0.088500
0.090375
0.104500
0.105525
0.126075
0.130275
0.132025
0.139475
0.148150
0.161675
0.161950
0.170825
0.179125
0.179900
0.193125
0.195225
0.203525
0.209925
0.214475
0.215725
0.219475
0.220975
0.226850
0.229775
0.245500
0.256475
0.257350
0.257675
0.268650
0.270250
0.274175
0.279625
0.281975
0.282300
0.283225
0.284525
0.289400
0.294950
0.297650
0.299575
0.301075
0.313550
0.331175
0.331650
0.335575
0.336850
0.345825
0.348500
0.353400
0.353950
0.354650
0.354975
0.357875
0.358775
0.359000
0.360375
0.367375
0.367900
0.368850
0.369350
0.374650
0.378400
0.379425
0.392975
0.393950
0.394500
0.406725
0.411600
0.421750
0.433625
0.436675
0.454200
0.471625
0.471825
0.472250
0.477500
0.486175
0.487000
0.489100
0.490250
0.504350
0.504900
0.514500
0.516925
0.518350
0.520625
0.523500
0.528425
0.534950
0.545175
0.546075
0.551075
0.553175
0.555900
0.556725
0.568900
0.573475
0.578675
0.579975
0.583075
0.595225
0.595250
0.599325
0.606500
0.611050
0.611525
0.617100
0.628175
0.628375
0.633925
0.644800
0.647225
0.649900
0.650825
0.650975
0.651400
0.653000
0.658350
0.663575
0.665975
0.668025
0.670025
0.676275
0.679750
0.681350
0.683225
0.684725
0.686925
0.694300
0.695550
0.696575
0.716800
0.719375
0.722300
0.745550
0.750625
0.758200
0.761250
0.763000
0.763450
0.764700
0.766675
0.781575
0.783950
0.787625
0.790200
0.794375
0.795150
0.796250
0.817125
0.821275
0.822125
0.822325
0.825925
0.828075
0.834775
0.839125
0.846125
0.855350
0.858825
0.861350
0.862150
0.878200
0.880000
0.885850
0.910875
0.913500
0.915575
0.916225
0.921550
0.922900
0.927375
0.929275
0.930925
0.933200
0.936825
0.937600
0.939825
0.950050
0.950175
0.950375
0.951725
0.980125
0.981050
0.988025
0.996075
1.000400
1.022475
1.037150
1.040075
1.046325
1.059225
1.070675
1.076625
1.080550
1.083675
1.084100
1.098100
1.121675
1.122950
1.137900
1.146925
1.153075
1.154700
1.218200
1.225725
1.240350
1.267675
1.341425
1.345575
1.375700
1.382250
1.419650
1.436225
1.464675
1.473900
1.498275
1.524775
1.546675
1.587650
1.588350
1.592300
1.617325
1.629475
1.671525
1.721225
1.733600
1.744375
1.773200
1.880725
1.927325
2.032725
2.035125
2.225600
2.431475
2.433475
252
