0.004275
0.008000
0.014100
0.015650
0.016850
0.017150
0.017525
0.024900
0.027400
0.034250
0.038150
0.039500
0.044875
0.045625
0.052425
0.056000
0.058475
0.061475
0.071600
0.082000
0.082200
0.097775
0.103250
0.104500
0.112175
0.112425
0.113525
0.118475
0.119625
0.133575
0.133825
0.135600
0.136200
0.144150
0.148750
0.152400
0.164600
0.168150
0.169750
0.172950
0.173025
0.182800
0.184325
0.184450
0.186350
0.189175
0.193425
0.202500
0.207050
0.215200
0.222025
0.224750
0.234025
0.237725
0.249675
0.254025
0.257950
0.259725
0.261275
0.266500
0.269625
0.270600
0.277550
0.278575
0.279550
0.279575
0.283825
0.286200
0.288875
0.294075
0.296375
0.298300
0.301525
0.306575
0.309325
0.312475
0.312775
0.312950
0.316300
0.320675
0.322925
0.322975
0.324200
0.326675
0.328400
0.330975
0.335125
0.340050
0.341675
0.350425
0.352925
0.357650
0.358000
0.362800
0.368200
0.388600
0.400850
0.405350
0.410850
0.412900
0.419000
0.420250
0.425600
0.429050
0.430675
0.434750
0.444700
0.451025
0.455175
0.457475
0.459450
0.463550
0.464400
0.480850
0.494625
0.502700
0.513575
0.514900
0.529650
0.537800
0.537825
0.538775
0.538875
0.539175
0.555200
0.560075
0.560125
0.565650
0.567525
0.574750
0.589000
0.595450
0.597800
0.600725
0.616925
0.619750
0.625800
0.626325
0.627675
0.635075
0.649975
0.652100
0.653150
0.659450
0.669475
0.673925
0.678875
0.681650
0.684375
0.685925
0.687200
0.691025
0.697550
0.702450
0.707375
0.723525
0.731175
0.733925
0.744025
0.744375
0.745625
0.748175
0.760650
0.761075
0.764975
0.772700
0.781200
0.784800
0.787600
0.789500
0.800100
0.812825
0.828400
0.831350
0.835000
0.844650
0.847675
0.848875
0.848975
0.852025
0.852050
0.852325
0.855975
0.857425
0.862075
0.862200
0.864475
0.864925
0.870950
0.872225
0.875900
0.880700
0.892500
0.895600
0.902650
0.903250
0.905900
0.910650
0.928075
0.943725
0.943925
0.944650
0.952200
0.954700
0.962175
0.962675
0.973825
0.976975
0.986275
0.989500
0.994650
0.998525
1.005700
1.014025
1.014650
1.016375
1.025250
1.042750
1.044050
1.045825
1.064400
1.075050
1.087200
1.115175
1.122875
1.139100
1.145350
1.147575
1.208725
1.214025
1.229200
1.238225
1.245425
1.272500
1.298700
1.316000
1.330900
1.331075
1.422600
1.425025
1.448250
1.510275
1.524250
1.550400
1.574850
1.615125
1.774200
1.865275
2.043675
2.132625
2.147525
2.408650
2.421300
253
