0.005775
0.006300
0.010425
0.015525
0.017450
0.023925
0.026675
0.033575
0.039800
0.044300
0.058025
0.058600
0.060375
0.062000
0.067150
0.070450
0.071250
0.071375
0.071750
0.073650
0.078750
0.083150
0.098750
0.102100
0.102875
0.103350
0.107625
0.118175
0.121275
0.123875
0.129725
0.133900
0.141600
0.142675
0.142750
0.156775
0.166375
0.166725
0.175150
0.186800
0.188575
0.193125
0.195475
0.204850
0.216400
0.217400
0.223600
0.232175
0.233100
0.233825
0.237675
0.252300
0.255475
0.255850
0.256400
0.262250
0.269375
0.276575
0.279450
0.281575
0.285925
0.294625
0.294900
0.296925
0.309675
0.310225
0.311400
0.318700
0.321250
0.330500
0.335525
0.340550
0.344350
0.344800
0.347250
0.348700
0.349475
0.361750
0.365100
0.366675
0.373700
0.375275
0.377700
0.378025
0.381200
0.382300
0.384800
0.393175
0.398375
0.404075
0.406675
0.407475
0.430725
0.436200
0.438375
0.438475
0.443925
0.450300
0.452325
0.452400
0.454325
0.455825
0.456200
0.457075
0.457600
0.459725
0.461025
0.461675
0.462975
0.465275
0.466500
0.467700
0.471625
0.479100
0.491500
0.492200
0.494525
0.495100
0.497800
0.499750
0.503925
0.504075
0.518800
0.525575
0.533300
0.544675
0.546900
0.549675
0.549925
0.556850
0.560100
0.562150
0.563975
0.565850
0.566000
0.569900
0.578700
0.579675
0.605425
0.610700
0.614175
0.622625
0.624675
0.636175
0.637625
0.639675
0.648400
0.650700
0.652000
0.655225
0.674925
0.687700
0.695250
0.700625
0.704000
0.706100
0.706525
0.709200
0.710475
0.711400
0.715625
0.718575
0.741650
0.745850
0.747300
0.748600
0.756900
0.760025
0.764425
0.766375
0.775550
0.778650
0.794700
0.797025
0.797150
0.799175
0.805225
0.811500
0.818425
0.843250
0.859225
0.859425
0.868800
0.870900
0.881725
0.888700
0.891250
0.891575
0.894025
0.906725
0.910375
0.918700
0.921000
0.923450
0.954625
0.955325
0.987875
0.997725
1.004475
1.021525
1.050700
1.055800
1.071675
1.072950
1.085900
1.085950
1.087100
1.088550
1.091325
1.096600
1.119950
1.124100
1.124675
1.143400
1.155100
1.185200
1.224250
1.231325
1.232575
1.254075
1.264200
1.330250
1.378950
1.390725
1.407325
1.423775
1.436075
1.438350
1.461700
1.488825
1.503300
1.542500
1.730450
1.743050
234
