0.008725
0.010875
0.018075
0.021775
0.025950
0.026775
0.037825
0.040225
0.041125
0.041400
0.041625
0.043100
0.049875
0.051350
0.056400
0.059675
0.061925
0.064900
0.069375
0.071800
0.075475
0.076150
0.080625
0.084775
0.089825
0.100900
0.103625
0.104125
0.105750
0.111700
0.111750
0.120850
0.124225
0.125675
0.127175
0.127350
0.128275
0.130100
0.141525
0.141725
0.148825
0.154150
0.157150
0.158000
0.168600
0.169875
0.175625
0.181900
0.188475
0.190650
0.191025
0.192150
0.193575
0.194475
0.202025
0.204000
0.206475
0.213250
0.213750
0.214425
0.215025
0.215975
0.216200
0.216775
0.216850
0.220900
0.225475
0.227275
0.228775
0.234400
0.241375
0.247650
0.271325
0.272425
0.275075
0.276925
0.287475
0.292150
0.301425
0.301450
0.303225
0.304725
0.309300
0.312400
0.329025
0.330750
0.333900
0.337050
0.337875
0.344775
0.345200
0.346100
0.347050
0.348325
0.349750
0.352300
0.355375
0.359025
0.362600
0.370575
0.370825
0.388200
0.390725
0.392225
0.394125
0.394825
0.401125
0.401750
0.402800
0.403450
0.415850
0.444625
0.448775
0.454975
0.456875
0.457325
0.460350
0.465675
0.474525
0.479950
0.483525
0.483800
0.484250
0.490550
0.491625
0.496825
0.496900
0.499000
0.504475
0.512250
0.517525
0.527200
0.528475
0.529900
0.534200
0.534275
0.537425
0.546425
0.549275
0.552375
0.561150
0.566175
0.567775
0.574650
0.575550
0.579950
0.586575
0.590775
0.600000
0.607775
0.610800
0.613425
0.619475
0.619625
0.623275
0.647000
0.650800
0.651775
0.660375
0.662275
0.665775
0.674250
0.678975
0.693150
0.694950
0.697900
0.705800
0.711025
0.721475
0.728075
0.732025
0.733150
0.733600
0.737275
0.738375
0.747050
0.754875
0.757425
0.758850
0.761975
0.768750
0.770700
0.771725
0.776300
0.777225
0.779625
0.782575
0.783725
0.788775
0.799775
0.802000
0.806275
0.812700
0.813150
0.823125
0.833050
0.838425
0.862575
0.869425
0.884975
0.892850
0.904550
0.920250
0.933050
0.934750
0.940375
0.946800
0.954925
0.961150
0.968625
0.978050
0.978975
0.984750
0.996775
1.013950
1.014050
1.023900
1.026925
1.028575
1.028600
1.037100
1.083125
1.090750
1.091625
1.106250
1.106350
1.112250
1.123150
1.123300
1.136600
1.139150
1.145450
1.148725
1.160025
1.167150
1.181000
1.183525
1.191100
1.193075
1.205950
1.219725
1.220200
1.250900
1.257200
1.264400
1.294550
1.298525
1.323875
1.339000
1.361025
1.379975
1.398975
1.416025
1.426500
1.497300
1.521525
1.542475
1.568375
1.585825
1.611350
1.799100
1.838375
2.185075
2.261050
2.299600
265
