0.005700
0.009800
0.010750
0.011350
0.017050
0.023450
0.026050
0.026725
0.030350
0.031000
0.047975
0.051175
0.054100
0.057725
0.067875
0.069325
0.070800
0.072050
0.094300
0.096850
0.100625
0.106950
0.107075
0.119450
0.131850
0.142550
0.155475
0.157900
0.164875
0.165650
0.166925
0.170325
0.175075
0.191175
0.193700
0.196450
0.202800
0.208725
0.223225
0.239550
0.242450
0.244000
0.245700
0.266300
0.275275
0.277425
0.278500
0.283325
0.291425
0.312650
0.312675
0.312900
0.313425
0.316850
0.321850
0.322250
0.328725
0.329325
0.329400
0.344950
0.348625
0.353850
0.357050
0.365325
0.372800
0.374225
0.376875
0.380200
0.384725
0.389300
0.391525
0.394025
0.395050
0.398575
0.405175
0.406100
0.413850
0.416975
0.418200
0.424975
0.425250
0.425475
0.427425
0.431300
0.442050
0.444925
0.454250
0.457350
0.460725
0.473225
0.484775
0.486275
0.492325
0.493475
0.498450
0.498600
0.498625
0.505750
0.508075
0.516825
0.520675
0.527175
0.529200
0.532900
0.540925
0.544025
0.546375
0.546750
0.550425
0.557150
0.562900
0.566475
0.577050
0.577900
0.589325
0.591650
0.594350
0.594750
0.601175
0.603850
0.604650
0.608700
0.608800
0.609250
0.609650
0.610125
0.611950
0.617475
0.619975
0.622700
0.625225
0.643525
0.643825
0.652450
0.659575
0.664600
0.666700
0.676150
0.679225
0.680975
0.683375
0.683900
0.684950
0.694975
0.698025
0.698550
0.701125
0.704975
0.706500
0.711575
0.721875
0.725350
0.726875
0.728750
0.731000
0.749450
0.752450
0.753975
0.759125
0.762100
0.766500
0.766525
0.769450
0.769875
0.776150
0.781675
0.783825
0.793750
0.801275
0.814850
0.824125
0.824850
0.833375
0.840450
0.840650
0.842950
0.854450
0.862625
0.865400
0.877250
0.877450
0.885950
0.891450
0.908450
0.917700
0.919575
0.919575
0.920150
0.937400
0.948150
0.949125
0.960875
0.971575
1.010225
1.010575
1.012650
1.014575
1.015350
1.034300
1.039875
1.040600
1.052700
1.066075
1.086800
1.090825
1.108800
1.134475
1.135475
1.137300
1.142400
1.149775
1.162325
1.167075
1.174375
1.191850
1.193900
1.233775
1.259250
1.287600
1.315425
1.333000
1.343800
1.361500
1.366025
1.389100
1.392325
1.399100
1.420625
1.461125
1.491100
1.551900
1.617300
1.744975
1.833850
1.846325
1.947375
2.089425
237
