0.000625
0.002650
0.009300
0.010725
0.012125
0.017800
0.018625
0.020850
0.024600
0.033675
0.038925
0.039175
0.046075
0.050775
0.058800
0.060775
0.064225
0.064250
0.064625
0.066675
0.074775
0.076225
0.078375
0.080975
0.081000
0.098475
0.101125
0.110975
0.116175
0.120875
0.124275
0.124625
0.125525
0.133800
0.135900
0.138700
0.140800
0.141475
0.146525
0.150100
0.158325
0.159500
0.159550
0.163025
0.176100
0.180400
0.182025
0.184450
0.184900
0.186300
0.186450
0.192475
0.195650
0.199425
0.201950
0.204875
0.205375
0.211175
0.214225
0.258975
0.259175
0.261050
0.264975
0.265475
0.280400
0.287950
0.300500
0.306100
0.309825
0.314025
0.328300
0.334725
0.335050
0.338450
0.354525
0.355300
0.362750
0.365800
0.367275
0.369750
0.375300
0.381575
0.403200
0.403875
0.406175
0.413525
0.413650
0.448500
0.450275
0.463025
0.467275
0.473325
0.481625
0.483250
0.497875
0.500300
0.504400
0.505825
0.514025
0.518025
0.520375
0.524700
0.525825
0.525925
0.530700
0.531025
0.537050
0.539125
0.540550
0.541125
0.541400
0.545150
0.549000
0.553925
0.556775
0.573575
0.575250
0.580550
0.581525
0.583350
0.583625
0.588550
0.597125
0.598625
0.602400
0.607950
0.625325
0.631750
0.639250
0.652025
0.655175
0.657325
0.669275
0.671900
0.687475
0.692900
0.702325
0.704275
0.707900
0.721475
0.722250
0.722975
0.727225
0.730050
0.730825
0.731425
0.733000
0.738400
0.740700
0.741775
0.743150
0.756275
0.757200
0.761975
0.769225
0.769625
0.770775
0.771200
0.778750
0.779800
0.787900
0.790175
0.792075
0.795825
0.801475
0.811050
0.815325
0.824325
0.839175
0.859700
0.865150
0.867275
0.886450
0.892275
0.896900
0.900775
0.901925
0.915000
0.919050
0.919500
0.927050
0.938375
0.939175
0.945350
0.955250
0.956250
0.957825
0.958975
0.977725
1.017550
1.036225
1.037175
1.042325
1.044350
1.045025
1.056350
1.086100
1.095225
1.097700
1.104100
1.150125
1.157550
1.165750
1.182500
1.188125
1.210075
1.234575
1.272600
1.278575
1.281175
1.307850
1.373800
1.501875
1.563025
1.567500
1.600100
1.618350
1.817550
1.920575
1.922075
1.943025
2.092375
2.149150
2.156425
2.228075
2.360100
226
