0.002275
0.005225
0.007250
0.007575
0.021875
0.025800
0.027775
0.034800
0.035300
0.038450
0.039875
0.040075
0.044725
0.045600
0.045825
0.052850
0.057525
0.057725
0.066250
0.067425
0.067975
0.073750
0.077875
0.082800
0.084975
0.093100
0.096875
0.098550
0.105500
0.116400
0.122925
0.134675
0.137450
0.145650
0.150425
0.151875
0.179050
0.198850
0.211625
0.213275
0.221900
0.228350
0.229050
0.229700
0.229875
0.231700
0.233600
0.235525
0.252550
0.262450
0.269925
0.279000
0.282000
0.285125
0.288650
0.300350
0.302250
0.312925
0.313775
0.314825
0.316300
0.319775
0.320175
0.322700
0.322900
0.327875
0.328475
0.330725
0.330825
0.334600
0.336525
0.346700
0.349325
0.349850
0.350650
0.367650
0.370800
0.380925
0.383875
0.384250
0.399575
0.400600
0.406300
0.407500
0.423775
0.424350
0.427025
0.427250
0.427525
0.428050
0.434650
0.434950
0.435425
0.436750
0.439275
0.440275
0.441600
0.442675
0.443000
0.444050
0.447525
0.448100
0.452150
0.452875
0.454200
0.455200
0.456375
0.456525
0.457400
0.462925
0.472750
0.476775
0.478650
0.482925
0.485575
0.486375
0.488725
0.489850
0.491925
0.493875
0.497000
0.497050
0.503100
0.506675
0.508400
0.524225
0.527575
0.529475
0.529875
0.530475
0.531325
0.533200
0.534425
0.535400
0.537750
0.544075
0.547775
0.552000
0.552025
0.553900
0.557950
0.562425
0.565150
0.574300
0.583875
0.587850
0.589100
0.589350
0.600750
0.602375
0.614625
0.616950
0.617625
0.631600
0.637650
0.642475
0.642675
0.645500
0.650850
0.650900
0.651425
0.656750
0.656900
0.658950
0.659025
0.661025
0.662050
0.664200
0.668875
0.669575
0.670800
0.673275
0.684075
0.684450
0.687425
0.690875
0.701325
0.701950
0.702600
0.709300
0.715125
0.715325
0.716000
0.728200
0.731600
0.749575
0.752850
0.754300
0.762425
0.763775
0.771600
0.778550
0.785150
0.786500
0.786775
0.791300
0.801475
0.804500
0.811500
0.823375
0.825125
0.826950
0.833150
0.836975
0.840450
0.849250
0.850350
0.850850
0.857300
0.860225
0.879800
0.895050
0.896675
0.898525
0.900825
0.907325
0.909200
0.930100
0.939275
0.941500
0.949325
0.950400
0.970300
0.970975
0.977950
1.000975
1.006850
1.034225
1.043825
1.045550
1.060525
1.070525
1.086200
1.095550
1.122875
1.136725
1.150550
1.157925
1.188700
1.212075
1.240450
1.249175
1.249575
1.260000
1.274800
1.290650
1.303700
1.311575
1.331700
1.349900
1.354675
1.355100
1.360475
1.421350
1.431875
1.432850
1.461675
1.537450
1.543850
1.664375
1.688925
1.730125
1.740950
1.744875
1.973725
2.176975
2.185350
2.248900
2.295900
2.343975
270
