0.003150
0.004450
0.006875
0.014575
0.017800
0.020175
0.020575
0.023325
0.023675
0.024625
0.026825
0.030675
0.032350
0.052950
0.057175
0.062025
0.072825
0.072975
0.094325
0.095425
0.098125
0.107975
0.112625
0.119600
0.129750
0.137300
0.145500
0.146925
0.148700
0.155450
0.161675
0.163500
0.165300
0.169700
0.173600
0.175700
0.179700
0.182625
0.188200
0.203550
0.205275
0.215700
0.220100
0.222175
0.228250
0.265600
0.266425
0.280475
0.281250
0.283800
0.287775
0.293750
0.302125
0.307325
0.320200
0.321025
0.321300
0.321825
0.330550
0.339000
0.344875
0.355100
0.355200
0.358550
0.358650
0.360850
0.366925
0.368825
0.375425
0.375600
0.383875
0.390150
0.394575
0.408125
0.411400
0.414475
0.414950
0.415250
0.422175
0.422350
0.433825
0.436400
0.445175
0.448275
0.450450
0.455725
0.462250
0.464175
0.483250
0.484850
0.485575
0.492400
0.497875
0.501675
0.507725
0.508100
0.518675
0.523500
0.537725
0.548700
0.554450
0.555300
0.558100
0.562550
0.562550
0.568775
0.569675
0.572875
0.572925
0.574325
0.579700
0.585200
0.586850
0.600650
0.600900
0.614100
0.618150
0.619775
0.620375
0.627550
0.638675
0.638850
0.639675
0.639750
0.652850
0.659700
0.664925
0.665275
0.668850
0.669300
0.672725
0.674850
0.676600
0.679350
0.685700
0.690750
0.694500
0.703000
0.704850
0.705600
0.708525
0.712025
0.713275
0.734075
0.744125
0.750275
0.751700
0.753300
0.779375
0.784075
0.811675
0.815575
0.820550
0.823325
0.825750
0.827125
0.827225
0.833350
0.835725
0.856425
0.856425
0.859725
0.863300
0.866950
0.869450
0.889025
0.889125
0.892700
0.897950
0.917075
0.931900
0.945275
0.956775
0.970975
0.991100
0.994425
0.995500
0.997125
0.998450
1.004475
1.010300
1.010400
1.017250
1.020200
1.027200
1.031150
1.031850
1.038350
1.052900
1.053675
1.059550
1.064000
1.078950
1.083950
1.084900
1.133400
1.137025
1.143000
1.143925
1.166675
1.182950
1.194825
1.198400
1.207825
1.226675
1.231500
1.238075
1.239500
1.260750
1.266725
1.275125
1.278050
1.324300
1.325800
1.364300
1.365950
1.440400
1.488300
1.499275
1.527800
1.540200
1.569575
1.572475
1.612875
1.615375
1.692275
1.890100
1.961450
1.976725
2.254700
2.264700
2.266575
232
