0.000450
0.000500
0.000725
0.001450
0.004075
0.012425
0.013075
0.013175
0.013500
0.013700
0.017275
0.020100
0.021200
0.026725
0.030825
0.043975
0.044225
0.046350
0.049525
0.051775
0.054675
0.057800
0.066125
0.067425
0.080600
0.084900
0.094200
0.098525
0.100250
0.102075
0.124350
0.130025
0.132800
0.163350
0.166050
0.170675
0.173600
0.175000
0.185850
0.199350
0.200250
0.221775
0.223325
0.225500
0.227350
0.234775
0.235575
0.244675
0.250250
0.257550
0.258325
0.265050
0.265750
0.265900
0.267100
0.269225
0.277525
0.280825
0.283250
0.284450
0.285650
0.287225
0.288500
0.292175
0.292550
0.293225
0.293375
0.301275
0.304350
0.309025
0.311700
0.313700
0.324450
0.337275
0.338475
0.343275
0.345900
0.348925
0.350900
0.353700
0.363725
0.371725
0.383125
0.386900
0.387675
0.389050
0.391600
0.395000
0.398575
0.400600
0.404125
0.404325
0.406900
0.411350
0.420325
0.422550
0.431025
0.438675
0.441625
0.445500
0.448275
0.451400
0.453250
0.460450
0.463775
0.463875
0.465600
0.473850
0.480275
0.482750
0.490550
0.492900
0.505500
0.507850
0.508800
0.513150
0.513400
0.519225
0.520075
0.520225
0.521025
0.521225
0.521250
0.523850
0.525225
0.526475
0.531225
0.533325
0.538575
0.541675
0.543950
0.545200
0.553750
0.553975
0.554550
0.557550
0.560225
0.566500
0.566550
0.566725
0.567300
0.569075
0.573950
0.575050
0.578975
0.586200
0.592525
0.594900
0.595300
0.595900
0.596125
0.596175
0.597050
0.599125
0.601375
0.603100
0.605575
0.607825
0.621925
0.625825
0.629575
0.632925
0.637175
0.637450
0.644025
0.648100
0.651050
0.652775
0.658650
0.661475
0.661825
0.662350
0.664575
0.683700
0.686825
0.688400
0.690075
0.695750
0.702100
0.706175
0.718500
0.729975
0.736500
0.744750
0.749550
0.751725
0.767800
0.771875
0.776925
0.777750
0.778575
0.789125
0.815150
0.821525
0.823300
0.827175
0.830275
0.836950
0.839600
0.848050
0.848875
0.850925
0.855450
0.855600
0.873600
0.883675
0.885425
0.888050
0.903850
0.904400
0.910550
0.921050
0.927350
0.931750
0.955625
0.958750
0.961450
0.970950
1.001425
1.013750
1.014675
1.030025
1.034875
1.056525
1.057650
1.058300
1.066425
1.094350
1.108150
1.147675
1.170900
1.255400
1.276575
1.290125
1.344350
1.366650
1.371675
1.382975
1.428325
1.432925
1.436025
1.444000
1.447425
1.453125
1.524225
1.554950
1.557025
1.634775
1.648750
1.674475
1.848500
1.933325
1.965725
2.106150
2.383650
255
