0.001000
0.005250
0.006550
0.025500
0.030425
0.032850
0.041725
0.050225
0.058575
0.064050
0.072750
0.078175
0.079150
0.088650
0.091025
0.095900
0.101400
0.101575
0.103350
0.104775
0.105700
0.107625
0.126525
0.130350
0.137425
0.139575
0.148150
0.150275
0.155125
0.156575
0.164225
0.164550
0.171025
0.174175
0.176275
0.177125
0.182125
0.185750
0.193600
0.201500
0.202650
0.224400
0.224525
0.225500
0.232400
0.233725
0.241625
0.250675
0.253275
0.254600
0.255125
0.258900
0.259000
0.264925
0.269175
0.270175
0.279100
0.288075
0.291000
0.298500
0.301775
0.305475
0.316900
0.318200
0.320075
0.320725
0.323275
0.328400
0.333850
0.333975
0.339350
0.351525
0.357650
0.388250
0.393350
0.398450
0.404050
0.420100
0.424675
0.427800
0.428800
0.432325
0.437225
0.441400
0.446150
0.455575
0.459900
0.462725
0.465325
0.471025
0.472600
0.473900
0.477500
0.478350
0.480675
0.493050
0.497200
0.501350
0.505400
0.506875
0.510625
0.513125
0.513350
0.516875
0.518550
0.546875
0.554175
0.561150
0.564800
0.575550
0.584250
0.589225
0.594000
0.610475
0.616825
0.638250
0.640475
0.641050
0.643475
0.643525
0.644300
0.648525
0.652775
0.653075
0.653950
0.657325
0.658150
0.662825
0.663675
0.668725
0.669425
0.672700
0.676075
0.676175
0.678950
0.679200
0.681925
0.693325
0.694100
0.698500
0.705550
0.706150
0.707675
0.708250
0.713800
0.716575
0.717650
0.718025
0.718325
0.729650
0.731350
0.731600
0.737550
0.746850
0.756775
0.757175
0.760250
0.765375
0.797175
0.799125
0.804175
0.815450
0.822850
0.829800
0.837225
0.839900
0.841775
0.847075
0.854000
0.870075
0.873250
0.879450
0.885050
0.902225
0.911775
0.914150
0.926075
0.942850
0.955900
0.965650
0.977450
0.981950
1.008550
1.011150
1.023675
1.059650
1.072450
1.088700
1.089475
1.096525
1.106700
1.110650
1.123350
1.156750
1.174275
1.174675
1.178825
1.181050
1.191575
1.203750
1.204875
1.228525
1.238575
1.249550
1.253150
1.256425
1.270650
1.331500
1.332600
1.395100
1.439400
1.472850
1.475275
1.490850
1.503000
1.508500
1.540475
1.547875
1.555175
1.557600
1.558700
1.625475
1.636950
1.794875
1.827450
1.832500
1.842425
1.856525
1.958850
2.031225
2.050300
2.233575
2.437500
2.462975
234
