0.001450
0.004575
0.013725
0.014775
0.017825
0.019575
0.022125
0.024450
0.025725
0.027875
0.041600
0.049200
0.049425
0.063925
0.065000
0.067600
0.068275
0.092325
0.096900
0.099350
0.100350
0.104950
0.107575
0.111125
0.114275
0.118125
0.119975
0.129300
0.141400
0.142900
0.143950
0.162200
0.175850
0.189525
0.190875
0.192125
0.194100
0.194825
0.195650
0.197650
0.203150
0.209700
0.213325
0.216150
0.219775
0.219850
0.228200
0.228525
0.229950
0.232675
0.239750
0.244700
0.247575
0.250900
0.256325
0.257150
0.259050
0.283300
0.301925
0.303200
0.303275
0.317525
0.318550
0.319975
0.321850
0.325900
0.328200
0.328550
0.330600
0.330950
0.337600
0.347650
0.350600
0.352700
0.362875
0.365300
0.367150
0.369475
0.370350
0.372000
0.377550
0.377825
0.399100
0.400425
0.401125
0.402000
0.411075
0.423575
0.431925
0.433650
0.434325
0.449750
0.457375
0.460975
0.465950
0.470375
0.470375
0.478325
0.478800
0.481250
0.482225
0.501025
0.509825
0.509900
0.510125
0.510400
0.515675
0.516900
0.518575
0.523000
0.534000
0.538250
0.540875
0.549575
0.551950
0.555075
0.559875
0.560650
0.562425
0.570750
0.573800
0.605250
0.617550
0.620200
0.635050
0.635775
0.636650
0.638925
0.639625
0.641450
0.643250
0.654925
0.655975
0.659125
0.662050
0.674525
0.679675
0.683175
0.689650
0.703750
0.705225
0.706775
0.709150
0.711925
0.717250
0.738475
0.740525
0.741775
0.744425
0.761725
0.762075
0.763175
0.772500
0.775025
0.792775
0.795775
0.796475
0.804750
0.816450
0.820500
0.824700
0.826075
0.826750
0.832075
0.859925
0.880925
0.881325
0.887950
0.907675
0.910800
0.924000
0.927975
0.928450
0.937625
0.939575
0.953100
0.956625
0.971300
0.971475
0.972625
0.977925
0.978275
0.983250
0.984850
0.986875
0.998600
1.004925
1.008175
1.028075
1.034700
1.034925
1.038325
1.043725
1.048150
1.052125
1.062500
1.067775
1.076000
1.078675
1.085225
1.085575
1.091475
1.129075
1.151325
1.160625
1.172450
1.175675
1.187525
1.199925
1.222150
1.226475
1.231850
1.321725
1.322550
1.362125
1.367050
1.379050
1.381375
1.518450
1.573525
1.598950
1.679600
1.699475
1.832800
1.896075
1.941200
2.098675
2.140375
228
