0.007325
0.010700
0.012250
0.015825
0.028200
0.028800
0.029550
0.045925
0.050250
0.052950
0.054900
0.055325
0.068750
0.081175
0.082150
0.089775
0.092475
0.092525
0.093575
0.097000
0.107975
0.109925
0.113750
0.114550
0.118600
0.120075
0.120875
0.129425
0.132650
0.132675
0.141900
0.142800
0.144450
0.148825
0.151250
0.157375
0.161125
0.167125
0.172275
0.172925
0.174575
0.188575
0.188950
0.196075
0.197475
0.199825
0.200750
0.203225
0.208275
0.213800
0.218150
0.223475
0.229375
0.230000
0.233900
0.234450
0.234775
0.249800
0.257100
0.257100
0.263450
0.266500
0.271375
0.276350
0.283150
0.292175
0.292900
0.294075
0.296925
0.297900
0.307850
0.309650
0.312050
0.317175
0.329300
0.338750
0.340300
0.342725
0.347125
0.366550
0.373425
0.381600
0.381900
0.382050
0.390150
0.395550
0.426325
0.430125
0.435325
0.438100
0.440050
0.446450
0.447175
0.454000
0.457050
0.458525
0.461400
0.467350
0.484450
0.488800
0.489050
0.498900
0.501200
0.504025
0.507300
0.507325
0.509500
0.513850
0.516675
0.522925
0.541025
0.562175
0.567200
0.571000
0.581000
0.586175
0.586550
0.587600
0.594025
0.594050
0.595275
0.606300
0.608825
0.630400
0.630675
0.631150
0.632650
0.632925
0.644625
0.645575
0.652200
0.657250
0.673650
0.678600
0.689050
0.691225
0.696400
0.700275
0.703375
0.711175
0.711325
0.718975
0.720225
0.720225
0.721900
0.728925
0.728950
0.731975
0.733225
0.740950
0.742375
0.753000
0.764025
0.764225
0.766375
0.766375
0.767975
0.786375
0.790525
0.809325
0.828450
0.848100
0.850950
0.852175
0.855200
0.859300
0.864775
0.872700
0.882100
0.886700
0.894075
0.900225
0.900775
0.910550
0.915325
0.928350
0.934050
0.937025
0.947450
0.953525
0.959750
0.966900
0.973725
0.974625
0.975325
0.984725
0.999050
1.001175
1.015550
1.042650
1.056625
1.081150
1.091750
1.091925
1.107350
1.118975
1.121625
1.146400
1.159625
1.173050
1.178375
1.201200
1.204375
1.213750
1.218075
1.231925
1.234325
1.302625
1.354100
1.360450
1.391150
1.395375
1.403500
1.427650
1.476625
1.490200
1.490975
1.498475
1.501350
1.511250
1.543750
1.612325
1.640375
1.742750
1.889500
1.953750
2.017050
2.090850
2.167225
2.376425
230
