0.007125
0.009750
0.011350
0.013175
0.017325
0.019750
0.022550
0.028450
0.029300
0.030625
0.035600
0.055800
0.055950
0.056475
0.060150
0.083350
0.089700
0.100725
0.101150
0.102325
0.112900
0.114900
0.116575
0.122950
0.127575
0.128175
0.134900
0.135125
0.143150
0.147150
0.154100
0.155075
0.157700
0.162800
0.165275
0.176025
0.177350
0.177600
0.179550
0.186775
0.194750
0.196000
0.196450
0.202350
0.203125
0.204900
0.209000
0.212175
0.221600
0.230075
0.233025
0.237025
0.239425
0.245675
0.246625
0.249500
0.252050
0.254325
0.257325
0.259800
0.263550
0.267125
0.270425
0.273400
0.275775
0.283950
0.284650
0.290425
0.297175
0.297675
0.307150
0.309475
0.317050
0.319600
0.320250
0.321350
0.327675
0.329825
0.331825
0.333200
0.338625
0.342000
0.345075
0.347200
0.350425
0.351050
0.354425
0.354775
0.360750
0.368100
0.373200
0.378300
0.383375
0.391875
0.394250
0.394950
0.396025
0.398000
0.408725
0.411400
0.416800
0.419000
0.420950
0.426575
0.437225
0.445825
0.460000
0.468100
0.471325
0.478550
0.482725
0.503575
0.503625
0.508375
0.510775
0.513675
0.514650
0.520050
0.523500
0.532000
0.533675
0.535475
0.537600
0.541450
0.551600
0.551775
0.552725
0.552850
0.559375
0.564300
0.565100
0.591175
0.592200
0.603050
0.604575
0.605125
0.607475
0.612675
0.612850
0.614550
0.616575
0.619050
0.621275
0.626750
0.629525
0.633400
0.636625
0.637575
0.638125
0.661900
0.664825
0.668425
0.670275
0.674950
0.681500
0.681900
0.694925
0.710125
0.710675
0.719725
0.720350
0.720375
0.727550
0.728125
0.733975
0.742250
0.753350
0.766525
0.769775
0.779550
0.792025
0.796650
0.814075
0.828050
0.839200
0.854875
0.860800
0.861400
0.869325
0.889875
0.900475
0.912200
0.915775
0.918050
0.919675
0.926650
0.935725
0.940850
0.941425
0.955775
0.961125
0.973225
0.976975
0.987975
0.997025
1.003150
1.005850
1.011150
1.011900
1.013675
1.019400
1.023275
1.035850
1.066950
1.098400
1.102200
1.105100
1.130150
1.153325
1.163525
1.165400
1.167925
1.168825
1.169725
1.171600
1.176800
1.181200
1.256550
1.256675
1.258450
1.279550
1.289375
1.299475
1.302525
1.304350
1.352150
1.391250
1.419525
1.451625
1.471150
1.479675
1.534475
1.547675
1.577700
1.640175
1.825150
1.909700
2.009800
2.071425
239
