0.011875
0.032025
0.036825
0.062325
0.074400
0.074550
0.077400
0.088125
0.093375
0.095550
0.100525
0.106950
0.115700
0.116250
0.125025
0.141475
0.147275
0.148775
0.156500
0.160775
0.163500
0.163675
0.168275
0.192175
0.200750
0.213425
0.213525
0.217750
0.222000
0.222200
0.224375
0.227975
0.229050
0.243300
0.254700
0.258725
0.262425
0.262775
0.266400
0.277850
0.278100
0.280550
0.288725
0.311450
0.315475
0.335350
0.340775
0.347425
0.356150
0.360250
0.363950
0.364375
0.372775
0.373725
0.382550
0.389600
0.390825
0.392025
0.405725
0.407100
0.413025
0.417150
0.420225
0.424975
0.425450
0.437225
0.438250
0.439100
0.442125
0.444025
0.445050
0.448125
0.448650
0.450825
0.451000
0.451300
0.453425
0.462225
0.462250
0.467750
0.472575
0.473900
0.474625
0.477200
0.477450
0.484800
0.486425
0.491725
0.499425
0.500750
0.510600
0.512675
0.513500
0.514600
0.515550
0.518450
0.519850
0.528800
0.540100
0.541600
0.541825
0.542750
0.545925
0.547875
0.551150
0.555650
0.557700
0.559450
0.559850
0.560950
0.565400
0.566900
0.568725
0.570775
0.576225
0.577750
0.582675
0.583325
0.586000
0.586350
0.591875
0.602450
0.606725
0.607900
0.613025
0.616300
0.618875
0.623050
0.624675
0.627100
0.632800
0.634975
0.641825
0.647100
0.662925
0.666575
0.672550
0.677500
0.683000
0.690450
0.691700
0.692775
0.694925
0.695875
0.700925
0.708300
0.711525
0.716525
0.717525
0.718300
0.723300
0.725825
0.728875
0.733700
0.741950
0.753025
0.758725
0.763200
0.789200
0.791050
0.794000
0.794425
0.804800
0.806800
0.812475
0.824350
0.824825
0.833225
0.839475
0.843750
0.872900
0.881200
0.884500
0.888000
0.890275
0.893950
0.927250
0.932400
0.938750
0.940400
0.943800
0.950400
0.951675
0.959400
0.964550
0.964625
0.967575
0.968200
0.977475
0.991675
0.999550
1.003200
1.003825
1.004175
1.004350
1.012875
1.019150
1.020650
1.061525
1.104850
1.117600
1.135200
1.141400
1.168800
1.233600
1.308175
1.316925
1.317225
1.343100
1.367150
1.380925
1.413450
1.575575
1.583250
1.649250
1.676325
1.680150
1.682175
1.703450
1.718225
1.760350
1.806025
1.840775
1.844325
1.874275
1.874575
1.998400
2.029900
2.052000
2.097950
2.240075
2.275150
232
