0.004775
0.010975
0.021075
0.027950
0.032475
0.042600
0.045325
0.054075
0.054425
0.058950
0.059150
0.061575
0.068050
0.070775
0.071850
0.086500
0.091250
0.093050
0.093400
0.104500
0.115725
0.118050
0.122700
0.129100
0.129125
0.129150
0.130175
0.132100
0.135650
0.136650
0.148675
0.152325
0.155225
0.156100
0.156725
0.157525
0.165600
0.165800
0.174150
0.176450
0.181475
0.194075
0.197750
0.205750
0.217275
0.218375
0.220025
0.220675
0.226800
0.226925
0.231775
0.236425
0.238850
0.242625
0.247200
0.249425
0.252075
0.258250
0.259700
0.262000
0.267475
0.267750
0.269250
0.275350
0.275375
0.276200
0.276325
0.277025
0.278275
0.285275
0.289400
0.294400
0.295500
0.305850
0.308925
0.317000
0.319700
0.323625
0.324375
0.326475
0.336100
0.350350
0.350675
0.353600
0.354600
0.355425
0.359975
0.360850
0.361675
0.361950
0.364000
0.364325
0.369050
0.370575
0.374375
0.378425
0.379675
0.383050
0.388900
0.390525
0.391800
0.401275
0.401300
0.403200
0.414925
0.416225
0.418650
0.421525
0.430625
0.433300
0.437600
0.443625
0.444500
0.445175
0.450125
0.452125
0.454575
0.456900
0.469875
0.476400
0.493975
0.508600
0.527975
0.533675
0.533950
0.538850
0.539675
0.543100
0.551600
0.552025
0.556000
0.566750
0.572225
0.573050
0.575300
0.578125
0.578875
0.580925
0.587375
0.591500
0.592000
0.600500
0.601525
0.607450
0.610950
0.614900
0.615950
0.618375
0.620250
0.622525
0.624900
0.627600
0.628125
0.631175
0.633500
0.637150
0.642400
0.642800
0.649150
0.651000
0.673250
0.676250
0.692675
0.701375
0.703475
0.706000
0.715500
0.716625
0.728600
0.731250
0.732725
0.737250
0.746600
0.749675
0.758225
0.772450
0.776575
0.783025
0.783450
0.800600
0.814275
0.816750
0.826225
0.838925
0.842175
0.846575
0.847675
0.853850
0.861025
0.863900
0.889975
0.893175
0.893900
0.896025
0.906450
0.908800
0.915900
0.917200
0.918275
0.921975
0.924175
0.924850
0.959900
1.003175
1.009125
1.036000
1.043250
1.049375
1.052425
1.053075
1.053550
1.055950
1.072475
1.087825
1.103775
1.114300
1.115725
1.128425
1.131875
1.141950
1.160475
1.182000
1.213125
1.219825
1.243800
1.244700
1.256800
1.268750
1.278750
1.288800
1.309775
1.310400
1.314100
1.318075
1.320450
1.344550
1.358700
1.378275
1.402550
1.414200
1.452500
1.488075
1.488400
1.506325
1.537325
1.600775
1.620600
1.687675
1.747875
2.134450
250
