0.005650
0.014025
0.019725
0.019750
0.022900
0.024325
0.024425
0.025100
0.038975
0.059750
0.063675
0.066050
0.076475
0.084800
0.090175
0.092175
0.093350
0.093675
0.095875
0.099250
0.103725
0.111900
0.114325
0.117050
0.121475
0.130775
0.133475
0.134575
0.136600
0.137475
0.142600
0.147525
0.149250
0.149400
0.151350
0.155500
0.166475
0.168900
0.171050
0.179150
0.182825
0.183800
0.186625
0.189225
0.192925
0.200775
0.203550
0.205100
0.207250
0.211250
0.225100
0.227725
0.243725
0.252325
0.254675
0.255225
0.261425
0.268125
0.268825
0.273150
0.274350
0.274550
0.274950
0.278250
0.285825
0.292300
0.303075
0.308350
0.316950
0.321625
0.322650
0.328400
0.330950
0.331050
0.332400
0.335150
0.336275
0.336875
0.344775
0.345450
0.345650
0.347225
0.348200
0.348425
0.352875
0.354650
0.356700
0.357175
0.357775
0.361600
0.369050
0.377325
0.377900
0.380750
0.383250
0.393300
0.394400
0.398600
0.403075
0.406700
0.406975
0.412950
0.417375
0.419500
0.423750
0.433600
0.440375
0.455050
0.456900
0.457050
0.459375
0.462550
0.471525
0.473575
0.478600
0.479950
0.501025
0.504575
0.509100
0.513475
0.515225
0.516700
0.517875
0.518125
0.531375
0.544025
0.544650
0.549250
0.560450
0.561475
0.568500
0.570925
0.571800
0.572075
0.574200
0.577675
0.584100
0.596950
0.604425
0.611600
0.614050
0.614725
0.615100
0.619625
0.621325
0.626650
0.628800
0.641950
0.642825
0.646400
0.648250
0.650375
0.651600
0.662400
0.674425
0.674675
0.675475
0.679450
0.679925
0.680550
0.685600
0.690025
0.692200
0.693675
0.695150
0.700775
0.714725
0.722525
0.726325
0.730450
0.736425
0.741150
0.750475
0.755350
0.757300
0.758325
0.761125
0.762075
0.792875
0.796975
0.798650
0.803725
0.821925
0.828950
0.846100
0.858525
0.859900
0.862525
0.869400
0.869475
0.889850
0.893375
0.921575
0.923175
0.933500
0.958125
0.961225
0.975650
0.990625
0.997500
1.006300
1.008550
1.013800
1.013900
1.015525
1.019925
1.026425
1.033325
1.054400
1.055475
1.086975
1.099350
1.100775
1.103425
1.115275
1.115625
1.136575
1.142675
1.144100
1.157900
1.175950
1.218850
1.220675
1.229400
1.253350
1.255875
1.282625
1.337150
1.346025
1.365150
1.411250
1.509600
1.511500
1.607750
1.624700
1.653450
1.682450
1.781725
1.833775
1.975225
2.149775
2.470550
242
