0.000500
0.007975
0.020325
0.022050
0.022350
0.022625
0.026675
0.027075
0.036675
0.038000
0.050600
0.052450
0.053500
0.059975
0.071925
0.078450
0.079850
0.081925
0.085825
0.091150
0.097075
0.098550
0.100400
0.101100
0.112900
0.114250
0.121975
0.124425
0.134550
0.136000
0.146525
0.146800
0.149700
0.153425
0.157625
0.171700
0.174975
0.187125
0.189500
0.195500
0.196350
0.203500
0.207375
0.208100
0.218175
0.231550
0.236575
0.237525
0.240700
0.244350
0.245750
0.252325
0.263150
0.263800
0.265600
0.270425
0.275400
0.277075
0.278075
0.280400
0.283350
0.295925
0.303000
0.303400
0.315350
0.323650
0.324150
0.329000
0.330450
0.334925
0.335800
0.347900
0.348225
0.353300
0.355175
0.359075
0.359150
0.389650
0.399975
0.416700
0.421625
0.425800
0.432225
0.434475
0.435575
0.442600
0.443175
0.449350
0.451000
0.456575
0.457000
0.457800
0.460675
0.470250
0.479575
0.484050
0.490075
0.491350
0.491950
0.492875
0.493600
0.516275
0.529800
0.532125
0.556250
0.557750
0.558950
0.559050
0.564950
0.566100
0.566825
0.568175
0.571350
0.585075
0.588600
0.597000
0.602750
0.606650
0.615350
0.619400
0.626925
0.627450
0.643200
0.651975
0.653300
0.666275
0.672775
0.678925
0.686775
0.699650
0.699950
0.709225
0.716050
0.716400
0.716800
0.725550
0.725850
0.728075
0.729225
0.731975
0.735875
0.741950
0.745550
0.748175
0.750025
0.755425
0.763625
0.766775
0.772750
0.781575
0.783775
0.786650
0.798350
0.799000
0.802025
0.803600
0.807100
0.810775
0.812850
0.818050
0.819450
0.826350
0.831350
0.835825
0.843200
0.844950
0.846125
0.851100
0.855125
0.855375
0.870900
0.882575
0.885550
0.903275
0.908375
0.909250
0.918650
0.936150
0.959725
0.980500
0.980950
0.986575
0.991300
0.996900
0.999975
1.000300
1.033575
1.034625
1.081275
1.092000
1.098425
1.112700
1.114475
1.120025
1.122000
1.126525
1.127500
1.148175
1.162625
1.167350
1.232150
1.236650
1.244950
1.251725
1.276225
1.279075
1.279250
1.284100
1.284700
1.290775
1.310850
1.325200
1.341875
1.368075
1.369250
1.371075
1.382350
1.382525
1.406475
1.497250
1.529350
1.540775
1.551775
1.575525
1.582525
1.583800
1.594675
1.635525
1.652000
1.683025
1.738300
1.744850
1.761450
1.776225
1.790150
1.891725
1.966475
2.017275
2.026525
2.100925
2.179350
2.369025
242
