0.007575
0.015550
0.021425
0.023825
0.027250
0.041925
0.045250
0.045700
0.048475
0.049425
0.050175
0.050575
0.055900
0.056950
0.058200
0.061400
0.062425
0.071275
0.073800
0.076375
0.077775
0.086050
0.089700
0.093700
0.094825
0.104050
0.105400
0.111100
0.118375
0.119725
0.124150
0.129075
0.131525
0.133975
0.142550
0.146675
0.157275
0.165075
0.169900
0.172250
0.181675
0.186225
0.191400
0.199075
0.212525
0.214225
0.216575
0.219400
0.219675
0.223375
0.225100
0.226325
0.234775
0.235150
0.240625
0.247625
0.248625
0.251050
0.251150
0.262700
0.264600
0.280575
0.288725
0.302700
0.311575
0.314475
0.329450
0.341100
0.345725
0.348675
0.353325
0.356700
0.357275
0.366950
0.372950
0.377425
0.378500
0.379400
0.383350
0.387175
0.395525
0.400650
0.403075
0.410800
0.411425
0.414725
0.427950
0.430500
0.450150
0.455625
0.465875
0.469650
0.471975
0.471975
0.472175
0.475350
0.481675
0.482100
0.484600
0.489100
0.492850
0.506650
0.520575
0.521925
0.527200
0.532000
0.532175
0.538650
0.549875
0.559025
0.568325
0.572100
0.572550
0.575600
0.576850
0.597150
0.597500
0.603075
0.606475
0.608325
0.609325
0.616175
0.617625
0.621200
0.626825
0.631750
0.633550
0.637175
0.637250
0.647900
0.653300
0.656000
0.659250
0.661425
0.663150
0.677300
0.678100
0.685025
0.692600
0.698075
0.704725
0.705425
0.710300
0.710750
0.711400
0.711875
0.720025
0.723425
0.730325
0.731375
0.734775
0.740900
0.749225
0.754125
0.755400
0.759775
0.761450
0.762025
0.766275
0.771750
0.773025
0.773975
0.783150
0.797375
0.801225
0.816325
0.831175
0.836475
0.841575
0.841900
0.851075
0.855850
0.862850
0.863000
0.867400
0.869175
0.872625
0.882650
0.892175
0.900400
0.901075
0.925550
0.928650
0.929400
0.934100
0.952450
0.952750
0.963950
0.967275
0.974300
0.974875
0.976600
0.979250
0.982775
0.985500
0.991675
1.007000
1.009675
1.017750
1.021350
1.027000
1.030225
1.042100
1.081950
1.145900
1.157700
1.161525
1.163425
1.176125
1.179525
1.198025
1.250900
1.258900
1.278825
1.281100
1.288675
1.296650
1.306850
1.358375
1.431725
1.454575
1.455175
1.535900
1.552925
1.613225
1.673025
1.681200
1.832025
1.934075
2.182450
230
