0.008600
0.014075
0.014425
0.020350
0.021675
0.023900
0.025650
0.028600
0.038025
0.045575
0.046550
0.047275
0.052350
0.053225
0.057025
0.059775
0.061075
0.064800
0.065250
0.068175
0.075925
0.078825
0.080975
0.084275
0.092825
0.093125
0.096200
0.097400
0.099150
0.099400
0.101550
0.108950
0.122150
0.125450
0.126875
0.133150
0.141500
0.141675
0.148450
0.149850
0.158250
0.166000
0.166050
0.174300
0.175500
0.180925
0.181000
0.182325
0.192200
0.198150
0.200100
0.204650
0.208500
0.210050
0.212650
0.214700
0.215750
0.218475
0.223500
0.232625
0.236200
0.245475
0.246575
0.252275
0.253100
0.253375
0.256400
0.256725
0.260875
0.270150
0.274725
0.278650
0.279475
0.279525
0.282975
0.308100
0.316725
0.321625
0.323725
0.323800
0.326675
0.327700
0.334825
0.336425
0.348850
0.350975
0.353125
0.358700
0.361425
0.363825
0.367925
0.371275
0.373250
0.374525
0.375900
0.389500
0.395500
0.401300
0.413700
0.428350
0.434125
0.437625
0.444075
0.450625
0.455975
0.457400
0.472700
0.479400
0.480125
0.480800
0.490750
0.491100
0.502975
0.505250
0.522850
0.531975
0.537900
0.552150
0.556100
0.559850
0.567675
0.572225
0.572675
0.575175
0.575275
0.586250
0.595800
0.599425
0.605675
0.615325
0.619000
0.628350
0.629200
0.636450
0.646125
0.661850
0.665425
0.669975
0.676550
0.677375
0.683250
0.687275
0.693875
0.700200
0.704000
0.706450
0.707325
0.708150
0.708600
0.713650
0.714225
0.714400
0.714800
0.719300
0.720950
0.729875
0.731125
0.733575
0.742525
0.743900
0.751125
0.763425
0.770525
0.770850
0.784475
0.785025
0.785050
0.796050
0.803450
0.804475
0.812575
0.815975
0.827675
0.828450
0.833875
0.835225
0.845550
0.848750
0.852175
0.854725
0.868625
0.872850
0.878200
0.881375
0.896025
0.899975
0.927200
0.927375
0.935425
0.945300
0.982175
0.984625
0.994475
0.995000
1.000000
1.005625
1.020575
1.022250
1.038350
1.039900
1.062225
1.062450
1.064975
1.089350
1.097350
1.103700
1.112450
1.139975
1.161825
1.165275
1.185200
1.222050
1.234425
1.238200
1.271600
1.291000
1.295525
1.310975
1.336400
1.403075
1.412275
1.477000
1.645150
1.675100
1.810425
1.983275
2.274625
227
