0.027050
0.029350
0.036550
0.040025
0.043625
0.046950
0.054750
0.055025
0.060775
0.072100
0.079500
0.085750
0.086450
0.093750
0.097175
0.098150
0.107250
0.109050
0.114200
0.118700
0.126825
0.147900
0.149750
0.151125
0.151825
0.158300
0.158825
0.163250
0.164725
0.168000
0.169450
0.172150
0.183675
0.187275
0.196775
0.207575
0.209500
0.215625
0.221600
0.229725
0.232475
0.242175
0.243200
0.251275
0.255675
0.259925
0.269700
0.279975
0.286475
0.287125
0.288700
0.294675
0.295250
0.299100
0.302975
0.305775
0.308075
0.308625
0.309575
0.314725
0.321075
0.322925
0.326850
0.328925
0.331150
0.333350
0.335125
0.336600
0.339100
0.358425
0.358975
0.365700
0.370675
0.373150
0.374700
0.376200
0.386850
0.387250
0.408025
0.410325
0.414150
0.420950
0.422525
0.429425
0.451750
0.455575
0.455625
0.457975
0.458550
0.466400
0.471200
0.476325
0.476975
0.480800
0.484200
0.484250
0.496350
0.496700
0.496975
0.506025
0.507700
0.510625
0.516375
0.517725
0.519850
0.525250
0.526550
0.528125
0.529500
0.532375
0.535500
0.536000
0.539825
0.541375
0.549275
0.551050
0.554800
0.564225
0.565975
0.592475
0.598350
0.602575
0.607500
0.608475
0.611750
0.616575
0.623650
0.629800
0.644800
0.648250
0.648900
0.658925
0.661575
0.661850
0.662875
0.676150
0.679575
0.680175
0.684150
0.684575
0.698250
0.700700
0.704500
0.704525
0.709250
0.709825
0.711400
0.711925
0.717025
0.734650
0.739575
0.739875
0.740125
0.741275
0.749925
0.760800
0.773450
0.778650
0.786825
0.811050
0.825850
0.838200
0.845375
0.853650
0.855425
0.861775
0.866600
0.874725
0.882800
0.883950
0.885200
0.885650
0.891825
0.897975
0.901650
0.903725
0.922675
0.944750
0.948325
0.951150
0.954225
0.969125
0.973150
0.974400
0.987675
0.993975
0.999275
1.005175
1.013500
1.016575
1.029250
1.043225
1.050525
1.051600
1.059000
1.060800
1.079375
1.080700
1.082625
1.083500
1.100975
1.124950
1.138150
1.140800
1.152050
1.163325
1.176450
1.178100
1.184550
1.204450
1.208450
1.215200
1.225100
1.227500
1.231075
1.242225
1.248150
1.277750
1.278300
1.294300
1.308425
1.318650
1.365875
1.376475
1.410525
1.415550
1.449950
1.481550
1.489900
1.603750
1.743300
1.760550
1.785800
1.804200
1.881800
1.920200
1.938050
1.964850
2.010200
2.060800
2.066700
2.162450
2.351225
2.380700
2.395350
245
