0.003800
0.010600
0.014975
0.025900
0.026525
0.028450
0.046125
0.057625
0.074775
0.075375
0.076025
0.077300
0.087875
0.094675
0.098275
0.101500
0.105875
0.107400
0.116900
0.118850
0.124175
0.129075
0.141300
0.141725
0.149600
0.162625
0.166550
0.175000
0.183475
0.188675
0.191300
0.191400
0.198175
0.207025
0.214625
0.220075
0.226350
0.227250
0.230650
0.236800
0.239300
0.245175
0.249750
0.256250
0.256450
0.257175
0.259050
0.265950
0.267400
0.269525
0.270150
0.273300
0.279575
0.280025
0.296275
0.301250
0.305150
0.306775
0.309525
0.310725
0.324825
0.332175
0.341450
0.342425
0.344900
0.345950
0.354250
0.357225
0.360675
0.365975
0.366350
0.373375
0.373525
0.373925
0.375000
0.375450
0.376550
0.379825
0.418100
0.418950
0.420925
0.421275
0.430250
0.430650
0.434600
0.435475
0.437225
0.438975
0.449300
0.449900
0.462600
0.465325
0.478875
0.485075
0.492825
0.506675
0.515775
0.516450
0.531525
0.532950
0.537675
0.546675
0.550525
0.558450
0.558950
0.559600
0.565625
0.567525
0.567750
0.573900
0.576850
0.580900
0.588100
0.591350
0.594550
0.600150
0.600400
0.600775
0.601425
0.601725
0.603700
0.603775
0.615075
0.622300
0.623175
0.630500
0.632850
0.635200
0.637000
0.637000
0.641800
0.644675
0.646500
0.655700
0.655725
0.666775
0.672775
0.675925
0.680525
0.681175
0.683025
0.683725
0.689625
0.693925
0.698650
0.712500
0.713450
0.713450
0.716725
0.717325
0.728675
0.733900
0.734950
0.737075
0.737575
0.741025
0.743275
0.743700
0.743700
0.744100
0.744300
0.748225
0.754550
0.754850
0.761250
0.766150
0.774050
0.776600
0.782775
0.789575
0.802825
0.806225
0.819775
0.821600
0.824150
0.826625
0.831100
0.840775
0.843675
0.852625
0.859425
0.862475
0.862500
0.867175
0.867475
0.874700
0.877550
0.879000
0.882950
0.883250
0.888975
0.898625
0.907000
0.923575
0.938375
0.940925
0.953700
0.956575
0.956875
1.004150
1.041575
1.052875
1.053450
1.053825
1.055825
1.058825
1.070825
1.087350
1.092000
1.137375
1.137725
1.144275
1.148800
1.152275
1.153425
1.190325
1.196575
1.197950
1.206225
1.206900
1.249700
1.254500
1.271925
1.283175
1.300525
1.335000
1.357525
1.390475
1.417750
1.418050
1.455500
1.560100
1.584375
1.596775
1.604925
1.679075
1.809400
1.829575
1.833575
1.903000
2.235850
2.469450
242
