0.008900
0.012075
0.025925
0.028725
0.049975
0.058200
0.067025
0.071950
0.073175
0.079525
0.080100
0.081225
0.084400
0.085325
0.088225
0.096250
0.101125
0.103725
0.107700
0.108675
0.108975
0.112600
0.113725
0.120050
0.125525
0.126975
0.130200
0.141275
0.144200
0.145900
0.150175
0.152200
0.153775
0.158400
0.158750
0.161000
0.163200
0.174300
0.178400
0.183550
0.185000
0.185625
0.186725
0.189725
0.190900
0.191625
0.194875
0.199775
0.203675
0.205925
0.221350
0.222925
0.230825
0.231225
0.232050
0.234475
0.234800
0.237825
0.238850
0.239250
0.245800
0.253175
0.257250
0.263875
0.277575
0.280700
0.283550
0.291275
0.297250
0.306025
0.314500
0.317675
0.323550
0.325350
0.326350
0.329925
0.338200
0.339275
0.341100
0.342125
0.342850
0.344900
0.347875
0.349925
0.352900
0.355325
0.356800
0.358850
0.362825
0.373600
0.374025
0.412375
0.416200
0.418025
0.422100
0.422600
0.429575
0.444475
0.454925
0.455125
0.456300
0.460925
0.461850
0.462300
0.462475
0.465850
0.469275
0.469925
0.479525
0.488700
0.489775
0.495950
0.502175
0.505000
0.513475
0.517150
0.520225
0.533250
0.536500
0.537750
0.546025
0.547550
0.547750
0.554850
0.557400
0.559375
0.560300
0.565125
0.575375
0.579100
0.584850
0.585075
0.588750
0.603175
0.605500
0.605625
0.606550
0.607850
0.609450
0.613150
0.617450
0.621050
0.630125
0.634275
0.634875
0.638750
0.640775
0.650550
0.651075
0.651825
0.656825
0.664625
0.671800
0.675225
0.676525
0.678175
0.682275
0.682975
0.683500
0.685575
0.687300
0.692600
0.692750
0.698425
0.704400
0.704725
0.712425
0.712500
0.719550
0.724175
0.727150
0.728075
0.733550
0.733675
0.736325
0.743250
0.757775
0.777100
0.788775
0.800125
0.827850
0.829800
0.830075
0.831925
0.844825
0.852350
0.863675
0.869500
0.876450
0.878500
0.888275
0.894350
0.904325
0.922300
0.931100
0.933100
0.933975
0.962300
0.964725
0.975025
0.976800
0.980700
0.998450
1.027425
1.038750
1.044675
1.048600
1.049150
1.050550
1.074350
1.079225
1.084575
1.084750
1.086350
1.089875
1.094325
1.121825
1.137925
1.158750
1.170875
1.189800
1.204750
1.239250
1.259450
1.270500
1.276575
1.282200
1.311325
1.311925
1.333775
1.377725
1.380200
1.389150
1.438250
1.439975
1.513075
1.531950
1.537700
1.632950
1.761025
1.763400
1.820825
1.934025
2.312750
244
