0.002200
0.003100
0.003125
0.003875
0.005750
0.007100
0.021650
0.023475
0.023675
0.030125
0.031400
0.038525
0.050000
0.051650
0.058150
0.063700
0.063700
0.081225
0.081925
0.087750
0.090900
0.091350
0.095850
0.097300
0.098225
0.107050
0.119750
0.121050
0.121925
0.122150
0.122850
0.124100
0.127125
0.128900
0.134625
0.141050
0.143850
0.150525
0.153700
0.156300
0.159175
0.160775
0.167250
0.168675
0.183375
0.184600
0.186525
0.194250
0.195000
0.197950
0.199550
0.201250
0.204375
0.205850
0.206450
0.208850
0.211050
0.221400
0.221775
0.223175
0.231200
0.231825
0.236200
0.236425
0.239725
0.241000
0.242600
0.259375
0.263900
0.269050
0.274750
0.278350
0.282325
0.283450
0.284675
0.285025
0.295125
0.296275
0.316175
0.317475
0.320875
0.323600
0.337650
0.342800
0.347125
0.353725
0.355500
0.356000
0.359200
0.359800
0.361225
0.363750
0.366750
0.370450
0.371900
0.375375
0.379825
0.380350
0.384025
0.403625
0.411025
0.414375
0.417875
0.419200
0.425125
0.428600
0.429275
0.435800
0.435800
0.436950
0.440425
0.441900
0.443725
0.443900
0.448075
0.448250
0.451750
0.452800
0.464400
0.467025
0.474000
0.481150
0.494275
0.500225
0.500725
0.501975
0.507000
0.508375
0.515050
0.520425
0.529450
0.534475
0.541100
0.543300
0.547050
0.548700
0.553950
0.553975
0.558800
0.560175
0.572225
0.573425
0.579825
0.581425
0.585750
0.586625
0.590350
0.593450
0.608450
0.610250
0.618100
0.624850
0.626000
0.628525
0.636975
0.640825
0.643225
0.644450
0.663225
0.665600
0.667100
0.667475
0.671125
0.679600
0.683975
0.690600
0.692800
0.699325
0.723900
0.727425
0.731550
0.734575
0.735875
0.739025
0.748625
0.752075
0.767200
0.767550
0.775350
0.778150
0.780750
0.782200
0.792475
0.796525
0.807400
0.815075
0.815125
0.817125
0.819800
0.820900
0.825250
0.831525
0.836450
0.847525
0.874000
0.877700
0.879300
0.881875
0.882500
0.884275
0.892175
0.906775
0.925500
0.928325
0.956450
0.977625
0.995950
1.006250
1.020450
1.023225
1.034050
1.041900
1.047150
1.054700
1.057450
1.068375
1.068825
1.074600
1.099750
1.142000
1.156775
1.157225
1.162925
1.168250
1.179650
1.217050
1.228875
1.268925
1.307450
1.320975
1.348275
1.353875
1.403850
1.420900
1.439250
1.440775
1.445600
1.484475
1.552725
1.590650
1.618500
1.636500
1.658675
1.668650
1.681950
1.767175
1.966325
1.999000
2.299025
249
