0.005850
0.009775
0.014825
0.015725
0.020050
0.022500
0.033650
0.034225
0.034275
0.038075
0.047425
0.053100
0.064700
0.065200
0.067700
0.078875
0.081400
0.090600
0.095700
0.097300
0.098325
0.098950
0.104250
0.107700
0.112550
0.113500
0.123075
0.126450
0.129675
0.134475
0.135300
0.135850
0.138550
0.142850
0.144725
0.145250
0.156625
0.158050
0.161675
0.161925
0.176975
0.181325
0.184500
0.195425
0.199200
0.201375
0.204800
0.228125
0.238025
0.239775
0.243400
0.249225
0.251250
0.251975
0.252975
0.257800
0.267700
0.268475
0.269150
0.274600
0.288500
0.289300
0.289650
0.297175
0.303125
0.303425
0.304300
0.306675
0.310525
0.318875
0.319600
0.320175
0.322225
0.329400
0.332350
0.335150
0.336100
0.336250
0.341850
0.345125
0.349925
0.350375
0.350650
0.350950
0.351325
0.355575
0.358225
0.362100
0.386000
0.390450
0.393575
0.396450
0.402550
0.408625
0.422825
0.429400
0.431400
0.434600
0.435325
0.437950
0.441250
0.445975
0.449825
0.464475
0.467200
0.467450
0.472825
0.475875
0.477550
0.489775
0.505050
0.508275
0.516350
0.529650
0.534375
0.534450
0.542725
0.548525
0.549825
0.556725
0.560550
0.571400
0.571750
0.578675
0.584675
0.597925
0.604525
0.608575
0.610000
0.610700
0.615625
0.621250
0.627100
0.637625
0.638900
0.644975
0.661475
0.663050
0.663175
0.666300
0.669500
0.672050
0.673775
0.674925
0.679800
0.689775
0.692850
0.694675
0.697525
0.698650
0.704450
0.713925
0.715350
0.724300
0.725425
0.726600
0.728375
0.730325
0.734700
0.742625
0.743425
0.744550
0.754275
0.765975
0.774050
0.776900
0.782200
0.787525
0.793000
0.794625
0.799450
0.819050
0.821550
0.827275
0.852925
0.855650
0.856000
0.857950
0.859225
0.869725
0.879250
0.880175
0.885900
0.887250
0.891275
0.896575
0.903075
0.903800
0.923525
0.947000
0.956500
0.962825
0.966500
0.970900
0.979075
0.981750
0.982600
0.982800
1.000750
1.003700
1.005050
1.008925
1.016375
1.018625
1.028900
1.050825
1.069300
1.081575
1.096850
1.105300
1.119300
1.124075
1.139075
1.139850
1.164450
1.164725
1.179450
1.193950
1.197025
1.214700
1.231900
1.240525
1.257750
1.259175
1.259250
1.285925
1.304275
1.311225
1.317675
1.337200
1.350650
1.359075
1.404075
1.426100
1.432775
1.445550
1.493725
1.514600
1.598175
1.705150
1.753025
1.783500
1.899200
1.928075
2.012200
2.245325
2.277150
2.489725
248
