0.001525
0.006050
0.012575
0.013700
0.014725
0.033125
0.037500
0.037625
0.042475
0.042925
0.049250
0.051725
0.055575
0.057650
0.070850
0.074050
0.081900
0.083300
0.084200
0.085775
0.088075
0.090675
0.094750
0.096675
0.098800
0.104075
0.105975
0.108050
0.115125
0.131525
0.132900
0.132975
0.139600
0.143625
0.148125
0.176125
0.177325
0.181725
0.184250
0.185525
0.186425
0.191300
0.196300
0.198025
0.207075
0.213900
0.215525
0.219125
0.220425
0.221475
0.221575
0.239525
0.243450
0.244325
0.252025
0.253875
0.264025
0.265325
0.269050
0.269800
0.277100
0.281125
0.284075
0.288050
0.290275
0.299550
0.302025
0.303125
0.303775
0.306600
0.310950
0.313975
0.315475
0.326100
0.337700
0.338100
0.342225
0.343625
0.343975
0.344300
0.345600
0.347275
0.349575
0.353800
0.354900
0.359300
0.362600
0.364925
0.373225
0.390975
0.394125
0.394275
0.403775
0.407350
0.407700
0.409800
0.413225
0.427850
0.429075
0.450075
0.459100
0.466525
0.498925
0.506475
0.508350
0.516150
0.517500
0.522175
0.531850
0.536900
0.538375
0.545900
0.547725
0.554400
0.567125
0.572600
0.575925
0.577325
0.577775
0.582050
0.583300
0.584050
0.587525
0.590575
0.596575
0.596775
0.605725
0.607500
0.619800
0.624900
0.628350
0.634650
0.634675
0.639600
0.648100
0.650375
0.652350
0.653050
0.655425
0.658350
0.659450
0.663950
0.666075
0.678825
0.680300
0.698000
0.698225
0.699750
0.708700
0.716375
0.725675
0.731100
0.731550
0.733100
0.736925
0.747475
0.752600
0.755725
0.757100
0.759425
0.764875
0.767525
0.777625
0.778800
0.785050
0.786600
0.787725
0.803650
0.804975
0.819525
0.833700
0.835500
0.853025
0.857050
0.859450
0.860025
0.868550
0.871800
0.879850
0.888500
0.898775
0.905175
0.908275
0.910750
0.921575
0.932175
0.957425
0.976825
0.983200
0.985975
0.994550
0.999425
1.030950
1.089000
1.089900
1.101850
1.102825
1.106000
1.128925
1.133775
1.168775
1.172200
1.201325
1.203000
1.203975
1.205200
1.208450
1.210225
1.229150
1.235975
1.268225
1.271725
1.276575
1.281525
1.300875
1.313675
1.337925
1.337950
1.358475
1.369075
1.369800
1.375000
1.382050
1.396275
1.508100
1.512800
1.516200
1.555150
1.589750
1.613400
1.635975
1.643300
1.675950
1.719875
1.940125
1.951250
1.988475
2.253525
2.274950
2.324075
240
