0.004325
0.005475
0.005725
0.008550
0.010675
0.011575
0.012200
0.015775
0.021225
0.022400
0.024550
0.025950
0.027700
0.028650
0.032375
0.040800
0.043050
0.046550
0.047200
0.054650
0.058750
0.061200
0.068700
0.070350
0.081400
0.094700
0.100175
0.101950
0.112650
0.119300
0.124425
0.124875
0.125650
0.128375
0.136200
0.137275
0.154650
0.154950
0.155075
0.160700
0.162825
0.163500
0.175400
0.175700
0.183625
0.190575
0.191175
0.191600
0.195500
0.196175
0.203900
0.204050
0.219100
0.235250
0.237025
0.237450
0.255000
0.272400
0.272500
0.272900
0.277875
0.278125
0.281400
0.284125
0.285900
0.292700
0.299650
0.299675
0.315375
0.317125
0.322875
0.323925
0.335150
0.344625
0.356275
0.356925
0.363650
0.378875
0.381475
0.381550
0.382775
0.383125
0.386025
0.388000
0.404575
0.409550
0.413675
0.419775
0.419800
0.423450
0.430550
0.440350
0.440400
0.442375
0.447575
0.448300
0.464825
0.471325
0.473925
0.480675
0.481775
0.486500
0.489850
0.490600
0.493400
0.496450
0.499400
0.506500
0.509875
0.515025
0.515925
0.516200
0.520075
0.521575
0.521725
0.523450
0.524175
0.526925
0.530750
0.532650
0.543275
0.543675
0.550150
0.553250
0.553875
0.556175
0.556275
0.562775
0.566100
0.566700
0.568625
0.575250
0.575400
0.579600
0.582000
0.586650
0.588475
0.588625
0.590650
0.616325
0.620625
0.632325
0.632600
0.637650
0.637875
0.640325
0.652525
0.660650
0.660700
0.663250
0.663625
0.664125
0.667200
0.676675
0.683700
0.691025
0.699475
0.705825
0.709425
0.717500
0.719850
0.720775
0.728000
0.732100
0.745525
0.748025
0.748200
0.759075
0.764075
0.772600
0.781050
0.792625
0.800225
0.811350
0.816000
0.818875
0.837150
0.841075
0.848075
0.854375
0.856725
0.858900
0.863325
0.871225
0.888025
0.896025
0.918800
0.922450
0.926375
0.941450
0.948075
0.961375
0.963375
0.964850
0.965050
0.967625
0.970975
1.001075
1.011200
1.012775
1.012900
1.012925
1.021950
1.025800
1.031225
1.051275
1.055450
1.057200
1.059675
1.101100
1.129525
1.133725
1.134375
1.142625
1.144900
1.146550
1.148850
1.176450
1.185500
1.225025
1.228225
1.230425
1.236750
1.247400
1.273775
1.284100
1.344450
1.356800
1.368775
1.386250
1.389000
1.430650
1.461000
1.473125
1.512950
1.528050
1.620725
1.626950
1.735100
1.751150
1.756650
1.761300
1.799200
1.825850
1.836700
1.875575
2.006425
2.041900
2.059875
2.159875
2.192450
251
