0.003425
0.015450
0.022350
0.028325
0.036850
0.037800
0.040225
0.043475
0.043675
0.048025
0.061750
0.067250
0.068125
0.080100
0.084775
0.098600
0.099700
0.105500
0.108550
0.113300
0.114675
0.115725
0.116300
0.123125
0.124250
0.125975
0.132750
0.133600
0.133875
0.141300
0.152050
0.156200
0.160325
0.167675
0.172100
0.174150
0.178725
0.180025
0.181175
0.182775
0.192025
0.193525
0.193775
0.198150
0.201425
0.202350
0.203625
0.208675
0.211675
0.213075
0.216375
0.223300
0.232625
0.235000
0.247625
0.265125
0.266800
0.268175
0.269025
0.277875
0.280325
0.281450
0.283600
0.284525
0.289425
0.292550
0.296875
0.302450
0.315550
0.316975
0.321050
0.321725
0.322800
0.323725
0.328100
0.329275
0.329300
0.331125
0.331225
0.345525
0.346275
0.348800
0.360250
0.360325
0.365800
0.366400
0.367300
0.368225
0.370475
0.371400
0.372500
0.383850
0.384050
0.385775
0.387350
0.391150
0.409225
0.410925
0.413725
0.415775
0.416150
0.418750
0.420000
0.421325
0.422200
0.435425
0.437325
0.442075
0.446000
0.458325
0.458900
0.462300
0.471275
0.472550
0.480775
0.481250
0.485650
0.485875
0.493100
0.494200
0.495050
0.497100
0.506525
0.510875
0.518800
0.529500
0.529800
0.530125
0.533550
0.537525
0.541425
0.543575
0.544500
0.546300
0.548775
0.551650
0.552075
0.555725
0.562750
0.563050
0.567050
0.571550
0.574950
0.580150
0.594550
0.600925
0.604800
0.605475
0.610400
0.613150
0.617175
0.619725
0.623550
0.632250
0.632625
0.633325
0.633575
0.634825
0.639350
0.643425
0.644725
0.648975
0.660875
0.662150
0.664125
0.665575
0.667975
0.670250
0.673275
0.679400
0.682375
0.682925
0.690500
0.704125
0.714000
0.715725
0.719250
0.720175
0.726075
0.726400
0.729950
0.733650
0.742800
0.744950
0.754625
0.757775
0.759000
0.773425
0.776650
0.783450
0.784500
0.790725
0.799950
0.800250
0.803775
0.804050
0.808675
0.810125
0.819450
0.820850
0.833800
0.836350
0.856275
0.864000
0.867075
0.888675
0.891425
0.893525
0.899475
0.901025
0.902250
0.903600
0.905750
0.909525
0.910800
0.925275
0.925650
0.931650
0.938100
0.938275
0.940050
0.942450
0.953475
0.960825
0.963575
0.965725
0.967175
0.978800
1.005575
1.019100
1.039475
1.046650
1.050675
1.062550
1.070275
1.095250
1.098575
1.099625
1.105650
1.118025
1.129750
1.132325
1.140725
1.153500
1.154000
1.183550
1.204200
1.256825
1.265275
1.290450
1.319050
1.320725
1.340800
1.343200
1.345075
1.366575
1.406500
1.453675
1.483850
1.486125
1.493700
1.500950
1.508550
1.508775
1.599050
1.612700
1.627850
1.645400
1.655750
1.700000
1.703100
1.745275
1.987025
2.027125
2.070700
2.199575
276
