0.001525
0.002075
0.003775
0.006875
0.012300
0.018875
0.022450
0.025425
0.027900
0.028775
0.030275
0.031725
0.038025
0.038075
0.043425
0.047025
0.050975
0.052100
0.057000
0.058725
0.058750
0.061175
0.064625
0.066200
0.069900
0.070825
0.080075
0.085475
0.090325
0.094425
0.098275
0.100450
0.102650
0.110075
0.113550
0.115950
0.118000
0.119025
0.121350
0.141300
0.143275
0.144925
0.149900
0.152950
0.154300
0.161350
0.166700
0.170900
0.171950
0.172150
0.181075
0.185175
0.190875
0.194575
0.199225
0.201550
0.201875
0.203600
0.204975
0.212525
0.214225
0.218350
0.219000
0.222075
0.224550
0.229875
0.233775
0.236200
0.244425
0.251025
0.251900
0.252550
0.253250
0.254275
0.256100
0.264000
0.269800
0.274450
0.281100
0.283875
0.291625
0.298300
0.298675
0.307475
0.314325
0.324550
0.329075
0.329875
0.331000
0.338550
0.339050
0.340650
0.345200
0.346250
0.346625
0.347000
0.356725
0.357825
0.358675
0.360750
0.366275
0.375075
0.376800
0.379275
0.380025
0.383775
0.384125
0.402825
0.408700
0.419000
0.421475
0.425650
0.432225
0.433950
0.436750
0.441575
0.441650
0.455475
0.456225
0.456250
0.457300
0.465500
0.467050
0.473500
0.473675
0.477650
0.480025
0.482000
0.482075
0.484150
0.484525
0.485850
0.486775
0.490700
0.502225
0.502725
0.504600
0.507150
0.519075
0.526300
0.528725
0.533150
0.535650
0.546200
0.548050
0.549475
0.555775
0.558000
0.562100
0.562675
0.565850
0.573450
0.577950
0.578125
0.608000
0.608075
0.636550
0.641175
0.642425
0.653925
0.655750
0.659450
0.660975
0.676600
0.681050
0.687975
0.693500
0.693925
0.701075
0.705150
0.706175
0.711750
0.716825
0.717625
0.717975
0.726000
0.733200
0.741825
0.746700
0.747500
0.748100
0.759500
0.763150
0.768825
0.770950
0.771725
0.771900
0.776225
0.782000
0.784150
0.801975
0.824750
0.837950
0.838025
0.845000
0.845100
0.857500
0.875200
0.881700
0.888075
0.892800
0.894400
0.905975
0.910400
0.927650
0.940375
0.942850
0.942900
0.959200
0.969925
0.975950
0.990650
0.999675
1.009400
1.010400
1.012825
1.019250
1.035175
1.037800
1.038425
1.051275
1.068075
1.075025
1.076500
1.079725
1.085125
1.090725
1.112250
1.125175
1.131725
1.134450
1.142125
1.170950
1.175700
1.180900
1.184350
1.188175
1.205575
1.212575
1.225725
1.232000
1.237550
1.238175
1.240875
1.278975
1.345650
1.369900
1.369975
1.399275
1.435900
1.443975
1.448025
1.524575
1.534475
1.562600
1.563450
1.687050
1.706875
1.856200
1.904400
1.980725
1.990050
2.032825
2.292400
2.354725
2.478450
2.486950
267
