0.000125
0.001875
0.004775
0.007400
0.012525
0.014750
0.024550
0.024750
0.026500
0.031200
0.036275
0.037425
0.048300
0.061200
0.075025
0.079875
0.080100
0.081500
0.087125
0.087800
0.098725
0.106075
0.111900
0.116850
0.117750
0.118125
0.120800
0.121775
0.123975
0.127350
0.127600
0.129550
0.146450
0.147925
0.154175
0.159550
0.162350
0.163125
0.165300
0.168125
0.172350
0.172500
0.179600
0.181925
0.184525
0.189250
0.192850
0.194450
0.195800
0.206900
0.213525
0.217125
0.217475
0.220175
0.224475
0.225875
0.228925
0.230575
0.232750
0.232875
0.240375
0.240675
0.241925
0.243975
0.244900
0.255950
0.257850
0.269300
0.272000
0.272350
0.279475
0.281350
0.284000
0.292700
0.301525
0.301875
0.302625
0.304225
0.310000
0.316300
0.323575
0.323975
0.327650
0.328925
0.331750
0.334450
0.337025
0.339250
0.341475
0.342275
0.342700
0.348275
0.356325
0.379675
0.379725
0.380175
0.382275
0.394125
0.398750
0.403625
0.405825
0.405875
0.407300
0.409375
0.411525
0.413875
0.418925
0.421225
0.425325
0.436375
0.438475
0.455500
0.457300
0.461875
0.462950
0.465250
0.469800
0.473350
0.477250
0.480775
0.480975
0.486275
0.493275
0.493825
0.499900
0.500600
0.500975
0.503250
0.503250
0.506075
0.506700
0.512750
0.516375
0.517100
0.518125
0.523925
0.542900
0.548650
0.550025
0.552350
0.554725
0.555200
0.556375
0.559975
0.569500
0.569825
0.574325
0.582225
0.583350
0.597425
0.599675
0.601275
0.601425
0.601550
0.606050
0.612350
0.612400
0.623575
0.623675
0.632525
0.634500
0.637400
0.638350
0.639900
0.645675
0.650700
0.653000
0.656875
0.657675
0.661975
0.669800
0.697300
0.697400
0.705375
0.705400
0.707625
0.710175
0.711175
0.716850
0.718125
0.722675
0.725700
0.733325
0.733650
0.739350
0.740150
0.743800
0.751175
0.754675
0.758125
0.761750
0.763200
0.766800
0.769675
0.804625
0.817000
0.822050
0.822475
0.827000
0.847425
0.864800
0.868700
0.883775
0.888000
0.898725
0.898950
0.900025
0.902050
0.940300
0.942550
0.960250
0.965250
0.965675
0.981225
0.982750
0.987250
0.995550
1.003800
1.024300
1.032325
1.034825
1.037500
1.046000
1.068900
1.072900
1.104500
1.108150
1.120275
1.139925
1.146050
1.152500
1.166725
1.175450
1.218125
1.224225
1.238425
1.241675
1.299175
1.310975
1.313975
1.314975
1.350275
1.379425
1.428950
1.432700
1.672800
1.714350
1.781300
1.785425
1.802425
1.847050
1.850750
1.864125
1.900650
1.904400
1.951825
1.956900
2.014425
2.037050
2.264200
2.401000
261
