0.002625
0.005850
0.032675
0.040300
0.047100
0.056350
0.057325
0.060000
0.060175
0.061900
0.064500
0.065075
0.067450
0.067650
0.069650
0.071400
0.072050
0.079075
0.084000
0.088150
0.089375
0.091500
0.099525
0.101800
0.102575
0.105475
0.115600
0.117375
0.130175
0.150825
0.167775
0.169675
0.177875
0.182675
0.182900
0.185250
0.189475
0.193225
0.199000
0.199250
0.200675
0.203075
0.204500
0.211375
0.212525
0.215000
0.231350
0.240500
0.241500
0.245650
0.246700
0.250875
0.251475
0.255800
0.256000
0.256950
0.258575
0.264375
0.269425
0.275150
0.275150
0.275925
0.277025
0.279275
0.279400
0.281400
0.281875
0.283825
0.285750
0.288275
0.288500
0.291400
0.294200
0.297775
0.302650
0.306675
0.318700
0.323975
0.324650
0.325250
0.339550
0.339825
0.344150
0.347500
0.349775
0.352875
0.354050
0.356650
0.365650
0.377150
0.377225
0.386775
0.392600
0.396675
0.397150
0.397200
0.402275
0.417875
0.420450
0.425400
0.427400
0.429050
0.439025
0.449100
0.469225
0.480750
0.485850
0.487250
0.488350
0.490425
0.499625
0.501950
0.509950
0.525625
0.550775
0.552650
0.557450
0.559625
0.568750
0.580175
0.583400
0.601525
0.602250
0.604125
0.609375
0.615175
0.620275
0.623650
0.626100
0.642175
0.647300
0.651375
0.651950
0.656350
0.658600
0.666825
0.672325
0.686550
0.687000
0.694050
0.695675
0.706125
0.715400
0.715825
0.724425
0.734250
0.734450
0.740775
0.748825
0.752275
0.756375
0.758875
0.759575
0.760025
0.762200
0.774000
0.777325
0.784700
0.796825
0.803025
0.803075
0.806050
0.816025
0.822525
0.823875
0.827750
0.840275
0.845450
0.864500
0.864650
0.871150
0.871175
0.871625
0.876900
0.877825
0.882000
0.883825
0.884500
0.886500
0.894350
0.912900
0.922625
0.923625
0.933600
0.941225
0.941675
0.942875
0.949925
0.964075
0.964125
0.971325
0.979925
1.001750
1.003325
1.032250
1.040825
1.056575
1.082600
1.101000
1.118675
1.126250
1.140600
1.164350
1.169075
1.177075
1.185525
1.205925
1.207025
1.227400
1.230400
1.233925
1.241850
1.277275
1.325150
1.421625
1.428300
1.457575
1.469075
1.486625
1.543900
1.583975
1.609125
1.639900
1.672750
1.728575
1.744525
1.801700
1.933100
2.074825
2.087300
2.347225
2.353400
232
