0.001250
0.012300
0.013550
0.017000
0.027775
0.029150
0.031000
0.032950
0.034200
0.035000
0.039850
0.040125
0.041425
0.047625
0.048875
0.064800
0.069450
0.071025
0.074425
0.077800
0.080250
0.080650
0.086225
0.088900
0.089275
0.090975
0.091200
0.092250
0.103900
0.112000
0.112225
0.125000
0.125125
0.126850
0.128050
0.129775
0.144625
0.147625
0.148925
0.148950
0.159100
0.180825
0.185675
0.188475
0.190400
0.192025
0.195250
0.196100
0.200975
0.205575
0.208225
0.213750
0.215950
0.225525
0.227175
0.231075
0.233025
0.233800
0.246100
0.246625
0.247825
0.248275
0.254850
0.255325
0.261225
0.270225
0.270700
0.274200
0.277275
0.279825
0.288025
0.290625
0.299150
0.304150
0.312200
0.314600
0.323575
0.325700
0.331575
0.333800
0.340700
0.344900
0.353575
0.361950
0.373150
0.378600
0.388025
0.388675
0.392450
0.392550
0.395975
0.400125
0.401500
0.402075
0.403850
0.405600
0.406550
0.410400
0.412800
0.417900
0.419175
0.434275
0.437175
0.439350
0.446800
0.449175
0.450200
0.451575
0.456925
0.460425
0.464700
0.467225
0.479375
0.489400
0.490625
0.495050
0.496250
0.499975
0.500125
0.503950
0.517450
0.522375
0.524375
0.525850
0.532525
0.547025
0.548600
0.556850
0.559825
0.560350
0.565625
0.567350
0.568025
0.573700
0.576075
0.580000
0.580225
0.587000
0.587775
0.589925
0.599450
0.600950
0.602050
0.604075
0.611050
0.612725
0.682975
0.683225
0.686150
0.690200
0.691250
0.691975
0.697100
0.698525
0.703300
0.707225
0.710550
0.711675
0.712400
0.727475
0.735200
0.743700
0.749525
0.755000
0.763000
0.765950
0.788750
0.801100
0.802700
0.802825
0.814950
0.838550
0.840775
0.843625
0.854675
0.860950
0.864400
0.871975
0.887100
0.894375
0.896950
0.897350
0.919475
0.926925
0.927675
0.956025
0.960950
0.961150
0.980725
0.982475
0.988425
1.014875
1.029100
1.032875
1.033175
1.050700
1.054400
1.066000
1.080475
1.082775
1.083850
1.087250
1.089550
1.117425
1.125375
1.128325
1.141325
1.174150
1.181700
1.182175
1.185075
1.190900
1.194600
1.199050
1.209000
1.223950
1.243800
1.317575
1.337200
1.375925
1.421775
1.447200
1.462675
1.493850
1.498875
1.509600
1.550000
1.570175
1.583175
1.586225
1.638800
1.639250
1.710225
2.072375
2.095175
235
