0.018450
0.025575
0.026175
0.030400
0.036750
0.038025
0.040425
0.047725
0.050825
0.054675
0.055675
0.059350
0.061375
0.061425
0.070600
0.071025
0.075000
0.077200
0.080975
0.085725
0.089950
0.098550
0.099700
0.101975
0.104350
0.105675
0.107750
0.112450
0.124775
0.130675
0.131400
0.134025
0.137275
0.141950
0.149600
0.150225
0.154100
0.155725
0.157450
0.173650
0.174200
0.175150
0.177775
0.185575
0.193900
0.198975
0.205775
0.206825
0.215200
0.216575
0.230050
0.231475
0.234025
0.235075
0.240125
0.246725
0.247050
0.249100
0.250600
0.253275
0.253275
0.265100
0.265475
0.269725
0.271775
0.274150
0.282375
0.289750
0.290475
0.295175
0.295500
0.297100
0.297700
0.304825
0.318675
0.321650
0.327850
0.334975
0.337800
0.343525
0.344975
0.350200
0.350500
0.363375
0.363825
0.365125
0.366075
0.370575
0.373800
0.378900
0.379225
0.382050
0.384975
0.387975
0.389350
0.392300
0.395550
0.398325
0.404525
0.408325
0.410675
0.411125
0.411250
0.412725
0.415825
0.431000
0.433425
0.435125
0.440300
0.440450
0.443700
0.454450
0.454550
0.458775
0.460375
0.466000
0.474550
0.476425
0.479425
0.482400
0.482900
0.483450
0.483700
0.484475
0.487275
0.493000
0.493400
0.497100
0.497500
0.500575
0.504400
0.505050
0.508775
0.513950
0.518950
0.521100
0.526525
0.531125
0.536975
0.540650
0.548100
0.549675
0.549750
0.558175
0.558400
0.558875
0.565325
0.573350
0.579475
0.582050
0.587325
0.589725
0.605000
0.622175
0.628250
0.635325
0.635850
0.637725
0.644975
0.646475
0.649550
0.652550
0.652950
0.656075
0.661775
0.664125
0.676475
0.678225
0.679500
0.679750
0.681775
0.682125
0.686900
0.690850
0.692425
0.692750
0.697400
0.702975
0.709625
0.711225
0.715125
0.718900
0.720375
0.721900
0.725175
0.727025
0.745800
0.749625
0.752725
0.752850
0.758500
0.759425
0.761875
0.769875
0.772500
0.772975
0.774500
0.786600
0.786600
0.787450
0.796400
0.802475
0.802925
0.805450
0.806825
0.821825
0.833275
0.833350
0.835775
0.846425
0.858200
0.858725
0.862150
0.879200
0.879700
0.885375
0.907325
0.912725
0.916025
0.927925
0.942450
0.947425
0.962800
0.969900
0.970675
0.986525
0.986675
0.990900
1.007625
1.014050
1.050700
1.077150
1.089500
1.095650
1.097550
1.098700
1.113250
1.118200
1.121625
1.158875
1.172700
1.176375
1.187225
1.193325
1.211175
1.211725
1.225300
1.283700
1.328650
1.362525
1.423700
1.475450
1.510050
1.531325
1.573850
1.624475
1.626500
1.677225
1.701825
1.716000
1.762875
1.819375
1.867075
1.870750
1.879800
1.887100
1.892375
2.070225
2.116400
2.165775
270
