0.003200
0.005050
0.015225
0.017300
0.019125
0.025125
0.026850
0.029825
0.036000
0.036200
0.045550
0.047275
0.048450
0.049325
0.058175
0.059850
0.060150
0.064850
0.070100
0.071850
0.072800
0.075375
0.075500
0.075575
0.085525
0.088975
0.096225
0.099650
0.102350
0.104625
0.109575
0.112525
0.120125
0.122075
0.124850
0.124950
0.126450
0.127125
0.128750
0.134125
0.136150
0.139250
0.139775
0.146525
0.147200
0.148900
0.149300
0.150400
0.153275
0.154050
0.154550
0.154650
0.168875
0.169350
0.174675
0.179475
0.191975
0.195250
0.200025
0.203400
0.204000
0.208775
0.220400
0.223725
0.224225
0.228425
0.229300
0.235675
0.236950
0.239275
0.243025
0.253100
0.261400
0.262200
0.263200
0.265200
0.267800
0.272950
0.280925
0.281200
0.281775
0.296025
0.298925
0.311100
0.316675
0.319300
0.320175
0.326150
0.329125
0.333400
0.334150
0.334700
0.338025
0.343550
0.347275
0.349475
0.350300
0.359250
0.361450
0.363700
0.368375
0.368525
0.375025
0.385250
0.400525
0.405875
0.408925
0.409200
0.412250
0.417600
0.418525
0.423750
0.427575
0.434900
0.439925
0.453400
0.453975
0.457725
0.463000
0.465150
0.468575
0.479475
0.485575
0.488825
0.490075
0.491150
0.494600
0.494675
0.502125
0.505250
0.506900
0.519625
0.523975
0.525525
0.529325
0.538250
0.542625
0.551825
0.555625
0.559375
0.560575
0.577275
0.579625
0.581675
0.584025
0.589325
0.594650
0.599525
0.600925
0.605475
0.606000
0.606300
0.610325
0.614825
0.619800
0.620550
0.622075
0.626475
0.637650
0.640825
0.642325
0.642975
0.647575
0.648975
0.649925
0.652275
0.654775
0.655900
0.657300
0.667000
0.674775
0.675100
0.675925
0.678725
0.682300
0.686700
0.690975
0.692950
0.698300
0.699075
0.700925
0.701350
0.701800
0.706875
0.711075
0.720700
0.727325
0.727650
0.730000
0.739175
0.742750
0.747225
0.751875
0.754325
0.756500
0.760175
0.764975
0.771775
0.777325
0.787375
0.792025
0.793750
0.794975
0.799075
0.800200
0.801725
0.806725
0.811500
0.812175
0.816575
0.816875
0.818475
0.827750
0.834525
0.837300
0.838025
0.839775
0.840200
0.841325
0.845475
0.850875
0.859550
0.860900
0.863225
0.865950
0.866975
0.868225
0.871850
0.873325
0.877150
0.881500
0.909175
0.921775
0.925000
0.948000
0.959950
0.960675
0.961600
0.962675
0.963350
0.978850
0.980950
0.991525
0.994825
0.997525
1.020075
1.034250
1.050175
1.062525
1.062650
1.101000
1.121100
1.157250
1.164750
1.165400
1.173000
1.179625
1.190600
1.195375
1.200375
1.228650
1.234375
1.252100
1.285575
1.309700
1.346225
1.360225
1.470325
1.502575
1.509325
1.512575
1.514200
1.525900
1.551775
1.625250
1.830525
1.875900
2.050125
2.104400
2.153725
2.318050
281
