0.000275
0.008875
0.010200
0.023300
0.023450
0.024200
0.034100
0.034250
0.034725
0.039400
0.039525
0.046375
0.046500
0.049400
0.071675
0.075525
0.076500
0.076675
0.105375
0.107200
0.109075
0.122350
0.122550
0.122825
0.125750
0.133975
0.135775
0.145750
0.146800
0.150425
0.151525
0.158925
0.166850
0.174375
0.176275
0.176750
0.177850
0.181925
0.182350
0.183975
0.210900
0.214650
0.228675
0.229575
0.233600
0.240275
0.244675
0.245075
0.251350
0.261300
0.271900
0.294450
0.303450
0.305675
0.312575
0.314275
0.319750
0.322025
0.322700
0.327950
0.331775
0.332550
0.333325
0.335275
0.350400
0.350700
0.355300
0.359075
0.359875
0.360450
0.363675
0.366675
0.370200
0.370475
0.371400
0.376825
0.379625
0.382300
0.383600
0.383750
0.385825
0.400325
0.414125
0.416450
0.421200
0.421925
0.431100
0.432900
0.434225
0.437325
0.440475
0.440750
0.448025
0.453975
0.460600
0.463100
0.464225
0.469050
0.472525
0.488575
0.494100
0.494900
0.497500
0.502275
0.504175
0.507275
0.508550
0.516125
0.520200
0.520975
0.523175
0.525525
0.526325
0.529100
0.550625
0.553325
0.557550
0.557925
0.563400
0.567400
0.569750
0.573875
0.575525
0.579475
0.592925
0.593025
0.593450
0.596575
0.597000
0.599025
0.602000
0.605550
0.606300
0.607525
0.611250
0.618550
0.627750
0.629575
0.630875
0.638650
0.643100
0.643975
0.649325
0.654425
0.657325
0.658650
0.666650
0.669925
0.680250
0.684325
0.685700
0.691625
0.696375
0.698375
0.701000
0.701200
0.706125
0.710425
0.713700
0.715300
0.718075
0.724225
0.736275
0.736400
0.736850
0.747425
0.747950
0.751000
0.762650
0.764925
0.770675
0.775525
0.780125
0.789875
0.812825
0.815350
0.816775
0.821975
0.823125
0.825875
0.826875
0.828875
0.841250
0.842800
0.843425
0.844525
0.852600
0.855775
0.859525
0.860200
0.864650
0.876275
0.878525
0.882200
0.893300
0.894550
0.895225
0.896650
0.907650
0.911150
0.912650
0.916175
0.920100
0.922275
0.930400
0.935825
0.938450
0.956175
0.966225
0.972400
0.978725
0.995800
0.997325
0.997975
0.999200
1.004575
1.005900
1.030025
1.032950
1.036450
1.046250
1.069275
1.094400
1.095025
1.106975
1.131750
1.145200
1.163900
1.165200
1.166375
1.167825
1.174150
1.196625
1.201300
1.217125
1.237775
1.243250
1.253900
1.255700
1.310525
1.326675
1.333825
1.334850
1.340500
1.350825
1.409500
1.413300
1.427075
1.472425
1.553475
1.573125
1.680775
1.752325
1.840150
1.953275
2.162075
2.258825
257
