0.001525
0.007850
0.008775
0.014350
0.014375
0.016025
0.025325
0.035975
0.042675
0.048875
0.053075
0.055425
0.056475
0.064175
0.065350
0.066450
0.069425
0.072925
0.074850
0.081725
0.092675
0.099550
0.102350
0.104875
0.111300
0.117450
0.126125
0.140425
0.143250
0.143425
0.143550
0.179000
0.179875
0.183550
0.195450
0.197175
0.208675
0.210850
0.211300
0.219600
0.222500
0.227425
0.228900
0.230050
0.236175
0.250600
0.258600
0.283475
0.287400
0.289675
0.292400
0.295750
0.297825
0.302900
0.305300
0.307175
0.311300
0.313575
0.316300
0.326300
0.326350
0.328350
0.328900
0.335450
0.337100
0.338075
0.338475
0.347100
0.355275
0.360850
0.362775
0.362975
0.366775
0.366875
0.368725
0.377500
0.381800
0.382300
0.387375
0.394500
0.398600
0.403700
0.405250
0.406475
0.408500
0.409650
0.410425
0.413075
0.415450
0.421675
0.423850
0.434025
0.436875
0.440525
0.443575
0.447925
0.449725
0.451825
0.453825
0.455300
0.459550
0.464175
0.466475
0.467275
0.470325
0.471150
0.471800
0.480975
0.484200
0.503725
0.508750
0.516525
0.517350
0.524875
0.527250
0.537925
0.538700
0.549225
0.566775
0.574875
0.578850
0.588675
0.592450
0.595375
0.604900
0.611475
0.613650
0.622400
0.622500
0.624675
0.626425
0.626725
0.626900
0.628850
0.629025
0.629425
0.636350
0.638825
0.643325
0.648925
0.650525
0.651200
0.654450
0.655500
0.658700
0.664450
0.668550
0.676325
0.681575
0.692650
0.695025
0.699550
0.701025
0.706950
0.715325
0.717200
0.722425
0.729475
0.731500
0.731550
0.753725
0.766625
0.771275
0.772900
0.775175
0.777050
0.797500
0.797650
0.801575
0.806450
0.813225
0.816300
0.828100
0.839325
0.846350
0.846775
0.858700
0.861975
0.864825
0.869350
0.881100
0.887525
0.890025
0.890875
0.899625
0.900250
0.909425
0.921025
0.923350
0.923550
0.929525
0.935600
0.937375
0.941975
0.964150
1.001875
1.012625
1.015625
1.033875
1.042700
1.048475
1.059700
1.071075
1.080925
1.089675
1.091725
1.100775
1.105800
1.112200
1.134900
1.146950
1.147100
1.155425
1.158475
1.173850
1.178350
1.192025
1.201325
1.209950
1.223175
1.232000
1.261375
1.295375
1.297450
1.297850
1.324850
1.378350
1.384500
1.412700
1.487050
1.538550
1.549900
1.630925
1.645325
1.668500
1.729100
1.931825
1.993225
2.051900
2.080175
2.208725
2.450125
242
