0.000125
0.001575
0.007525
0.012450
0.014950
0.022925
0.023600
0.026175
0.028975
0.032325
0.045050
0.050975
0.052575
0.056600
0.065550
0.075125
0.076800
0.077800
0.083175
0.087625
0.092750
0.093650
0.110100
0.114025
0.115850
0.115875
0.120675
0.121500
0.122825
0.134275
0.146625
0.153475
0.155675
0.159800
0.167575
0.168025
0.171700
0.178400
0.181450
0.183225
0.188425
0.193525
0.196400
0.197350
0.214125
0.221875
0.229550
0.235475
0.237925
0.242025
0.242400
0.245075
0.245400
0.247825
0.248525
0.254800
0.257150
0.257175
0.258400
0.276300
0.277125
0.299200
0.299675
0.302150
0.304750
0.306425
0.307675
0.322700
0.328125
0.333375
0.336975
0.343925
0.347450
0.350700
0.352375
0.356775
0.362300
0.364675
0.376125
0.385125
0.399850
0.411425
0.415975
0.423550
0.423675
0.427425
0.428550
0.432975
0.442100
0.451775
0.459300
0.461025
0.470375
0.470950
0.471375
0.473200
0.491400
0.497625
0.513000
0.516625
0.520775
0.525100
0.529550
0.532025
0.532525
0.536650
0.536675
0.537525
0.552700
0.554675
0.556475
0.556550
0.558650
0.558775
0.564075
0.569400
0.569475
0.571125
0.572175
0.573100
0.581150
0.582300
0.585325
0.585675
0.590700
0.591325
0.592150
0.595875
0.597700
0.601125
0.606225
0.614750
0.617825
0.620925
0.624375
0.628850
0.635225
0.640625
0.642100
0.642275
0.648275
0.657925
0.662075
0.666375
0.666625
0.675850
0.686425
0.689625
0.693075
0.695225
0.699050
0.706400
0.706950
0.707850
0.712375
0.716250
0.718150
0.724925
0.726100
0.734600
0.743650
0.745975
0.747775
0.758800
0.760675
0.761700
0.766375
0.767875
0.771375
0.771575
0.783975
0.790075
0.795575
0.809475
0.810400
0.814850
0.825000
0.825825
0.830875
0.832950
0.833125
0.834050
0.841200
0.841575
0.875125
0.882225
0.888525
0.888950
0.889625
0.903775
0.906150
0.910400
0.912000
0.929675
0.935000
0.936050
0.938200
0.939675
0.940975
0.942325
0.952625
0.955900
0.960075
0.968275
0.969250
0.975800
0.979200
0.986325
0.986600
0.996175
0.997050
1.021050
1.025975
1.039175
1.041125
1.061425
1.074750
1.124875
1.134525
1.140875
1.153875
1.154150
1.168050
1.168125
1.189775
1.210425
1.248700
1.253025
1.262700
1.282025
1.304200
1.305000
1.309150
1.314725
1.336200
1.343675
1.348600
1.382025
1.417250
1.441425
1.502550
1.562000
1.566650
1.572900
1.684900
1.887800
2.045725
2.090325
2.318150
249
