0.003650
0.003925
0.005275
0.005725
0.008550
0.020950
0.034550
0.038125
0.041425
0.043225
0.044675
0.049025
0.053275
0.053900
0.058225
0.061850
0.067025
0.080450
0.081175
0.088150
0.095950
0.100175
0.115700
0.122600
0.127775
0.131675
0.131900
0.133000
0.141025
0.144500
0.145175
0.147475
0.150750
0.157250
0.157900
0.161425
0.162850
0.174850
0.174950
0.178200
0.180450
0.188050
0.197075
0.200500
0.205200
0.207000
0.210625
0.212075
0.214450
0.218300
0.223325
0.238825
0.242000
0.249250
0.263675
0.264775
0.265000
0.265100
0.267725
0.287175
0.288800
0.293500
0.297200
0.304875
0.305425
0.309825
0.311250
0.311725
0.313000
0.319575
0.325150
0.330750
0.332200
0.342775
0.346725
0.356975
0.360225
0.362700
0.368950
0.372200
0.373625
0.380775
0.387925
0.389225
0.392825
0.394375
0.400800
0.402350
0.402800
0.410650
0.420325
0.422450
0.422575
0.434700
0.449075
0.453150
0.463775
0.464675
0.472325
0.478200
0.488900
0.491725
0.495000
0.508300
0.511225
0.511600
0.512325
0.513700
0.517450
0.521700
0.531900
0.541125
0.543600
0.546600
0.553950
0.555100
0.578425
0.579625
0.581825
0.589150
0.590075
0.599325
0.599950
0.601400
0.602800
0.614400
0.614675
0.620975
0.645475
0.648900
0.652750
0.652925
0.654775
0.657350
0.657750
0.660200
0.662325
0.662450
0.669450
0.674450
0.674650
0.675425
0.677125
0.697475
0.704525
0.708850
0.709575
0.714050
0.714925
0.724700
0.731475
0.737025
0.739200
0.750400
0.757575
0.760075
0.760525
0.765250
0.766825
0.770075
0.772725
0.773975
0.775750
0.778675
0.786650
0.786975
0.794975
0.800125
0.820975
0.822250
0.823875
0.831350
0.842500
0.844850
0.857075
0.858425
0.859675
0.878250
0.879025
0.892625
0.893075
0.897200
0.898000
0.925125
0.928800
0.943425
0.948775
0.953925
0.954925
0.963875
0.967250
0.977850
0.977975
0.978300
0.985050
0.991500
0.994150
0.997725
1.009650
1.010225
1.044775
1.056500
1.075975
1.086375
1.086700
1.088750
1.092350
1.138300
1.139825
1.147550
1.162825
1.167325
1.177725
1.221325
1.239000
1.290200
1.340275
1.351900
1.358525
1.364650
1.380525
1.402600
1.409625
1.411250
1.444625
1.474550
1.478075
1.500275
1.504000
1.515600
1.516700
1.528225
1.601450
1.606650
1.616075
1.626375
1.802150
1.930775
1.953325
2.115125
2.119875
241
