0.003450
0.014575
0.017650
0.019375
0.029525
0.048100
0.053425
0.054200
0.056375
0.059650
0.060575
0.073475
0.082800
0.084025
0.096575
0.096800
0.098350
0.098575
0.105325
0.115425
0.122150
0.132725
0.140675
0.141850
0.146275
0.170275
0.183425
0.184475
0.186700
0.191850
0.193225
0.199125
0.201675
0.203825
0.209275
0.219200
0.243500
0.251575
0.252350
0.252675
0.253125
0.256450
0.265275
0.272000
0.277050
0.278825
0.286350
0.295750
0.296400
0.300675
0.303375
0.309725
0.310150
0.315925
0.323075
0.323175
0.344300
0.348575
0.356250
0.368650
0.384050
0.385125
0.385400
0.386750
0.387250
0.398675
0.408925
0.409300
0.415850
0.416075
0.418875
0.420200
0.420775
0.422175
0.422925
0.450075
0.452650
0.452700
0.455500
0.461975
0.465875
0.468600
0.470050
0.476125
0.481750
0.485025
0.486500
0.488350
0.493125
0.497175
0.497200
0.501075
0.501300
0.503575
0.507650
0.517075
0.519575
0.519725
0.523450
0.530900
0.539025
0.541125
0.541325
0.542450
0.546800
0.548500
0.551775
0.554200
0.559350
0.567950
0.572275
0.582400
0.591225
0.595800
0.596650
0.598575
0.603300
0.605000
0.605325
0.606125
0.607300
0.611800
0.615250
0.616350
0.626275
0.639850
0.641550
0.641975
0.644250
0.657950
0.658750
0.660125
0.670775
0.670800
0.684725
0.701125
0.715700
0.715750
0.731275
0.732725
0.733250
0.739275
0.740850
0.749800
0.750500
0.752300
0.754425
0.756175
0.756450
0.763200
0.777175
0.788975
0.789100
0.793525
0.794675
0.796425
0.797675
0.798675
0.807975
0.820350
0.835900
0.836500
0.843075
0.877225
0.883000
0.883925
0.902950
0.905225
0.929550
0.929975
0.935225
0.942900
0.943475
0.947625
0.947675
0.949650
0.957650
0.994750
0.996550
1.007450
1.024350
1.040525
1.043625
1.049500
1.051150
1.066350
1.085650
1.094100
1.094275
1.094275
1.118675
1.142925
1.143350
1.163200
1.164025
1.166900
1.171550
1.196325
1.230325
1.233625
1.270275
1.311425
1.311525
1.317675
1.327875
1.331250
1.335700
1.375650
1.388625
1.389250
1.398975
1.402425
1.456150
1.494425
1.522150
1.522175
1.523500
1.564675
1.571500
1.630500
1.631175
1.701900
1.785925
1.977175
1.988425
2.066725
226
