0.002625
0.004450
0.008600
0.012625
0.013550
0.022200
0.030925
0.034175
0.035950
0.042675
0.045400
0.060275
0.068550
0.078625
0.081500
0.083150
0.083500
0.084250
0.085400
0.086625
0.087050
0.087300
0.088200
0.093250
0.097275
0.100150
0.103850
0.106175
0.114400
0.120225
0.124125
0.135050
0.135800
0.139650
0.148575
0.156725
0.157600
0.165500
0.174800
0.178550
0.187400
0.188750
0.191500
0.195800
0.197325
0.198525
0.202950
0.203775
0.204750
0.208150
0.211200
0.213125
0.214275
0.217725
0.222125
0.237725
0.241250
0.256425
0.270200
0.286525
0.291575
0.297625
0.299700
0.300050
0.307450
0.309025
0.310700
0.311475
0.312600
0.314375
0.321350
0.326400
0.332425
0.337825
0.344400
0.347475
0.355975
0.356775
0.360550
0.364700
0.364700
0.368025
0.374425
0.375225
0.383950
0.390950
0.391175
0.393075
0.396625
0.408850
0.411450
0.415025
0.420800
0.431550
0.432575
0.433000
0.433875
0.436700
0.448225
0.448625
0.451150
0.451425
0.467150
0.468300
0.485525
0.489150
0.495225
0.496025
0.498725
0.503475
0.516275
0.518075
0.519225
0.525600
0.525775
0.527725
0.528225
0.528625
0.530475
0.534175
0.535725
0.537175
0.538850
0.540400
0.544225
0.545650
0.565275
0.568400
0.583325
0.584500
0.593150
0.595775
0.598900
0.600650
0.614850
0.620775
0.623150
0.628275
0.635875
0.640525
0.641000
0.646375
0.651725
0.659825
0.661500
0.674650
0.674750
0.675775
0.678650
0.688800
0.689625
0.693200
0.699075
0.699175
0.705000
0.707175
0.714450
0.714825
0.714950
0.716825
0.719450
0.721925
0.722450
0.724125
0.730250
0.736175
0.737025
0.739525
0.746175
0.747075
0.747525
0.753825
0.761275
0.761300
0.774350
0.776750
0.780675
0.783525
0.790775
0.792275
0.793450
0.798600
0.799875
0.802550
0.809350
0.813100
0.813350
0.817200
0.819775
0.823575
0.827125
0.831725
0.835475
0.836950
0.840700
0.844875
0.845125
0.861650
0.869225
0.871125
0.871225
0.873900
0.877925
0.879275
0.883275
0.888525
0.891350
0.892600
0.892675
0.901625
0.918575
0.922150
0.936900
0.943600
0.952675
0.959875
0.970050
0.973400
0.974100
0.992300
0.996150
0.997575
1.012850
1.039800
1.073550
1.079025
1.080175
1.087900
1.088125
1.096125
1.097600
1.154000
1.169600
1.177475
1.178950
1.191525
1.200275
1.211825
1.221875
1.231875
1.233800
1.282850
1.286600
1.302650
1.304875
1.346750
1.352975
1.374300
1.390075
1.400125
1.415925
1.434725
1.440025
1.452200
1.497125
1.500075
1.510050
1.511425
1.540025
1.578950
1.592575
1.617650
1.630175
1.657650
1.667525
1.708350
1.719950
1.761250
1.789025
1.805925
1.854125
1.965975
2.343075
2.361550
274
