0.011875
0.015125
0.016800
0.019050
0.022925
0.025100
0.025175
0.041675
0.042925
0.050250
0.050825
0.051325
0.054750
0.057450
0.057675
0.063025
0.063350
0.065725
0.069375
0.075200
0.079650
0.081175
0.084875
0.091425
0.099550
0.102100
0.105275
0.107625
0.110275
0.117500
0.122150
0.122150
0.122825
0.126375
0.128100
0.140050
0.144625
0.145600
0.146775
0.151225
0.153275
0.165200
0.165575
0.166400
0.167325
0.171025
0.186775
0.193550
0.207675
0.207850
0.208200
0.211400
0.213200
0.220425
0.220625
0.223825
0.225775
0.238975
0.240525
0.240875
0.241275
0.246700
0.252675
0.255250
0.257425
0.263600
0.270450
0.271225
0.271400
0.280725
0.280925
0.283925
0.288450
0.297050
0.298675
0.307125
0.315475
0.333000
0.339100
0.341150
0.343750
0.347025
0.353725
0.357950
0.358125
0.358975
0.360100
0.361575
0.366950
0.381575
0.382500
0.384925
0.393925
0.394075
0.394275
0.395925
0.398225
0.400075
0.402025
0.421025
0.421225
0.421775
0.425825
0.434950
0.442800
0.444825
0.447550
0.448650
0.450650
0.453125
0.453650
0.454750
0.457850
0.459400
0.461300
0.467650
0.473925
0.476350
0.494425
0.496300
0.498075
0.501775
0.504875
0.505975
0.509500
0.510300
0.511400
0.512425
0.512775
0.515875
0.516400
0.518225
0.520300
0.521325
0.526175
0.527500
0.531575
0.534650
0.544200
0.546450
0.571075
0.575050
0.576575
0.581425
0.583200
0.585975
0.586100
0.587175
0.592475
0.594225
0.597175
0.599975
0.603750
0.619600
0.631325
0.635725
0.638200
0.640450
0.645475
0.648425
0.649225
0.651925
0.659450
0.662225
0.665775
0.676450
0.683325
0.689375
0.691825
0.696225
0.697800
0.702175
0.705150
0.705625
0.706300
0.710225
0.714275
0.715475
0.726150
0.728175
0.746250
0.746425
0.751725
0.760950
0.762000
0.763025
0.773675
0.774675
0.775825
0.775975
0.782100
0.791475
0.798475
0.801825
0.802450
0.806675
0.807250
0.821075
0.822300
0.866100
0.869400
0.875825
0.885450
0.888375
0.891075
0.892275
0.895500
0.910725
0.911900
0.915425
0.917100
0.920700
0.925575
0.928900
0.932800
0.936000
0.938250
0.940375
0.942850
0.947050
0.954550
0.956750
0.973100
0.984025
0.993700
0.996600
1.004900
1.019175
1.026825
1.034850
1.043100
1.045575
1.050475
1.056550
1.090225
1.109300
1.114575
1.120925
1.127900
1.149650
1.181375
1.181375
1.201900
1.209025
1.222150
1.230100
1.230925
1.243850
1.250200
1.272250
1.300325
1.305525
1.324175
1.329025
1.343200
1.347400
1.350250
1.375325
1.376975
1.390275
1.394925
1.420575
1.422400
1.449825
1.457125
1.466300
1.488075
1.529675
1.559275
1.615050
1.647175
1.654375
1.678175
1.707050
1.790300
1.814575
1.953925
2.165025
2.205850
2.207100
2.497325
281
