0.007225
0.009350
0.010250
0.014350
0.017275
0.018475
0.018750
0.026425
0.027975
0.028200
0.031825
0.040225
0.041300
0.050450
0.051225
0.055950
0.057400
0.058850
0.064425
0.079625
0.080175
0.081650
0.082225
0.082675
0.086500
0.089300
0.090025
0.102200
0.104600
0.108800
0.118775
0.122550
0.125900
0.127050
0.136900
0.137250
0.139875
0.142625
0.150800
0.154350
0.154500
0.156375
0.161425
0.164975
0.167175
0.169450
0.172675
0.174125
0.182200
0.185400
0.185450
0.196025
0.200225
0.209700
0.228525
0.229850
0.232550
0.234750
0.241925
0.243950
0.245450
0.252100
0.252750
0.258700
0.263875
0.276925
0.280975
0.282850
0.286000
0.286325
0.289275
0.295500
0.296250
0.296250
0.299525
0.308225
0.319725
0.329625
0.333875
0.334700
0.340800
0.345750
0.346375
0.346575
0.350625
0.357325
0.364300
0.365200
0.378675
0.378925
0.379075
0.383250
0.388100
0.391075
0.391975
0.398300
0.402025
0.404075
0.404850
0.407225
0.415150
0.418775
0.418875
0.420675
0.427375
0.427625
0.434500
0.446600
0.449400
0.453800
0.454675
0.457575
0.459500
0.463375
0.467200
0.491225
0.492975
0.506675
0.506750
0.509350
0.532375
0.539250
0.539550
0.542525
0.545400
0.555275
0.564100
0.569900
0.572950
0.575025
0.580950
0.581675
0.587075
0.590100
0.598875
0.602175
0.607175
0.607225
0.617725
0.619725
0.631450
0.638100
0.642525
0.648075
0.651000
0.652625
0.653400
0.654700
0.657350
0.659900
0.667325
0.671125
0.677125
0.677725
0.678675
0.681025
0.687000
0.687075
0.697975
0.698275
0.698775
0.699050
0.700900
0.702075
0.710475
0.711325
0.715825
0.716350
0.719075
0.725475
0.727575
0.733325
0.742900
0.746775
0.747000
0.753050
0.756550
0.764800
0.774500
0.786500
0.795700
0.798550
0.818150
0.825175
0.827875
0.829550
0.835425
0.835500
0.838150
0.854800
0.856425
0.873450
0.882950
0.889500
0.894325
0.894875
0.897025
0.900250
0.905900
0.910600
0.919575
0.926675
0.935575
0.935750
0.938050
0.952775
0.977050
0.978275
0.979250
0.979300
0.980600
1.000300
1.006475
1.007775
1.011350
1.017500
1.018300
1.021700
1.025575
1.025650
1.032450
1.034750
1.060750
1.086350
1.094975
1.108225
1.113700
1.120350
1.139225
1.159450
1.203650
1.212525
1.255900
1.293800
1.295600
1.297175
1.351575
1.390475
1.392450
1.463600
1.470325
1.513325
1.522575
1.540425
1.550050
1.582950
1.630800
1.631775
1.704375
1.771475
1.871475
1.917250
1.971250
2.043250
2.196750
2.275150
2.364500
2.382150
2.406125
259
