0.003575
0.003650
0.014450
0.021400
0.022600
0.032075
0.034800
0.042950
0.042975
0.048000
0.060725
0.061275
0.066225
0.069775
0.073525
0.074325
0.074875
0.085125
0.087650
0.091575
0.092125
0.097275
0.099275
0.103000
0.110350
0.111825
0.114975
0.116000
0.118875
0.121950
0.127350
0.127550
0.127900
0.134050
0.138850
0.141725
0.145600
0.147525
0.147550
0.147900
0.150350
0.153250
0.155250
0.155550
0.155600
0.158900
0.159100
0.161550
0.175075
0.178375
0.181675
0.187175
0.192700
0.195900
0.196100
0.200925
0.203550
0.205250
0.212425
0.214900
0.234575
0.240425
0.244750
0.248325
0.253150
0.260900
0.278350
0.279125
0.279525
0.285800
0.293325
0.302725
0.303525
0.325475
0.343325
0.346775
0.349525
0.367650
0.373425
0.376150
0.376725
0.380025
0.381825
0.388225
0.390025
0.393350
0.393675
0.394075
0.405300
0.409750
0.410800
0.411500
0.421200
0.422175
0.426325
0.432300
0.433425
0.438975
0.446350
0.447650
0.448050
0.458600
0.474475
0.479650
0.485475
0.487100
0.500850
0.502175
0.509975
0.519275
0.526725
0.529750
0.540850
0.548950
0.550675
0.552575
0.559300
0.569725
0.570200
0.570975
0.573075
0.580075
0.581225
0.583275
0.586150
0.587875
0.594425
0.594675
0.600000
0.602550
0.607725
0.609800
0.609925
0.619125
0.632775
0.637175
0.640050
0.645825
0.659475
0.661400
0.670125
0.680425
0.681100
0.682375
0.683825
0.686900
0.688375
0.690200
0.690600
0.693225
0.693850
0.696325
0.698925
0.702100
0.704550
0.719425
0.723425
0.725925
0.728900
0.729075
0.730775
0.731950
0.746550
0.748725
0.756550
0.758325
0.763050
0.779450
0.781350
0.785900
0.786050
0.786650
0.786750
0.790150
0.805100
0.829775
0.830625
0.847200
0.859475
0.864050
0.875975
0.881625
0.887375
0.887375
0.893075
0.895150
0.898000
0.898350
0.917125
0.922475
0.982850
0.984250
0.990300
1.000175
1.003075
1.003575
1.011800
1.031175
1.038300
1.039900
1.044300
1.077200
1.105075
1.114200
1.150200
1.158925
1.175750
1.179800
1.196725
1.197575
1.210675
1.227750
1.271650
1.326425
1.332775
1.358325
1.415575
1.448875
1.461050
1.553025
1.568325
1.571050
1.621275
1.635150
1.659125
1.751275
1.857600
1.881575
2.069200
2.071150
2.177425
2.199725
232
