0.004075
0.005650
0.008500
0.009000
0.011775
0.012825
0.013325
0.018975
0.019525
0.020775
0.021600
0.026475
0.029425
0.031225
0.037050
0.038675
0.039825
0.042250
0.043325
0.043825
0.045425
0.054525
0.067575
0.068750
0.079825
0.080825
0.092650
0.097625
0.098525
0.100300
0.100500
0.104000
0.105575
0.106900
0.111575
0.113550
0.118825
0.128800
0.131550
0.131775
0.133850
0.135250
0.137775
0.139275
0.146225
0.147150
0.148650
0.149825
0.161875
0.184275
0.185250
0.214900
0.217450
0.221050
0.221075
0.229850
0.230950
0.233650
0.240125
0.241200
0.249425
0.257000
0.269550
0.270600
0.283900
0.283975
0.287000
0.290725
0.301100
0.303550
0.309075
0.311725
0.319075
0.324825
0.326825
0.328450
0.332225
0.337525
0.339650
0.340625
0.340625
0.354650
0.358825
0.361375
0.366225
0.369550
0.374725
0.377375
0.379500
0.380350
0.394000
0.404050
0.410450
0.410825
0.420375
0.422200
0.425100
0.438750
0.439400
0.451275
0.452575
0.453800
0.464175
0.472800
0.473875
0.474125
0.475525
0.476200
0.489825
0.501825
0.503200
0.511325
0.512625
0.523950
0.543175
0.545725
0.559550
0.560650
0.566375
0.575750
0.587800
0.591575
0.597775
0.598600
0.605500
0.612925
0.614125
0.621925
0.631650
0.631675
0.635025
0.639800
0.643725
0.649175
0.652275
0.653025
0.656125
0.656525
0.667550
0.671150
0.672775
0.674275
0.675375
0.683550
0.685775
0.694050
0.701075
0.707975
0.721125
0.723700
0.750425
0.752000
0.755800
0.759325
0.760675
0.765725
0.767150
0.772100
0.776025
0.780775
0.781275
0.784150
0.793000
0.802325
0.803625
0.814875
0.817275
0.824375
0.826750
0.829425
0.830650
0.834125
0.847450
0.864275
0.866300
0.872725
0.885525
0.889175
0.892175
0.896075
0.900775
0.901525
0.918500
0.929000
0.937350
0.940425
0.942775
0.943725
0.944150
0.966000
0.968000
0.970550
0.977925
0.980675
0.983875
0.985925
1.016150
1.025975
1.031275
1.032150
1.032350
1.034225
1.036350
1.054350
1.057950
1.080250
1.090300
1.098350
1.113550
1.114550
1.128625
1.151175
1.153025
1.170050
1.206500
1.211425
1.233125
1.234150
1.240800
1.241650
1.241850
1.296625
1.314800
1.316825
1.329025
1.330875
1.340125
1.355200
1.370000
1.398175
1.414600
1.421850
1.434875
1.437725
1.473975
1.540025
1.599100
1.617550
1.631900
1.679800
1.692300
1.726925
1.790725
1.799425
1.863925
1.984025
2.112100
2.202950
2.220800
2.222075
2.352275
251
