0.003150
0.017525
0.019150
0.023825
0.024225
0.025550
0.028075
0.031125
0.034550
0.036675
0.039650
0.045350
0.054025
0.059900
0.062950
0.068175
0.072750
0.078050
0.079250
0.080375
0.086125
0.088650
0.102325
0.102350
0.105575
0.110225
0.111800
0.116325
0.121175
0.122075
0.124550
0.126550
0.133100
0.140550
0.148575
0.155750
0.165225
0.165775
0.166175
0.172875
0.173150
0.179200
0.183775
0.184375
0.185050
0.185650
0.186125
0.187800
0.189650
0.192025
0.194325
0.197250
0.200125
0.210625
0.211250
0.215525
0.221125
0.224275
0.226100
0.241975
0.254650
0.258125
0.261150
0.268500
0.271250
0.273350
0.274675
0.275250
0.275850
0.278925
0.280125
0.283600
0.284000
0.289550
0.295925
0.299300
0.309900
0.314050
0.320325
0.320425
0.320950
0.326500
0.332800
0.338925
0.345900
0.349400
0.350600
0.358050
0.361625
0.378125
0.378425
0.380125
0.382425
0.384350
0.389400
0.390675
0.395550
0.401350
0.411750
0.412425
0.415725
0.418275
0.418750
0.420575
0.422000
0.424950
0.426325
0.430000
0.433825
0.446925
0.458125
0.468750
0.473225
0.487550
0.488000
0.488600
0.489625
0.504250
0.505400
0.506500
0.513300
0.515725
0.535150
0.543700
0.544425
0.549850
0.549925
0.553900
0.554425
0.556950
0.557375
0.559000
0.564350
0.564675
0.567950
0.570675
0.570700
0.579125
0.583625
0.590025
0.597200
0.597825
0.609275
0.612300
0.613100
0.624775
0.635700
0.641250
0.643550
0.647625
0.648225
0.648700
0.655050
0.664875
0.665925
0.676700
0.676800
0.682750
0.682825
0.683450
0.686450
0.693450
0.698650
0.703825
0.705625
0.706225
0.708700
0.709075
0.711575
0.712425
0.715000
0.720375
0.730675
0.731950
0.738775
0.759575
0.771350
0.775475
0.780475
0.781600
0.787225
0.789025
0.791050
0.792450
0.803700
0.805750
0.806425
0.811550
0.813475
0.821400
0.821525
0.830150
0.832325
0.838850
0.846825
0.850300
0.851825
0.855000
0.855425
0.855425
0.860100
0.866250
0.867300
0.880975
0.891100
0.894725
0.897350
0.907850
0.924875
0.925200
0.926325
0.934425
0.956925
0.957575
1.010425
1.025100
1.034825
1.050475
1.063650
1.065450
1.068775
1.076975
1.077625
1.097675
1.106950
1.108850
1.110850
1.112525
1.127300
1.192375
1.192450
1.210825
1.236200
1.247800
1.270975
1.293150
1.335175
1.343100
1.375200
1.384825
1.439950
1.480025
1.496250
1.504000
1.527150
1.589650
1.642900
1.647800
1.669775
1.691150
1.721950
1.769800
1.975300
1.981775
2.017750
2.093625
2.097100
2.151425
2.199575
2.396650
2.490850
261
