0.001750
0.006275
0.011850
0.026400
0.038325
0.040800
0.043925
0.044475
0.050075
0.053775
0.058925
0.064525
0.071425
0.073625
0.074600
0.078050
0.080925
0.091100
0.094650
0.095825
0.100400
0.104350
0.104750
0.105475
0.111250
0.114550
0.118700
0.120025
0.121275
0.132850
0.137100
0.137950
0.155700
0.158575
0.166775
0.167550
0.170125
0.173500
0.181525
0.187725
0.188800
0.203075
0.203500
0.205375
0.208375
0.209525
0.229350
0.229750
0.232800
0.232850
0.238725
0.242075
0.244225
0.244900
0.248600
0.255725
0.257800
0.260050
0.261100
0.267775
0.272800
0.273025
0.286400
0.299800
0.303450
0.310475
0.312200
0.317800
0.322925
0.325650
0.326125
0.332050
0.335650
0.336400
0.345150
0.350150
0.351875
0.354725
0.367575
0.372675
0.373650
0.375650
0.378500
0.379325
0.389125
0.391900
0.393600
0.398100
0.398350
0.398850
0.401675
0.402050
0.403600
0.405750
0.408575
0.409900
0.412125
0.413000
0.417000
0.419500
0.419800
0.422700
0.429450
0.440100
0.440375
0.444075
0.446125
0.453950
0.463050
0.469250
0.471225
0.474250
0.474925
0.475775
0.478625
0.478625
0.492225
0.496525
0.501700
0.506500
0.508500
0.509625
0.510100
0.512375
0.513425
0.517150
0.520225
0.523550
0.533050
0.534575
0.537375
0.546775
0.550475
0.553850
0.565425
0.566800
0.571250
0.578800
0.582350
0.585500
0.586025
0.586825
0.589025
0.590925
0.591225
0.594050
0.600125
0.601900
0.604100
0.605025
0.612625
0.615525
0.623975
0.624825
0.635525
0.640075
0.644100
0.649675
0.652225
0.661300
0.661475
0.664025
0.664925
0.665175
0.674350
0.678475
0.691775
0.693000
0.712825
0.719775
0.720575
0.726825
0.733200
0.736650
0.737225
0.738650
0.745075
0.748975
0.753100
0.757275
0.758550
0.763050
0.764475
0.765375
0.768275
0.769100
0.770425
0.773125
0.774875
0.779250
0.781250
0.790050
0.792425
0.804925
0.807575
0.812200
0.819075
0.825050
0.827975
0.873775
0.885975
0.902200
0.903975
0.905750
0.920325
0.926250
0.935825
0.947200
0.948475
0.954600
0.962150
0.965700
0.977800
0.978550
0.984000
0.997125
0.998325
1.019400
1.044075
1.050950
1.083300
1.099875
1.125325
1.125725
1.144050
1.155750
1.157675
1.171425
1.175225
1.196300
1.196800
1.210050
1.279600
1.290825
1.308775
1.320025
1.330625
1.373975
1.408300
1.424900
1.490625
1.491000
1.542450
1.575375
1.583200
1.583600
1.604900
1.641850
1.679750
1.730825
1.736325
1.799350
1.926075
1.941875
1.948625
1.965950
2.357075
257
