0.008325
0.015975
0.017500
0.025425
0.043225
0.058500
0.063175
0.063600
0.065375
0.075350
0.080475
0.081125
0.084600
0.086775
0.090475
0.097450
0.104925
0.106200
0.112800
0.128325
0.139875
0.146100
0.146100
0.169175
0.169300
0.169850
0.172125
0.176450
0.180275
0.180800
0.185450
0.187475
0.192800
0.195425
0.205550
0.209425
0.209750
0.210750
0.218900
0.225125
0.226225
0.230850
0.231925
0.233250
0.233300
0.234100
0.242525
0.242975
0.252050
0.254325
0.262775
0.264750
0.265900
0.275050
0.275125
0.286275
0.287150
0.287925
0.290650
0.291875
0.296325
0.296725
0.299750
0.301350
0.303200
0.310875
0.314725
0.320225
0.324925
0.327600
0.340450
0.342075
0.343425
0.343550
0.345950
0.348150
0.352975
0.358700
0.377150
0.379250
0.384225
0.403400
0.406250
0.409400
0.409950
0.410125
0.414800
0.415700
0.415750
0.421000
0.423075
0.425500
0.431900
0.433300
0.438100
0.446000
0.446925
0.453125
0.455375
0.457350
0.458150
0.470175
0.474075
0.496775
0.501350
0.509000
0.522950
0.523025
0.541075
0.546150
0.551475
0.559575
0.566875
0.567425
0.570925
0.571075
0.579675
0.589775
0.595375
0.595925
0.597550
0.600950
0.603325
0.604950
0.605125
0.606925
0.607325
0.608025
0.628725
0.633950
0.637375
0.644650
0.653050
0.658225
0.667275
0.673425
0.676800
0.688825
0.689525
0.690100
0.692925
0.699250
0.707175
0.708800
0.722650
0.723300
0.726900
0.727275
0.735375
0.744150
0.745175
0.747500
0.747875
0.753200
0.761775
0.766525
0.773075
0.774225
0.783300
0.783700
0.792075
0.795250
0.800025
0.800850
0.803300
0.813825
0.817700
0.824075
0.824825
0.829400
0.835575
0.839525
0.860375
0.869000
0.874100
0.884575
0.887100
0.891250
0.892550
0.903450
0.905375
0.905775
0.911575
0.940325
0.941925
0.948650
0.963675
0.966875
0.970825
0.976000
0.996250
0.998250
1.014600
1.015900
1.020000
1.029350
1.037875
1.040400
1.082425
1.132000
1.134275
1.160375
1.183900
1.193525
1.196500
1.206125
1.228825
1.245625
1.251625
1.264250
1.276675
1.331650
1.343275
1.346175
1.348900
1.365000
1.365875
1.393625
1.397400
1.407250
1.431475
1.431550
1.432375
1.481900
1.487100
1.496150
1.497800
1.506100
1.521225
1.559675
1.583125
1.605725
1.607450
1.638325
1.759475
1.812900
1.851950
1.852600
1.880075
1.892750
1.926525
2.012600
2.018275
2.224000
2.224400
2.302950
246
