0.010925
0.011425
0.024475
0.024750
0.025300
0.025425
0.026175
0.030900
0.040150
0.041050
0.051500
0.057050
0.063100
0.065775
0.071050
0.071950
0.072375
0.073450
0.074875
0.078250
0.080225
0.084775
0.093575
0.096475
0.099500
0.100300
0.100975
0.107050
0.110225
0.119975
0.130250
0.131775
0.139700
0.144700
0.147300
0.155150
0.159550
0.164100
0.164475
0.168800
0.173850
0.179575
0.190475
0.192150
0.205175
0.207625
0.212375
0.213050
0.215975
0.219550
0.220750
0.226975
0.230300
0.233400
0.238575
0.240350
0.242600
0.249850
0.251750
0.266425
0.278475
0.280200
0.283625
0.285750
0.295500
0.300850
0.304750
0.312450
0.314075
0.324525
0.327300
0.327625
0.327800
0.327875
0.329175
0.347425
0.349250
0.353150
0.361325
0.369025
0.370225
0.370275
0.373325
0.383650
0.399375
0.403600
0.411775
0.414550
0.414725
0.416875
0.421925
0.428900
0.434275
0.438825
0.440675
0.448000
0.450550
0.452625
0.456750
0.463125
0.466000
0.468150
0.472725
0.481150
0.485125
0.488375
0.491575
0.497125
0.503825
0.507925
0.514400
0.530225
0.530525
0.539925
0.550700
0.562775
0.581750
0.585075
0.585550
0.590175
0.591175
0.596075
0.603525
0.603950
0.611850
0.613050
0.614750
0.620600
0.628125
0.631250
0.632900
0.636275
0.639300
0.642900
0.659875
0.661625
0.662525
0.665100
0.666050
0.667575
0.675325
0.675725
0.677800
0.683250
0.687000
0.693900
0.697500
0.698350
0.699250
0.702075
0.703900
0.705075
0.714600
0.717725
0.719025
0.719375
0.721275
0.733725
0.749700
0.752350
0.754800
0.759350
0.760725
0.761375
0.763850
0.774275
0.780475
0.781850
0.783650
0.786150
0.787025
0.787950
0.788200
0.790575
0.791375
0.793500
0.818775
0.834925
0.841275
0.842125
0.848200
0.849025
0.852050
0.870875
0.903275
0.918175
0.930975
0.943025
0.950575
0.950625
0.954650
0.962200
0.966600
0.988375
0.993100
1.001425
1.008100
1.013450
1.050400
1.070125
1.074625
1.083725
1.086550
1.094375
1.104550
1.108150
1.124625
1.125775
1.130675
1.138850
1.169850
1.175050
1.175675
1.180000
1.183275
1.202150
1.203450
1.221125
1.222600
1.223400
1.228700
1.313925
1.334050
1.352975
1.360125
1.383100
1.388525
1.410275
1.416400
1.421400
1.469925
1.531975
1.538450
1.566600
1.637450
1.705650
1.864475
2.035325
2.137500
239
