0.004950
0.012150
0.013625
0.013775
0.018425
0.019525
0.022900
0.024725
0.029725
0.035775
0.040975
0.044975
0.045025
0.046600
0.047300
0.051975
0.056275
0.063750
0.064225
0.064725
0.068800
0.073100
0.073950
0.082925
0.088325
0.093550
0.099550
0.104825
0.109025
0.111900
0.112750
0.113325
0.115800
0.124150
0.129700
0.131800
0.133625
0.135975
0.138600
0.146175
0.149875
0.151175
0.153275
0.158225
0.160125
0.161650
0.163550
0.164050
0.171650
0.172700
0.176125
0.180900
0.187475
0.190450
0.195300
0.203375
0.208075
0.210150
0.213800
0.218025
0.220850
0.225400
0.228975
0.235200
0.236350
0.239825
0.250600
0.251850
0.255875
0.260600
0.261100
0.273875
0.274525
0.275950
0.276650
0.277925
0.284675
0.294900
0.301725
0.317400
0.318325
0.331475
0.334625
0.336525
0.340175
0.341125
0.344400
0.351675
0.353125
0.353675
0.357100
0.363250
0.365400
0.368100
0.371300
0.379325
0.380200
0.384025
0.387300
0.400625
0.405725
0.416425
0.420550
0.426725
0.431050
0.440325
0.455975
0.460775
0.465775
0.466125
0.478475
0.480050
0.483475
0.490025
0.494675
0.494875
0.497150
0.497550
0.501900
0.516425
0.521450
0.522800
0.523000
0.524750
0.531950
0.533550
0.537075
0.537900
0.538550
0.555750
0.556825
0.557125
0.564325
0.566400
0.567550
0.568675
0.569450
0.570800
0.571300
0.580375
0.592625
0.595850
0.600025
0.606625
0.607325
0.612475
0.616025
0.624450
0.630650
0.639250
0.648500
0.649150
0.652650
0.663350
0.664575
0.666225
0.669150
0.671075
0.674200
0.679975
0.684500
0.687075
0.689475
0.693450
0.698975
0.699375
0.707250
0.707375
0.710350
0.712400
0.722675
0.724500
0.733350
0.736675
0.742775
0.746025
0.748150
0.748325
0.754550
0.763000
0.764975
0.765475
0.769275
0.775925
0.776225
0.789625
0.803925
0.810400
0.811825
0.817175
0.817800
0.822800
0.823800
0.845400
0.846475
0.850400
0.850475
0.853750
0.856925
0.864950
0.877525
0.877750
0.885150
0.893700
0.896400
0.902450
0.904825
0.909375
0.916850
0.919800
0.927525
0.929625
0.941925
0.950400
0.980575
0.987300
0.993125
1.015275
1.024475
1.030150
1.030425
1.032150
1.035150
1.041050
1.041650
1.046000
1.048975
1.057900
1.063250
1.065300
1.074075
1.075025
1.100500
1.110800
1.146700
1.172625
1.198400
1.199200
1.199525
1.213625
1.215125
1.215725
1.219475
1.224975
1.234225
1.261200
1.291700
1.315050
1.334150
1.336050
1.341925
1.344725
1.416325
1.423900
1.445525
1.462850
1.474100
1.511325
1.521000
1.605575
1.641025
1.655275
1.705975
1.716050
1.725225
1.835675
1.841875
1.900625
1.965725
2.046425
2.153425
2.273025
2.292100
2.485825
274
