0.022575
0.024225
0.031000
0.035500
0.036450
0.038250
0.049525
0.049750
0.057625
0.058200
0.063475
0.063600
0.066775
0.078675
0.079325
0.083800
0.087175
0.089775
0.089925
0.090275
0.097200
0.101375
0.106675
0.109900
0.115750
0.126300
0.135525
0.135750
0.142375
0.143700
0.145750
0.151400
0.155050
0.159925
0.159950
0.160650
0.160800
0.166475
0.169825
0.184075
0.185675
0.192950
0.205200
0.208900
0.215550
0.217700
0.218225
0.224025
0.229875
0.230925
0.233975
0.235700
0.237750
0.238225
0.248625
0.253575
0.264700
0.275675
0.280575
0.286425
0.288300
0.293225
0.293750
0.296875
0.312975
0.318275
0.318950
0.343750
0.358750
0.363750
0.365800
0.366400
0.368025
0.368800
0.379775
0.381775
0.386450
0.390300
0.390975
0.395550
0.395800
0.396625
0.402450
0.405050
0.405575
0.411625
0.415250
0.418550
0.422425
0.423500
0.432250
0.433100
0.434700
0.439825
0.440900
0.444200
0.445200
0.448575
0.448625
0.451225
0.453600
0.456500
0.460150
0.460925
0.468725
0.472625
0.482650
0.486725
0.502450
0.503825
0.508550
0.512525
0.512750
0.515300
0.515650
0.521750
0.522850
0.529600
0.533425
0.535450
0.543375
0.547175
0.551025
0.559425
0.564400
0.565975
0.575450
0.577975
0.578550
0.580050
0.581350
0.591500
0.600850
0.618350
0.618950
0.627000
0.630825
0.632025
0.633875
0.639575
0.641100
0.643975
0.645775
0.649700
0.650125
0.657175
0.660725
0.661150
0.663975
0.672000
0.673100
0.677100
0.685825
0.701375
0.705075
0.709350
0.713275
0.715550
0.721100
0.729125
0.731800
0.738300
0.740675
0.741550
0.765825
0.766750
0.770825
0.780675
0.782375
0.792725
0.796625
0.798100
0.810825
0.812150
0.824875
0.826500
0.831900
0.832400
0.842075
0.842250
0.844300
0.849450
0.869175
0.869575
0.895175
0.895850
0.901700
0.906225
0.906525
0.911350
0.918725
0.920925
0.926425
0.927425
0.928225
0.931550
0.936350
0.936575
0.937600
0.943600
0.946850
0.959500
0.964050
0.965950
0.976475
0.978675
0.979775
0.980900
0.987975
0.988250
0.997750
1.003075
1.018375
1.025700
1.047575
1.048700
1.066125
1.108125
1.133500
1.146100
1.149375
1.175525
1.178275
1.201150
1.201325
1.209275
1.233675
1.277200
1.309750
1.319625
1.346500
1.357425
1.367100
1.374100
1.384450
1.402875
1.406350
1.447850
1.447925
1.453650
1.566600
1.567125
1.571775
1.583425
1.607600
1.649600
1.747525
1.748250
1.770375
1.948275
2.176900
2.259525
2.306500
2.308925
2.407400
2.478725
256
