0.006900
0.007225
0.012275
0.018075
0.018850
0.021200
0.021850
0.031875
0.032050
0.035375
0.040400
0.048500
0.050450
0.058600
0.061225
0.063525
0.064300
0.066300
0.068375
0.068600
0.077000
0.087675
0.088025
0.097050
0.097075
0.103525
0.107925
0.111775
0.114075
0.114250
0.114350
0.115225
0.116425
0.116750
0.119175
0.131950
0.142625
0.144800
0.154750
0.157475
0.162025
0.162900
0.164900
0.169500
0.176150
0.177525
0.180025
0.180350
0.191925
0.193850
0.195175
0.206300
0.212650
0.213600
0.216650
0.228625
0.238125
0.240575
0.242100
0.243825
0.244250
0.246075
0.250650
0.255875
0.255950
0.257700
0.258375
0.264425
0.265200
0.267000
0.276450
0.289350
0.295300
0.301800
0.303750
0.308800
0.310125
0.311100
0.312525
0.314525
0.321275
0.331400
0.343250
0.344525
0.349475
0.351725
0.363675
0.372050
0.374250
0.383875
0.386450
0.391025
0.392425
0.394375
0.394475
0.401525
0.409175
0.420750
0.425650
0.426325
0.426650
0.427375
0.430200
0.435175
0.439375
0.447625
0.452425
0.452800
0.459400
0.461475
0.464225
0.474300
0.476100
0.476125
0.482625
0.483625
0.486500
0.493675
0.516150
0.533550
0.534650
0.534725
0.538000
0.544300
0.551250
0.558575
0.562625
0.563125
0.566550
0.578950
0.584675
0.589950
0.594500
0.615825
0.616025
0.616200
0.625625
0.629775
0.634400
0.637875
0.639100
0.640275
0.645225
0.646500
0.647475
0.654525
0.662525
0.664225
0.664725
0.665100
0.665275
0.668350
0.672850
0.673025
0.675400
0.675625
0.687475
0.688975
0.689400
0.700500
0.701050
0.711300
0.721525
0.722725
0.724225
0.733525
0.733550
0.734425
0.736900
0.742350
0.744975
0.753325
0.767525
0.778075
0.794325
0.795300
0.806300
0.815950
0.818750
0.819475
0.821850
0.821875
0.825500
0.831725
0.837675
0.838625
0.846450
0.848375
0.849975
0.854025
0.855400
0.857300
0.859825
0.860500
0.864500
0.873800
0.876150
0.876525
0.893025
0.894300
0.895225
0.899575
0.901825
0.905825
0.911775
0.915375
0.916175
0.920925
0.931775
0.973675
0.976700
0.977075
0.977275
0.977450
0.989225
0.993600
1.010400
1.011000
1.037500
1.061975
1.068450
1.069500
1.087775
1.112625
1.116400
1.124050
1.128700
1.211275
1.211350
1.250950
1.260450
1.277375
1.304200
1.307225
1.326925
1.354575
1.382375
1.385025
1.408025
1.455625
1.474800
1.492900
1.504475
1.556700
1.557275
1.561100
1.582150
1.589550
1.598450
1.605300
1.610725
1.719500
1.751350
1.793600
1.851150
1.903200
1.981700
2.198475
258
