0.004675
0.019725
0.020525
0.022600
0.026050
0.028175
0.033775
0.033825
0.034825
0.038850
0.044575
0.044725
0.045500
0.048975
0.057175
0.059425
0.088600
0.092400
0.100125
0.102325
0.106400
0.120950
0.124125
0.124950
0.133675
0.140725
0.141550
0.151725
0.155150
0.166725
0.168275
0.169425
0.182475
0.183675
0.187650
0.195000
0.201850
0.215075
0.226725
0.233650
0.235000
0.238725
0.253500
0.263575
0.270725
0.271325
0.274950
0.282450
0.286275
0.289075
0.289725
0.289825
0.291350
0.295300
0.296350
0.296525
0.298925
0.301725
0.303850
0.308075
0.309950
0.310300
0.319925
0.335350
0.335950
0.336825
0.340350
0.345850
0.351650
0.354750
0.355000
0.366350
0.369075
0.369225
0.377025
0.378525
0.380900
0.382025
0.389575
0.395600
0.396750
0.396775
0.397225
0.399350
0.399425
0.401475
0.404400
0.405450
0.407625
0.412675
0.421675
0.422450
0.427475
0.430425
0.437725
0.447775
0.450425
0.455300
0.459800
0.462025
0.466050
0.466800
0.467650
0.469375
0.471325
0.476300
0.477575
0.482875
0.487300
0.493325
0.508925
0.514075
0.517700
0.522875
0.524275
0.524275
0.526000
0.539375
0.547300
0.547975
0.554200
0.561175
0.568875
0.569150
0.572250
0.573350
0.577800
0.580875
0.582050
0.585550
0.586775
0.587750
0.593525
0.594400
0.596425
0.606900
0.615300
0.622025
0.622450
0.623950
0.625425
0.625475
0.631850
0.632250
0.634750
0.634750
0.636225
0.637125
0.638325
0.640350
0.645675
0.657150
0.668450
0.670500
0.672575
0.673575
0.679375
0.680975
0.697000
0.700025
0.712625
0.729175
0.729250
0.734275
0.737225
0.741775
0.756375
0.756975
0.757700
0.763900
0.769200
0.784950
0.790375
0.797025
0.798075
0.801575
0.802675
0.831375
0.834750
0.836175
0.838500
0.841075
0.853175
0.853775
0.855100
0.859750
0.867700
0.874450
0.875075
0.879075
0.894050
0.895375
0.896000
0.902225
0.913100
0.919800
0.922025
0.922050
0.923425
0.926425
0.926500
0.934400
0.938375
0.940175
0.941675
0.942225
0.952350
0.955400
0.962400
0.962475
0.969225
0.977100
0.995350
0.997025
0.999150
0.999475
1.000650
1.001700
1.002225
1.009075
1.014350
1.032675
1.052450
1.084275
1.094150
1.105150
1.142775
1.148175
1.160550
1.195250
1.200050
1.204975
1.213325
1.215375
1.225975
1.234525
1.273300
1.287750
1.292925
1.312000
1.318675
1.323025
1.325225
1.336750
1.342325
1.345650
1.345725
1.371675
1.378350
1.393575
1.430025
1.432550
1.476225
1.493525
1.567000
1.601725
1.644050
1.667750
1.715900
1.830475
1.842175
1.947850
2.183125
2.200300
264
