0.000825
0.037525
0.040325
0.048350
0.049575
0.053800
0.056500
0.067900
0.075075
0.086900
0.089850
0.095975
0.096250
0.104175
0.105725
0.108450
0.113900
0.114625
0.123725
0.125300
0.125700
0.139400
0.150350
0.150700
0.153650
0.155925
0.161650
0.162300
0.169775
0.175275
0.175750
0.177575
0.191800
0.191900
0.194600
0.198250
0.206000
0.207550
0.210650
0.212275
0.213125
0.214675
0.216550
0.217850
0.218300
0.229900
0.237650
0.239950
0.242425
0.255275
0.260700
0.272150
0.272500
0.275325
0.278975
0.281550
0.281975
0.282400
0.287200
0.288500
0.298925
0.299775
0.303475
0.322975
0.324850
0.327400
0.328450
0.344950
0.350350
0.350500
0.355400
0.361750
0.364575
0.370625
0.387900
0.388750
0.391050
0.393600
0.398275
0.401875
0.402425
0.409350
0.410300
0.419275
0.419475
0.420750
0.425100
0.426400
0.437075
0.439750
0.441625
0.443275
0.444675
0.458725
0.484150
0.485425
0.492675
0.495375
0.496950
0.498350
0.520100
0.523225
0.529125
0.530925
0.539025
0.539150
0.539325
0.541300
0.544025
0.544550
0.544700
0.546000
0.551750
0.554250
0.555875
0.563900
0.565450
0.565500
0.568025
0.568900
0.573925
0.575950
0.585975
0.593275
0.597700
0.602650
0.605150
0.608675
0.609550
0.609700
0.609800
0.624800
0.625550
0.625950
0.627250
0.632625
0.645650
0.651350
0.652425
0.655300
0.659625
0.661550
0.668025
0.670625
0.674750
0.679825
0.693525
0.693675
0.705750
0.706100
0.707700
0.708325
0.708650
0.711650
0.719200
0.720250
0.720975
0.727225
0.733075
0.733500
0.735225
0.738450
0.742825
0.746175
0.749525
0.751775
0.754425
0.766900
0.770225
0.771425
0.775075
0.779100
0.780625
0.781000
0.784300
0.788625
0.790100
0.794375
0.797925
0.808450
0.822175
0.825750
0.828825
0.839700
0.841650
0.845700
0.845700
0.849475
0.862625
0.866375
0.873325
0.884050
0.888525
0.897275
0.898600
0.906050
0.909575
0.911675
0.914150
0.922575
0.922600
0.937675
0.940350
0.941500
0.944825
0.953200
0.960825
0.964100
0.982000
0.997025
1.002600
1.002750
1.003125
1.003125
1.026350
1.030925
1.035625
1.037300
1.060200
1.067650
1.077025
1.080775
1.097725
1.130625
1.134300
1.134600
1.135650
1.164050
1.170250
1.175950
1.209425
1.209550
1.236400
1.244600
1.252200
1.280600
1.354750
1.366875
1.421125
1.433475
1.433900
1.458050
1.500325
1.511200
1.512850
1.562225
1.598275
1.632550
1.638800
1.776750
1.917950
1.941600
2.024650
2.027450
2.128000
2.277100
2.377850
257
