0.002775
0.005625
0.009650
0.011650
0.020425
0.025875
0.037650
0.040200
0.046150
0.049900
0.056475
0.056925
0.083075
0.084625
0.091500
0.092300
0.097575
0.105650
0.109750
0.109925
0.115400
0.117300
0.118225
0.122550
0.128075
0.145350
0.149800
0.152900
0.153750
0.156600
0.165075
0.183975
0.190950
0.192075
0.198650
0.198950
0.205675
0.210500
0.215400
0.215775
0.230275
0.237425
0.238850
0.238875
0.242050
0.254600
0.254975
0.257000
0.262375
0.266675
0.280550
0.281225
0.283475
0.294575
0.299150
0.301800
0.302200
0.317175
0.322925
0.328875
0.329525
0.346600
0.354800
0.355075
0.355925
0.359875
0.364000
0.384100
0.388750
0.388850
0.394525
0.395825
0.396175
0.399600
0.416925
0.425275
0.431775
0.438100
0.441175
0.444425
0.454400
0.465025
0.466100
0.466650
0.469275
0.477800
0.485375
0.514225
0.516050
0.516950
0.517925
0.520100
0.521100
0.523575
0.525375
0.526475
0.528525
0.530550
0.531550
0.537575
0.541450
0.546775
0.547000
0.553750
0.565775
0.577275
0.580525
0.600550
0.607325
0.609450
0.612125
0.614525
0.620225
0.622700
0.623600
0.627300
0.627400
0.628025
0.630900
0.649025
0.661550
0.662725
0.677775
0.682950
0.683125
0.689600
0.690725
0.703075
0.708325
0.714200
0.720475
0.724975
0.725150
0.738850
0.739875
0.741650
0.745925
0.747025
0.749000
0.755550
0.758250
0.764125
0.764225
0.771750
0.775675
0.790000
0.793425
0.798050
0.846175
0.850125
0.851450
0.853000
0.863800
0.873425
0.875525
0.876050
0.880275
0.889925
0.900025
0.902175
0.933925
0.936725
0.937725
0.939275
0.944200
0.947325
0.952325
0.963825
0.966650
0.967875
0.978250
0.985200
0.988075
0.999925
1.016175
1.025900
1.034275
1.040225
1.040375
1.062025
1.082525
1.086675
1.087000
1.103200
1.103225
1.125275
1.144425
1.147225
1.175350
1.191325
1.227725
1.241525
1.254975
1.262550
1.273575
1.280975
1.300825
1.310725
1.345750
1.362225
1.374800
1.381825
1.382575
1.438850
1.440900
1.459475
1.478600
1.485550
1.510175
1.557700
1.568200
1.606175
1.612925
1.619925
1.624825
1.630050
1.669150
1.736625
1.826600
2.010700
2.160625
2.181300
222
