0.003025
0.011300
0.011400
0.022750
0.029200
0.029600
0.038375
0.043250
0.045075
0.045200
0.045650
0.053600
0.054400
0.062275
0.063200
0.063750
0.065700
0.067675
0.070450
0.073150
0.074450
0.078850
0.078875
0.081775
0.083950
0.093225
0.097400
0.098625
0.099375
0.101325
0.105000
0.112350
0.123650
0.124025
0.125525
0.132400
0.132900
0.132975
0.133950
0.138050
0.142025
0.143250
0.154425
0.162300
0.164000
0.165050
0.176225
0.185250
0.187875
0.188125
0.191800
0.196300
0.201000
0.208975
0.214475
0.222750
0.229300
0.230025
0.234475
0.235300
0.240450
0.240750
0.240900
0.243025
0.248675
0.265900
0.266975
0.267650
0.267675
0.270025
0.277275
0.281150
0.287075
0.290200
0.295900
0.297250
0.298950
0.300150
0.305625
0.307725
0.312100
0.312825
0.313100
0.313275
0.319200
0.321400
0.322450
0.324200
0.330525
0.334225
0.335750
0.337625
0.338875
0.342775
0.348325
0.354075
0.356925
0.359600
0.372025
0.377950
0.382950
0.383775
0.385750
0.385800
0.386175
0.386200
0.390525
0.395550
0.399825
0.400150
0.402425
0.407050
0.413225
0.413900
0.416850
0.417425
0.418475
0.428400
0.430375
0.431425
0.439825
0.445400
0.448075
0.448775
0.459350
0.459500
0.464525
0.466275
0.466350
0.472075
0.473525
0.473925
0.477250
0.477700
0.477800
0.484250
0.495275
0.501125
0.505950
0.509425
0.509575
0.515250
0.523575
0.529175
0.529250
0.530675
0.534550
0.540950
0.541575
0.549100
0.549900
0.553050
0.554100
0.557075
0.560900
0.566250
0.581650
0.588225
0.590475
0.592075
0.598800
0.607425
0.607550
0.608650
0.619900
0.623725
0.626425
0.627975
0.631550
0.637450
0.644475
0.646100
0.649050
0.656850
0.657175
0.659675
0.678150
0.682875
0.688175
0.691550
0.692775
0.694300
0.695650
0.698800
0.700100
0.700750
0.701775
0.704475
0.704750
0.710600
0.711825
0.711975
0.713900
0.722675
0.725125
0.732150
0.738975
0.745875
0.752575
0.753325
0.755300
0.757750
0.769125
0.772650
0.772875
0.773225
0.773250
0.776650
0.781425
0.782150
0.785625
0.788250
0.804350
0.823750
0.831050
0.831300
0.836500
0.837025
0.840175
0.845100
0.845150
0.853075
0.856725
0.873925
0.875950
0.879075
0.883425
0.890375
0.894850
0.895100
0.895975
0.901175
0.907825
0.927675
0.932975
0.935225
0.935650
0.937175
0.942175
0.942600
0.945450
0.948875
0.950200
0.961750
0.963675
0.964175
0.974025
0.980375
0.981950
0.994625
0.994900
1.002900
1.041400
1.061500
1.068925
1.076800
1.081825
1.085075
1.096125
1.102875
1.114325
1.118950
1.130175
1.135800
1.143125
1.156325
1.171575
1.173825
1.184550
1.237400
1.260425
1.299350
1.307750
1.321375
1.339425
1.344950
1.365025
1.371075
1.381000
1.406175
1.417075
1.473750
1.481900
1.495450
1.540575
1.550900
1.580425
1.663550
1.708300
1.729925
1.737950
2.017500
2.025375
2.088700
2.421925
295
