0.007275
0.012375
0.013775
0.021725
0.026575
0.027750
0.031100
0.032500
0.038150
0.046875
0.050425
0.055925
0.056100
0.061875
0.062775
0.065875
0.069425
0.076150
0.090375
0.094825
0.097275
0.099425
0.101350
0.115825
0.116775
0.120050
0.120175
0.125775
0.129900
0.130650
0.133525
0.135800
0.136975
0.142575
0.146850
0.161625
0.164300
0.172300
0.174075
0.174175
0.181175
0.183025
0.184875
0.186050
0.207625
0.210925
0.212325
0.216775
0.221875
0.222275
0.227275
0.231850
0.233875
0.234375
0.236575
0.240475
0.254875
0.268175
0.274225
0.286175
0.292100
0.298025
0.298175
0.302250
0.302525
0.308200
0.312025
0.315050
0.322000
0.351225
0.373475
0.376325
0.377025
0.378325
0.382400
0.385725
0.391225
0.395050
0.396700
0.400325
0.402150
0.402650
0.416175
0.427575
0.430350
0.436425
0.446025
0.451475
0.456450
0.466900
0.469175
0.471100
0.472475
0.472550
0.472750
0.478150
0.491925
0.492450
0.493700
0.516325
0.516450
0.517025
0.521650
0.526525
0.532200
0.535625
0.538650
0.545825
0.557625
0.559200
0.572500
0.578550
0.580225
0.580875
0.580875
0.582700
0.585450
0.587250
0.594625
0.594900
0.602450
0.602700
0.602750
0.602875
0.603550
0.617700
0.626150
0.632200
0.632600
0.638525
0.640200
0.640225
0.642700
0.644300
0.647825
0.661775
0.681025
0.686275
0.688275
0.692450
0.695475
0.698675
0.706225
0.736775
0.747375
0.754975
0.755100
0.757575
0.766250
0.781600
0.789650
0.792150
0.796550
0.799225
0.810700
0.816725
0.818825
0.824050
0.825025
0.828350
0.833250
0.835375
0.836950
0.854175
0.870475
0.877650
0.882925
0.891500
0.892875
0.898800
0.910025
0.911750
0.912025
0.916850
0.919875
0.927100
0.937800
0.941850
0.957450
0.978950
0.981075
0.995275
0.998500
1.003550
1.009850
1.045725
1.046450
1.062550
1.073375
1.079075
1.081900
1.096325
1.096625
1.120100
1.133125
1.141800
1.159625
1.166250
1.217125
1.299350
1.345025
1.345375
1.346300
1.384375
1.403050
1.444550
1.478675
1.523350
1.613475
1.622675
1.623300
1.623750
1.632125
1.633900
1.658875
1.717700
1.964250
2.044675
2.215325
2.221850
2.422500
2.466600
222
