0.002525
0.002875
0.006000
0.007550
0.020550
0.025450
0.031600
0.035400
0.039225
0.044325
0.044425
0.046850
0.046875
0.047475
0.053000
0.054200
0.060000
0.060750
0.061325
0.077000
0.078650
0.078825
0.090650
0.090825
0.090825
0.091725
0.092225
0.108025
0.111450
0.114500
0.123575
0.131250
0.132550
0.138525
0.143175
0.143900
0.148525
0.149825
0.155950
0.162300
0.169675
0.170750
0.170900
0.171100
0.171400
0.171425
0.172250
0.172875
0.175125
0.179450
0.186800
0.187250
0.189975
0.192875
0.197525
0.203825
0.214325
0.220275
0.228650
0.244100
0.248150
0.263725
0.274775
0.287425
0.288325
0.298600
0.298700
0.299900
0.301450
0.315500
0.319550
0.327075
0.339050
0.339900
0.341225
0.341550
0.342950
0.345075
0.350300
0.350675
0.357225
0.360325
0.364675
0.372950
0.374150
0.375075
0.377150
0.380475
0.382075
0.389275
0.393525
0.394600
0.395450
0.399625
0.399725
0.402175
0.411650
0.420375
0.434325
0.442625
0.442750
0.445200
0.452775
0.453175
0.460625
0.461325
0.464675
0.469650
0.493900
0.503375
0.508025
0.512225
0.517775
0.521750
0.531150
0.531250
0.531975
0.535300
0.541000
0.542875
0.544275
0.545800
0.553325
0.553425
0.558900
0.559800
0.561625
0.561775
0.565200
0.569875
0.571700
0.603725
0.607125
0.607800
0.608800
0.613450
0.615950
0.616000
0.617625
0.622900
0.622900
0.626100
0.628175
0.640775
0.640850
0.641925
0.646300
0.656125
0.659075
0.664675
0.664675
0.684175
0.687100
0.687900
0.696775
0.697500
0.697725
0.727775
0.728850
0.730825
0.740175
0.744675
0.746600
0.751700
0.763325
0.764675
0.777800
0.782500
0.792750
0.807525
0.808575
0.809075
0.817050
0.818375
0.851850
0.855150
0.858200
0.859925
0.863375
0.863675
0.866700
0.883225
0.904125
0.905075
0.915950
0.926550
0.928775
0.936125
0.937825
0.940450
0.941075
0.951225
0.954400
0.969100
0.971525
0.981500
0.994275
0.997025
0.998525
1.000700
1.006450
1.018825
1.040325
1.041975
1.044725
1.045850
1.068650
1.085125
1.086225
1.113350
1.124500
1.125800
1.162325
1.187875
1.188750
1.202400
1.205800
1.212125
1.222275
1.239850
1.262500
1.297225
1.312850
1.328675
1.364775
1.366900
1.384200
1.416300
1.429350
1.490900
1.499550
1.525000
1.569050
1.796375
1.863425
2.014500
2.084875
2.092575
2.321625
2.332075
2.381200
2.471375
242
