0.000350
0.007750
0.012450
0.012700
0.015250
0.023975
0.033650
0.040575
0.042150
0.042250
0.042625
0.049825
0.050450
0.064000
0.075250
0.076825
0.084050
0.086825
0.087900
0.089325
0.089525
0.090775
0.100525
0.100925
0.102450
0.114200
0.114375
0.116000
0.116050
0.121625
0.124800
0.145600
0.149225
0.149750
0.151850
0.152400
0.157425
0.160525
0.167025
0.167400
0.178875
0.180900
0.181575
0.183925
0.186175
0.190625
0.195325
0.197300
0.198200
0.206550
0.207150
0.209850
0.215800
0.216725
0.218400
0.220750
0.230075
0.235050
0.237500
0.238125
0.239925
0.242450
0.246675
0.249900
0.253850
0.256300
0.258600
0.263000
0.268075
0.268500
0.273275
0.285725
0.292725
0.294800
0.300700
0.302125
0.303400
0.305700
0.316275
0.318625
0.319625
0.328425
0.332000
0.332325
0.334025
0.334750
0.337700
0.344825
0.350400
0.353150
0.355225
0.358175
0.361400
0.364450
0.369700
0.380950
0.383150
0.386375
0.387825
0.389600
0.391000
0.402625
0.402725
0.404675
0.408350
0.411650
0.413000
0.425725
0.428275
0.432725
0.451500
0.451775
0.467875
0.470775
0.473975
0.481300
0.482425
0.482825
0.484050
0.492175
0.494400
0.499300
0.500675
0.504450
0.512950
0.513075
0.513175
0.520550
0.524875
0.527375
0.538025
0.549450
0.552700
0.554175
0.554650
0.560075
0.561075
0.569950
0.580800
0.580950
0.581100
0.587800
0.593975
0.601150
0.603150
0.613950
0.617200
0.618425
0.626700
0.629425
0.630650
0.639775
0.647875
0.651750
0.658125
0.664325
0.665275
0.675975
0.683975
0.691225
0.691550
0.693925
0.703150
0.703175
0.711050
0.715675
0.716700
0.719725
0.727175
0.731450
0.739500
0.741900
0.744475
0.753550
0.756175
0.757225
0.762900
0.763675
0.766650
0.769525
0.785350
0.789850
0.793500
0.796025
0.800525
0.806250
0.806450
0.808600
0.813375
0.818275
0.822775
0.827325
0.831125
0.837800
0.843000
0.854550
0.867175
0.870150
0.882225
0.883150
0.885475
0.890550
0.895450
0.899725
0.908525
0.909825
0.923425
0.924050
0.933475
0.934675
0.937600
0.952225
0.976875
1.000125
1.003025
1.004375
1.016525
1.021025
1.032400
1.041825
1.046775
1.053150
1.055925
1.063025
1.074875
1.076600
1.081675
1.101875
1.105075
1.106525
1.111200
1.117225
1.127400
1.141050
1.141850
1.141900
1.143300
1.153175
1.155350
1.158050
1.177325
1.180525
1.181875
1.183100
1.202150
1.203850
1.209875
1.236675
1.282775
1.350825
1.367150
1.429925
1.439150
1.451300
1.465100
1.492025
1.496050
1.508975
1.557925
1.612350
1.642150
1.653575
1.658750
1.662950
1.707825
1.904150
1.907000
2.181825
2.216525
2.331475
270
