0.010300
0.018750
0.020350
0.026100
0.027325
0.029325
0.031200
0.042975
0.043625
0.047300
0.047525
0.051550
0.054500
0.056225
0.057225
0.059300
0.059725
0.062825
0.067300
0.074400
0.093100
0.099425
0.100600
0.105400
0.108725
0.111725
0.112900
0.113775
0.116225
0.118575
0.124550
0.125000
0.128700
0.135250
0.136525
0.138800
0.155025
0.161150
0.166600
0.171150
0.172725
0.188525
0.196800
0.202350
0.212450
0.222900
0.224025
0.229825
0.232000
0.251275
0.252625
0.256675
0.260125
0.265375
0.267225
0.272550
0.283425
0.286950
0.289550
0.293975
0.299750
0.301925
0.307725
0.309000
0.310825
0.312725
0.318500
0.327775
0.327975
0.336125
0.336750
0.339225
0.348150
0.351325
0.354225
0.354375
0.369900
0.370300
0.378150
0.378775
0.398625
0.400475
0.401825
0.407325
0.407700
0.439625
0.448650
0.448825
0.449450
0.450450
0.458550
0.465200
0.467875
0.469525
0.470575
0.485650
0.486675
0.491750
0.492250
0.496600
0.498300
0.506850
0.507425
0.513900
0.518250
0.528075
0.529375
0.532350
0.533225
0.533600
0.540575
0.543800
0.555325
0.557050
0.563125
0.570125
0.574300
0.575250
0.578325
0.580325
0.587800
0.592575
0.593275
0.593325
0.604325
0.604425
0.605375
0.608450
0.609975
0.610375
0.616675
0.619175
0.619750
0.620850
0.621150
0.624975
0.632475
0.639125
0.651500
0.652075
0.654925
0.659025
0.659325
0.659925
0.660100
0.667250
0.667925
0.669550
0.670000
0.670500
0.672075
0.673100
0.676825
0.684250
0.691675
0.694575
0.694725
0.697050
0.700525
0.701275
0.701650
0.705325
0.706100
0.712100
0.712275
0.713825
0.716525
0.716650
0.721500
0.725600
0.728925
0.732375
0.734375
0.737700
0.743950
0.753675
0.754400
0.755175
0.761675
0.761900
0.763450
0.781825
0.810150
0.811375
0.812825
0.829550
0.829975
0.831825
0.843450
0.857300
0.857575
0.858650
0.864925
0.867275
0.868600
0.869000
0.869075
0.871250
0.877775
0.885700
0.913200
0.915075
0.929350
0.933825
0.944125
0.971900
0.978975
0.987025
0.997225
1.013325
1.026150
1.040275
1.047325
1.055400
1.059825
1.082200
1.101875
1.107500
1.137025
1.155975
1.189125
1.214525
1.226325
1.243225
1.247075
1.249975
1.259100
1.266550
1.272675
1.281500
1.295225
1.304725
1.308175
1.309250
1.316375
1.344075
1.359975
1.380675
1.388500
1.389050
1.446525
1.454500
1.486300
1.636850
1.775800
1.784150
1.948050
1.985025
2.000625
2.089800
2.170125
2.351950
2.352200
2.495100
254
