0.003300
0.007350
0.009275
0.009675
0.015225
0.019475
0.021200
0.024000
0.030450
0.033225
0.038225
0.047100
0.051175
0.052125
0.052150
0.053025
0.060950
0.061500
0.064725
0.064975
0.068425
0.069925
0.073900
0.075000
0.076025
0.079625
0.082000
0.086000
0.090100
0.095600
0.100725
0.105500
0.107775
0.113675
0.113950
0.117150
0.119225
0.121225
0.127025
0.129650
0.137600
0.138450
0.151875
0.156600
0.156925
0.159325
0.164775
0.168500
0.171350
0.172800
0.179175
0.180375
0.183200
0.190050
0.193700
0.206225
0.209775
0.210300
0.215525
0.226250
0.226500
0.233975
0.244500
0.251825
0.254350
0.259625
0.260175
0.261400
0.273275
0.274000
0.281700
0.282500
0.283900
0.286650
0.289475
0.289625
0.290000
0.292450
0.306225
0.308325
0.308550
0.309800
0.312300
0.327525
0.327650
0.332125
0.333025
0.333450
0.334125
0.342725
0.351525
0.356725
0.364150
0.364950
0.375525
0.376150
0.376675
0.382550
0.390050
0.391425
0.392300
0.395975
0.397150
0.408375
0.409525
0.421875
0.426375
0.433375
0.435125
0.437950
0.444050
0.445075
0.447425
0.452100
0.459025
0.460400
0.465125
0.473700
0.478475
0.478700
0.483650
0.488975
0.493375
0.493875
0.503750
0.533075
0.536675
0.539450
0.548350
0.550850
0.551200
0.552775
0.558075
0.558425
0.561450
0.564925
0.568125
0.579950
0.581150
0.581200
0.582850
0.588900
0.602650
0.604500
0.605075
0.608200
0.608600
0.611925
0.612700
0.623725
0.625950
0.627800
0.629025
0.637850
0.651600
0.651600
0.654925
0.661400
0.661900
0.663000
0.663675
0.683850
0.684050
0.686900
0.697350
0.697800
0.721675
0.732450
0.738225
0.739025
0.744625
0.748625
0.759200
0.759425
0.760300
0.760800
0.764200
0.766800
0.777325
0.780550
0.781775
0.787500
0.794325
0.798550
0.806075
0.815125
0.836000
0.848850
0.852050
0.859775
0.867175
0.872675
0.872875
0.882600
0.884850
0.887475
0.898525
0.927275
0.928100
0.958225
0.960800
0.968100
0.973000
0.975975
0.977975
0.978700
0.997900
1.010825
1.047375
1.065450
1.066125
1.070100
1.071525
1.082050
1.089025
1.107350
1.128100
1.132900
1.160800
1.162975
1.209425
1.210550
1.241050
1.242000
1.276200
1.317475
1.329275
1.342600
1.353025
1.368875
1.383900
1.397175
1.406350
1.410275
1.442375
1.446525
1.450850
1.460950
1.485175
1.504750
1.522825
1.526500
1.556125
1.565525
1.569275
1.848375
1.878075
1.950150
1.997750
2.009425
2.094175
2.201075
2.273650
253
