0.005850
0.008375
0.009050
0.011150
0.011425
0.014525
0.017925
0.027800
0.040925
0.041600
0.045625
0.045900
0.047775
0.053350
0.055000
0.055725
0.056825
0.078375
0.083725
0.084300
0.088225
0.091150
0.093725
0.099375
0.101625
0.107225
0.112200
0.113250
0.122350
0.122550
0.124900
0.126350
0.126600
0.127900
0.132025
0.134875
0.135275
0.136575
0.160475
0.162600
0.165150
0.169650
0.170050
0.173425
0.177025
0.179425
0.179550
0.182925
0.190225
0.191350
0.196950
0.197675
0.198550
0.198725
0.209975
0.220050
0.225400
0.228925
0.233000
0.251875
0.252975
0.260525
0.262050
0.265750
0.279650
0.282075
0.282425
0.283250
0.292625
0.305575
0.310275
0.311775
0.311875
0.314575
0.316975
0.330325
0.337800
0.342650
0.345150
0.345925
0.346725
0.356900
0.358825
0.359825
0.360025
0.361375
0.363050
0.363500
0.364100
0.367400
0.373850
0.374650
0.376400
0.379625
0.398825
0.399275
0.402250
0.406400
0.412850
0.421575
0.427700
0.435225
0.444875
0.453950
0.455125
0.459125
0.459875
0.466175
0.472825
0.478500
0.480200
0.486425
0.509475
0.510200
0.514625
0.515800
0.517975
0.523725
0.527275
0.541175
0.542400
0.545225
0.545825
0.558950
0.561325
0.562950
0.563050
0.574775
0.579125
0.586100
0.587350
0.589350
0.604675
0.607675
0.614500
0.621250
0.625300
0.635400
0.646400
0.647725
0.648325
0.654825
0.658150
0.676425
0.676550
0.676850
0.683300
0.684950
0.685575
0.690525
0.693375
0.693750
0.699525
0.712575
0.715625
0.716900
0.717275
0.717875
0.719150
0.720275
0.724100
0.725950
0.738225
0.741525
0.745300
0.748950
0.751550
0.753400
0.754450
0.767125
0.774925
0.777750
0.781375
0.787225
0.788275
0.790050
0.799450
0.808025
0.820000
0.821575
0.832225
0.839975
0.840975
0.848650
0.849050
0.849600
0.853150
0.854900
0.858600
0.887550
0.892175
0.893425
0.893525
0.897275
0.904400
0.906325
0.909050
0.916425
0.932275
0.932300
0.935425
0.936250
0.939750
0.966325
0.971825
0.983425
0.990150
0.991875
0.998075
1.009625
1.015250
1.019500
1.031425
1.051300
1.064725
1.081775
1.094050
1.094600
1.112525
1.118575
1.139750
1.141025
1.147350
1.157800
1.161900
1.221875
1.222450
1.239850
1.250875
1.251025
1.254100
1.311700
1.326550
1.328450
1.335275
1.336025
1.354425
1.383975
1.433675
1.440100
1.480550
1.483625
1.611450
1.672025
1.738950
1.851450
1.887725
1.963150
1.979125
2.308650
2.393000
251
