0.003575
0.003825
0.004650
0.005225
0.019050
0.028125
0.031325
0.042700
0.046625
0.048175
0.050550
0.053600
0.067675
0.074800
0.076950
0.086275
0.092550
0.096550
0.102225
0.104125
0.104825
0.106750
0.107025
0.111200
0.117350
0.117500
0.121750
0.124750
0.129675
0.135875
0.136225
0.136850
0.137100
0.140875
0.151125
0.157925
0.162750
0.165100
0.167800
0.170475
0.178900
0.179700
0.180600
0.182500
0.188750
0.200775
0.201575
0.201950
0.202875
0.208225
0.208675
0.217225
0.226450
0.227650
0.228775
0.232150
0.237975
0.240300
0.241125
0.244200
0.245925
0.253325
0.253500
0.263700
0.265650
0.269175
0.269450
0.272000
0.275025
0.283675
0.293175
0.294325
0.297400
0.299225
0.299525
0.311425
0.312450
0.316200
0.317625
0.318600
0.318725
0.325700
0.330825
0.336700
0.337925
0.338275
0.338750
0.350125
0.351125
0.358100
0.359625
0.361800
0.364275
0.366100
0.369400
0.376375
0.399075
0.405150
0.407850
0.415975
0.424200
0.432175
0.438425
0.451975
0.455725
0.455750
0.457000
0.457275
0.458050
0.458950
0.459650
0.461375
0.470500
0.471500
0.472825
0.481775
0.483750
0.486050
0.490825
0.491650
0.495375
0.501200
0.501825
0.502050
0.502625
0.505350
0.513800
0.518525
0.518600
0.527475
0.533550
0.537425
0.540375
0.541850
0.546125
0.551625
0.554725
0.558500
0.559975
0.562050
0.567725
0.571325
0.579975
0.582550
0.589000
0.593600
0.597050
0.599550
0.601675
0.602600
0.612275
0.621200
0.622625
0.624325
0.624800
0.626475
0.627425
0.631350
0.642500
0.648400
0.648650
0.659975
0.661425
0.664775
0.665425
0.666575
0.668725
0.672150
0.673250
0.673575
0.675225
0.682975
0.683600
0.688575
0.690325
0.706400
0.706625
0.709700
0.715350
0.719225
0.719950
0.725475
0.732425
0.733250
0.740525
0.757250
0.763600
0.766750
0.767750
0.768550
0.772025
0.774125
0.776975
0.785175
0.799075
0.814225
0.820325
0.821625
0.822700
0.842100
0.845925
0.848600
0.874400
0.883125
0.886725
0.887850
0.895825
0.899725
0.901650
0.913025
0.917600
0.928250
0.935600
0.944925
0.969575
0.984100
0.988525
0.992025
1.006200
1.008350
1.009425
1.019100
1.019700
1.022400
1.023450
1.025750
1.029350
1.033250
1.045725
1.049150
1.058500
1.072975
1.075775
1.084025
1.089250
1.089625
1.094950
1.113800
1.140575
1.142200
1.168250
1.182925
1.183375
1.193675
1.204575
1.268350
1.282225
1.300925
1.304925
1.307900
1.308100
1.335225
1.361250
1.367575
1.383800
1.399350
1.408375
1.428525
1.469750
1.506900
1.523900
1.583725
1.593075
1.657675
1.674450
1.689600
1.694375
1.810250
1.812425
1.940225
1.990575
2.049750
2.088825
2.346375
2.449525
275
