0.001900
0.001950
0.009125
0.011125
0.018775
0.048700
0.051625
0.052400
0.052825
0.059675
0.066275
0.070000
0.071050
0.071900
0.072125
0.078525
0.087225
0.087525
0.089525
0.095450
0.104325
0.106925
0.108600
0.111275
0.129575
0.134825
0.139850
0.141900
0.144300
0.148225
0.152700
0.153775
0.159150
0.165600
0.172425
0.180425
0.185525
0.189925
0.190850
0.192900
0.193050
0.196475
0.198225
0.200650
0.202475
0.203125
0.205250
0.207425
0.222375
0.226075
0.232575
0.266325
0.273550
0.275600
0.279950
0.280500
0.288275
0.289800
0.292100
0.293325
0.300200
0.310500
0.314300
0.319500
0.325300
0.330525
0.331450
0.336525
0.337450
0.339025
0.339925
0.340100
0.341450
0.346450
0.349175
0.351800
0.353275
0.354450
0.358350
0.362025
0.362025
0.369475
0.374350
0.374575
0.376150
0.376575
0.377950
0.381925
0.382375
0.385125
0.402675
0.403650
0.405150
0.414625
0.416225
0.416325
0.422200
0.423650
0.423950
0.428925
0.432700
0.436450
0.436925
0.446925
0.447675
0.453500
0.456475
0.465625
0.470800
0.474550
0.480000
0.488225
0.489850
0.491900
0.492450
0.492525
0.496600
0.496900
0.500150
0.503125
0.513300
0.514725
0.515650
0.516025
0.518675
0.523000
0.537950
0.538750
0.544975
0.546350
0.547500
0.548325
0.560500
0.563650
0.566350
0.568400
0.568525
0.577050
0.583375
0.583600
0.586225
0.592475
0.593400
0.614425
0.616350
0.618075
0.623375
0.623475
0.627625
0.627975
0.628400
0.643000
0.648950
0.662400
0.663175
0.667625
0.678175
0.682425
0.683400
0.687200
0.689750
0.691525
0.695875
0.701950
0.702975
0.708850
0.714675
0.717450
0.721975
0.726500
0.729050
0.729950
0.732225
0.733875
0.733900
0.739125
0.742250
0.745200
0.746925
0.759075
0.759375
0.763750
0.764225
0.768050
0.771900
0.774350
0.776725
0.781200
0.788300
0.789300
0.795700
0.799725
0.803700
0.804750
0.807975
0.808625
0.811175
0.815975
0.820200
0.820725
0.827000
0.831275
0.833850
0.835600
0.850250
0.856600
0.857325
0.858700
0.865125
0.871900
0.878425
0.887650
0.891425
0.892550
0.896225
0.896825
0.898500
0.901000
0.908675
0.911975
0.914950
0.936525
0.945000
0.947925
0.950750
0.956900
0.964725
0.964750
0.979075
0.980300
0.981525
0.983475
0.983700
0.984250
1.011900
1.023825
1.024300
1.033000
1.038050
1.040700
1.041375
1.044200
1.047875
1.053950
1.057575
1.058875
1.062550
1.078250
1.100375
1.133475
1.161150
1.175200
1.196050
1.211375
1.224875
1.253125
1.272425
1.320725
1.344425
1.348125
1.351500
1.390900
1.406425
1.433375
1.446275
1.475200
1.492000
1.500525
1.529950
1.537950
1.622375
1.644825
1.654550
1.782150
1.793475
1.891450
2.036725
2.127350
278
