0.021500
0.021650
0.035175
0.046475
0.060625
0.063025
0.063650
0.064500
0.078825
0.084825
0.087200
0.090200
0.093900
0.097450
0.099025
0.102100
0.104400
0.108300
0.111950
0.118525
0.118800
0.126275
0.129300
0.147750
0.150575
0.176825
0.177025
0.178575
0.180225
0.181400
0.184425
0.190400
0.197000
0.198600
0.223575
0.225475
0.230800
0.230900
0.242750
0.245900
0.257975
0.262050
0.262500
0.263500
0.265200
0.267600
0.271250
0.283125
0.286075
0.287075
0.290150
0.293225
0.296900
0.301850
0.307400
0.311375
0.311575
0.319600
0.347825
0.348275
0.350250
0.352000
0.361050
0.361100
0.363975
0.364025
0.373700
0.375650
0.382775
0.383325
0.383350
0.383475
0.393350
0.396575
0.403075
0.408725
0.412350
0.416775
0.431100
0.431375
0.434950
0.435175
0.443000
0.443600
0.449750
0.450800
0.452075
0.454125
0.469525
0.471925
0.474400
0.476225
0.483850
0.489300
0.494625
0.494925
0.500550
0.505775
0.506000
0.508250
0.510675
0.512025
0.515175
0.520900
0.521675
0.526125
0.528775
0.528850
0.535950
0.542775
0.544875
0.545175
0.553075
0.561300
0.562750
0.563350
0.576250
0.576700
0.578025
0.579575
0.580225
0.594675
0.595975
0.597025
0.597900
0.612000
0.622175
0.622925
0.626350
0.626525
0.628275
0.629800
0.631050
0.631425
0.631600
0.649700
0.650175
0.652175
0.655625
0.657050
0.658750
0.659775
0.677575
0.681575
0.690300
0.703275
0.706275
0.712875
0.714925
0.715725
0.722150
0.724300
0.725250
0.726750
0.729000
0.734000
0.734975
0.742975
0.746700
0.748825
0.750400
0.751250
0.759850
0.764475
0.767100
0.767900
0.780375
0.785450
0.794525
0.801525
0.804650
0.807800
0.810025
0.813725
0.819250
0.828225
0.852850
0.854100
0.865100
0.870200
0.872850
0.879500
0.880550
0.882250
0.883850
0.884650
0.890600
0.903300
0.925700
0.925750
0.930950
0.934950
0.935300
0.949100
0.954325
0.960625
0.968050
0.970525
0.970675
0.983900
0.984225
0.985875
1.017525
1.032825
1.060475
1.066525
1.072500
1.081125
1.087175
1.093550
1.119650
1.121925
1.127600
1.140975
1.158975
1.178425
1.197975
1.202975
1.222400
1.223625
1.268725
1.270450
1.337975
1.346450
1.383250
1.423950
1.435850
1.447450
1.530575
1.620725
1.638775
1.638900
1.672625
1.716275
1.892800
2.158525
2.343400
237
