0.002975
0.017500
0.020950
0.030275
0.033700
0.047425
0.052125
0.054025
0.057875
0.068825
0.073675
0.075050
0.077125
0.080375
0.080675
0.087525
0.095100
0.099400
0.106500
0.106550
0.110825
0.118075
0.118350
0.120900
0.123275
0.124350
0.129275
0.130225
0.130475
0.138325
0.142425
0.145900
0.148125
0.152000
0.152325
0.156250
0.160475
0.162150
0.177950
0.180400
0.180450
0.184475
0.187225
0.187250
0.190925
0.190925
0.195175
0.200750
0.210475
0.213075
0.216850
0.222275
0.232325
0.235250
0.235900
0.248125
0.254925
0.257875
0.258600
0.262800
0.264875
0.268100
0.272975
0.283000
0.284700
0.290975
0.291375
0.293525
0.296300
0.302400
0.308725
0.313975
0.329925
0.329975
0.331150
0.335150
0.344550
0.345300
0.345900
0.348650
0.348825
0.348925
0.353175
0.354075
0.356250
0.356700
0.358150
0.360425
0.363625
0.366250
0.368700
0.369425
0.374200
0.374325
0.379725
0.388475
0.388850
0.389050
0.391125
0.392825
0.397675
0.399250
0.407175
0.408450
0.418325
0.422950
0.426400
0.427175
0.431075
0.449900
0.453875
0.459575
0.471125
0.472750
0.474550
0.475600
0.482550
0.486675
0.493675
0.500850
0.505500
0.508850
0.510950
0.513250
0.518225
0.524850
0.527975
0.532200
0.541850
0.544250
0.548200
0.556925
0.563475
0.567825
0.569525
0.573250
0.580900
0.581350
0.581650
0.593225
0.600350
0.603375
0.603925
0.608600
0.618225
0.621200
0.625025
0.628725
0.631700
0.634125
0.634975
0.636225
0.638600
0.639650
0.644400
0.651300
0.655300
0.662725
0.663150
0.673900
0.681075
0.684750
0.702425
0.702475
0.710800
0.717475
0.723000
0.739800
0.745075
0.755900
0.759475
0.762200
0.773025
0.775575
0.778100
0.780875
0.781350
0.789450
0.793575
0.794625
0.794725
0.797500
0.803725
0.815500
0.821525
0.828075
0.833225
0.842675
0.849350
0.849400
0.858750
0.864300
0.882450
0.882900
0.891325
0.891950
0.905925
0.937650
0.942925
0.971250
0.990500
0.992125
1.018025
1.029225
1.048900
1.049275
1.056500
1.097975
1.110150
1.134100
1.155950
1.175050
1.203250
1.209200
1.230175
1.230900
1.240650
1.250375
1.287650
1.301475
1.331850
1.339575
1.358850
1.374375
1.382375
1.404725
1.438450
1.448675
1.519125
1.521575
1.578750
1.690900
1.728250
1.737650
1.805325
1.924950
1.934500
1.946225
1.953625
2.161375
2.166650
241
