0.005425
0.006800
0.007350
0.007725
0.011600
0.022600
0.022950
0.041175
0.050575
0.051300
0.051400
0.055750
0.075075
0.075300
0.076325
0.081525
0.083575
0.087075
0.088025
0.094400
0.101050
0.104700
0.107625
0.111775
0.116125
0.118775
0.119375
0.122350
0.124550
0.125750
0.126625
0.130475
0.148675
0.155050
0.157175
0.163675
0.166000
0.167800
0.175825
0.179575
0.180425
0.181500
0.191350
0.193350
0.198900
0.211650
0.215325
0.216350
0.217975
0.219475
0.219775
0.220850
0.222725
0.225400
0.232950
0.239275
0.247925
0.250975
0.252725
0.260225
0.266950
0.269000
0.273275
0.281300
0.290700
0.294600
0.302675
0.305725
0.305800
0.308150
0.316850
0.320275
0.321225
0.327600
0.328100
0.329275
0.333650
0.344000
0.348125
0.355250
0.355550
0.367925
0.368950
0.369100
0.374100
0.374750
0.383750
0.386475
0.390125
0.398775
0.399275
0.399875
0.405450
0.413825
0.414300
0.414525
0.414625
0.418050
0.422550
0.424275
0.426100
0.428000
0.431900
0.434225
0.440400
0.447725
0.448850
0.450475
0.453500
0.454025
0.466050
0.467400
0.467950
0.486725
0.488100
0.500500
0.515975
0.518700
0.522775
0.523325
0.525675
0.536025
0.536125
0.536300
0.540650
0.546475
0.557950
0.565500
0.571975
0.574250
0.578225
0.581825
0.583800
0.586200
0.599875
0.604725
0.606425
0.613900
0.625900
0.634900
0.636800
0.638300
0.638625
0.642400
0.643950
0.646300
0.646975
0.655075
0.655425
0.664650
0.670025
0.687450
0.689100
0.689475
0.696500
0.700675
0.702950
0.704100
0.706575
0.707575
0.710300
0.712925
0.713450
0.713725
0.716550
0.721850
0.724325
0.725975
0.726175
0.727200
0.736350
0.739800
0.742300
0.746175
0.748075
0.757900
0.765900
0.769000
0.770450
0.771400
0.779625
0.784050
0.789975
0.795275
0.799775
0.810400
0.810650
0.826300
0.834200
0.835950
0.846200
0.853775
0.864025
0.882100
0.896950
0.904750
0.907025
0.908700
0.912500
0.917975
0.919350
0.935225
0.944800
0.952900
0.954150
0.960050
0.971350
0.974525
0.984625
0.992325
0.999200
1.033400
1.037400
1.043825
1.048700
1.063300
1.084900
1.089125
1.098800
1.110150
1.118000
1.141400
1.155575
1.161425
1.165175
1.176425
1.189500
1.205000
1.257900
1.278725
1.296400
1.340100
1.354250
1.377350
1.431300
1.433750
1.433975
1.444175
1.462775
1.466100
1.477325
1.541325
1.610175
1.673550
1.838500
1.870200
1.967450
2.094750
2.143600
2.188200
2.227475
2.245250
2.363350
2.386725
254
