0.000100
0.001075
0.018500
0.019475
0.024500
0.025550
0.026850
0.027050
0.031550
0.036225
0.037975
0.039625
0.045000
0.046100
0.047175
0.053950
0.055075
0.055200
0.055375
0.061075
0.067700
0.070100
0.070600
0.072175
0.079675
0.085450
0.085875
0.092825
0.096600
0.097550
0.098800
0.119325
0.119450
0.120900
0.124925
0.134050
0.138425
0.154200
0.154300
0.159800
0.160900
0.164525
0.166975
0.169450
0.179200
0.189400
0.196300
0.199875
0.200075
0.210875
0.213475
0.215375
0.215425
0.217650
0.224525
0.231325
0.233675
0.233775
0.247600
0.248925
0.253675
0.258975
0.283675
0.284675
0.284925
0.285075
0.297625
0.309250
0.317325
0.323075
0.332550
0.337475
0.345900
0.367425
0.374300
0.378775
0.379225
0.381000
0.384350
0.386050
0.389250
0.394550
0.394825
0.396600
0.396725
0.396825
0.399125
0.401825
0.409175
0.409675
0.410375
0.415725
0.415750
0.421775
0.429775
0.431075
0.435300
0.437400
0.442300
0.444000
0.444325
0.444550
0.446300
0.446375
0.448500
0.453675
0.454700
0.458500
0.458525
0.463925
0.466300
0.473000
0.483600
0.486075
0.500550
0.500825
0.525875
0.526425
0.530000
0.544175
0.562850
0.566050
0.579300
0.580250
0.591200
0.591825
0.598525
0.598575
0.604025
0.605725
0.609925
0.615650
0.617650
0.623675
0.634500
0.640200
0.642400
0.643100
0.643350
0.654800
0.664575
0.665650
0.670325
0.684775
0.687050
0.687975
0.689575
0.692350
0.694450
0.703600
0.712050
0.726700
0.749650
0.757150
0.758100
0.758950
0.759900
0.761225
0.761775
0.764675
0.772500
0.776975
0.777725
0.789000
0.792725
0.804775
0.815575
0.826950
0.830225
0.833500
0.843850
0.848775
0.855300
0.862575
0.869375
0.870825
0.870975
0.874700
0.878925
0.881025
0.885525
0.885975
0.897075
0.898050
0.901050
0.901125
0.906375
0.915425
0.932250
0.934000
0.948100
0.950925
0.954275
0.969875
0.986575
0.987650
0.990500
0.991775
1.005900
1.016150
1.018725
1.024200
1.029825
1.037150
1.037575
1.038625
1.045725
1.049175
1.052075
1.053750
1.056275
1.085875
1.088850
1.091650
1.091875
1.102175
1.114050
1.131525
1.138825
1.149975
1.153375
1.159400
1.182225
1.191275
1.199800
1.210750
1.218150
1.244725
1.281900
1.295625
1.316850
1.318900
1.338850
1.341250
1.423350
1.433850
1.446375
1.467375
1.485175
1.596625
1.716650
1.786500
1.842350
1.854875
1.906875
2.024050
2.411175
247
