0.000200
0.003500
0.010225
0.017800
0.025850
0.027175
0.027625
0.028500
0.037250
0.038075
0.038425
0.038625
0.040700
0.043150
0.046725
0.048125
0.048475
0.049550
0.077450
0.087825
0.090850
0.099750
0.118000
0.121425
0.126325
0.126425
0.127600
0.129825
0.134475
0.145925
0.148275
0.148550
0.149725
0.154350
0.158275
0.158350
0.169550
0.176275
0.177100
0.177500
0.179200
0.184350
0.184375
0.189600
0.200050
0.208725
0.210450
0.212100
0.213300
0.216975
0.218425
0.223575
0.226575
0.227200
0.231775
0.238275
0.249825
0.251050
0.257400
0.258900
0.262600
0.270325
0.274125
0.285600
0.301150
0.307350
0.312025
0.318300
0.322750
0.325150
0.326350
0.328275
0.333900
0.342000
0.342475
0.346650
0.346650
0.352150
0.352375
0.354025
0.358175
0.362650
0.375225
0.378750
0.381050
0.391975
0.393150
0.396925
0.401250
0.402825
0.404275
0.407950
0.409925
0.414975
0.416775
0.418425
0.440825
0.444100
0.448625
0.450275
0.454600
0.456425
0.459500
0.461275
0.462425
0.468050
0.473600
0.475225
0.478300
0.485625
0.487200
0.487825
0.501950
0.509800
0.520050
0.526875
0.529825
0.531300
0.534600
0.535125
0.536425
0.536725
0.542975
0.548325
0.550450
0.550775
0.551400
0.556925
0.563125
0.563650
0.570275
0.571200
0.572525
0.587850
0.598225
0.598250
0.603425
0.603650
0.610975
0.618300
0.620650
0.624750
0.637500
0.637625
0.640425
0.642425
0.644775
0.654350
0.668975
0.679625
0.683250
0.683625
0.687350
0.689000
0.698025
0.699325
0.701000
0.706450
0.709450
0.709550
0.726425
0.728875
0.729975
0.732125
0.742125
0.742775
0.746000
0.751825
0.761450
0.761525
0.766675
0.774550
0.785250
0.796250
0.800250
0.807025
0.818975
0.827700
0.828250
0.835650
0.840450
0.845950
0.848000
0.851425
0.853550
0.859150
0.865300
0.878025
0.883950
0.903850
0.907475
0.910350
0.914100
0.916975
0.917750
0.918075
0.924800
0.930775
0.937575
0.938425
0.968800
0.970600
0.970825
0.972575
0.975775
0.975825
0.979575
0.993325
1.000950
1.012250
1.014100
1.014825
1.016375
1.023125
1.036625
1.037525
1.042775
1.053850
1.055150
1.059825
1.062050
1.063025
1.087300
1.109300
1.120075
1.122125
1.123025
1.144300
1.159200
1.172625
1.175700
1.177275
1.180125
1.188325
1.196900
1.200875
1.213350
1.224975
1.235000
1.241225
1.263175
1.268900
1.290750
1.308725
1.313475
1.354250
1.370175
1.400075
1.434600
1.440800
1.494600
1.516325
1.527525
1.534975
1.628650
1.661550
1.792325
1.894350
1.912550
1.973350
2.079325
2.092250
2.133825
2.291300
264
