0.003200
0.006875
0.013225
0.016075
0.023675
0.029225
0.029875
0.046225
0.052400
0.053650
0.056775
0.057275
0.061500
0.066525
0.068725
0.070400
0.072200
0.074175
0.074575
0.076450
0.081675
0.095550
0.096300
0.105075
0.108900
0.111650
0.111775
0.115825
0.117500
0.135250
0.145075
0.145550
0.150625
0.152925
0.153775
0.164975
0.168900
0.170950
0.171525
0.179650
0.184350
0.185925
0.203350
0.213600
0.221100
0.226575
0.227725
0.232250
0.234575
0.234900
0.239825
0.241275
0.245250
0.246650
0.253075
0.256925
0.261050
0.266250
0.267275
0.270450
0.271575
0.274825
0.275950
0.276425
0.277325
0.280700
0.292150
0.292750
0.294925
0.302075
0.302775
0.309325
0.313725
0.334725
0.339650
0.340725
0.357650
0.362625
0.365775
0.366800
0.367625
0.367800
0.368825
0.368950
0.369400
0.369625
0.378450
0.385550
0.397900
0.399050
0.400925
0.406450
0.417325
0.432425
0.443750
0.446150
0.457275
0.458675
0.461625
0.462350
0.465025
0.475950
0.482825
0.487200
0.501875
0.503725
0.512425
0.514775
0.515425
0.515825
0.520150
0.523600
0.524325
0.535600
0.537875
0.537875
0.544550
0.545900
0.549550
0.551325
0.553975
0.555875
0.559300
0.565425
0.566525
0.568200
0.570375
0.578775
0.583375
0.583650
0.583650
0.592850
0.595625
0.598400
0.599225
0.602125
0.603300
0.604975
0.607050
0.609700
0.610225
0.610475
0.612025
0.613000
0.618550
0.618650
0.620975
0.621500
0.628100
0.632550
0.634975
0.649025
0.650850
0.651700
0.652150
0.655600
0.671750
0.675625
0.677475
0.677500
0.678625
0.680450
0.686650
0.690175
0.695475
0.709025
0.711775
0.712575
0.717000
0.724325
0.746800
0.764225
0.768900
0.771175
0.773650
0.776875
0.778275
0.787275
0.787525
0.787675
0.791375
0.797500
0.801350
0.813875
0.814525
0.821725
0.823100
0.824975
0.828400
0.831825
0.835950
0.847850
0.858125
0.865175
0.868850
0.881125
0.881300
0.888975
0.895100
0.915400
0.931500
0.934300
0.950000
0.957400
0.975325
0.980300
0.994125
0.999125
1.001375
1.004625
1.015950
1.025225
1.060625
1.081650
1.086225
1.090025
1.109925
1.114075
1.128450
1.168175
1.169950
1.201975
1.207100
1.209975
1.214750
1.224700
1.259200
1.259525
1.262975
1.271000
1.290475
1.295700
1.299700
1.305400
1.357275
1.375475
1.376775
1.426625
1.446800
1.516850
1.537875
1.562400
1.595925
1.701825
1.711175
1.784000
1.855075
1.866375
1.899225
2.127325
2.190325
2.213850
252
