0.002550
0.003150
0.005450
0.005450
0.006700
0.007200
0.009750
0.010075
0.024000
0.027225
0.027775
0.029025
0.033175
0.040475
0.041025
0.041650
0.041975
0.042100
0.042500
0.047900
0.052300
0.057275
0.059550
0.069575
0.069600
0.074650
0.078250
0.080500
0.097650
0.109200
0.118750
0.125875
0.126600
0.146775
0.149700
0.155550
0.159675
0.164825
0.171425
0.172050
0.172925
0.174100
0.178750
0.183325
0.184575
0.186475
0.191250
0.200325
0.202550
0.203325
0.203725
0.205575
0.206975
0.209550
0.222600
0.224825
0.247250
0.248025
0.254800
0.256275
0.257125
0.258575
0.259850
0.260550
0.261300
0.264825
0.268150
0.273275
0.275000
0.280000
0.282025
0.285425
0.285700
0.298500
0.301225
0.301500
0.303575
0.309850
0.311925
0.315350
0.318600
0.324050
0.327675
0.334725
0.345050
0.364075
0.366675
0.368700
0.370325
0.378850
0.384400
0.385600
0.389225
0.389550
0.393850
0.406450
0.408625
0.409450
0.413350
0.414625
0.418475
0.423275
0.427975
0.430900
0.439625
0.444025
0.449700
0.454950
0.455250
0.459950
0.460900
0.460900
0.464325
0.467700
0.470025
0.477175
0.479025
0.483225
0.485700
0.497225
0.501100
0.503025
0.505950
0.511200
0.513550
0.523375
0.534500
0.539350
0.543225
0.543425
0.544475
0.547000
0.549675
0.562100
0.563100
0.566325
0.567075
0.568475
0.572125
0.578200
0.580850
0.581650
0.591775
0.595800
0.596125
0.603825
0.616050
0.625150
0.625525
0.634750
0.648100
0.648375
0.648725
0.654250
0.661175
0.666975
0.667900
0.678350
0.682000
0.687575
0.689825
0.695050
0.698475
0.699350
0.702050
0.704300
0.705825
0.706075
0.708675
0.711475
0.718975
0.723100
0.723275
0.734825
0.736450
0.740675
0.743075
0.744400
0.752275
0.753150
0.754275
0.764050
0.771725
0.785450
0.790275
0.796050
0.796300
0.801500
0.803225
0.808650
0.813400
0.832825
0.833200
0.846725
0.848625
0.854525
0.856375
0.863525
0.870725
0.871200
0.874525
0.877025
0.879825
0.883175
0.887325
0.902275
0.907825
0.922825
0.936225
0.936375
0.946050
0.957250
0.959125
0.971600
0.977100
0.984125
0.987700
0.989100
0.990050
0.995275
1.006000
1.016675
1.022675
1.040650
1.074050
1.079650
1.105475
1.119425
1.122325
1.133650
1.157850
1.161850
1.168450
1.198050
1.199600
1.203350
1.210250
1.212625
1.233050
1.240725
1.264525
1.289350
1.313850
1.318450
1.324425
1.333675
1.342625
1.343575
1.411450
1.451075
1.465150
1.479150
1.488400
1.492200
1.606450
1.654550
1.794275
1.801450
1.870900
1.921750
1.962175
2.058850
262
