0.001450
0.001600
0.007100
0.008000
0.013250
0.018350
0.018600
0.021250
0.024025
0.026125
0.030850
0.037075
0.041100
0.051725
0.055625
0.059600
0.070450
0.071275
0.073275
0.074700
0.078825
0.081875
0.087525
0.088300
0.088550
0.112275
0.114325
0.123600
0.128100
0.142200
0.146900
0.153500
0.158675
0.160475
0.166350
0.167450
0.170650
0.176875
0.177775
0.195050
0.195425
0.201850
0.220700
0.222475
0.224200
0.224675
0.241450
0.243675
0.245675
0.245925
0.247150
0.256875
0.260450
0.266200
0.280775
0.289050
0.289325
0.304900
0.307450
0.307625
0.307750
0.309200
0.312525
0.324900
0.326550
0.331525
0.334950
0.338800
0.339200
0.342625
0.348375
0.354075
0.359650
0.359700
0.363975
0.365275
0.367525
0.370150
0.370750
0.383125
0.400050
0.400550
0.413050
0.417425
0.420350
0.425600
0.430425
0.433325
0.439375
0.439425
0.443875
0.447375
0.454350
0.456225
0.456775
0.460050
0.463450
0.471125
0.474550
0.476275
0.486600
0.497875
0.502925
0.507125
0.515250
0.519050
0.519225
0.519800
0.521050
0.526725
0.530775
0.531125
0.536200
0.563250
0.567600
0.568275
0.570950
0.576075
0.577900
0.580525
0.583525
0.600900
0.609775
0.617650
0.625000
0.633700
0.636200
0.639825
0.644650
0.644700
0.646225
0.650475
0.655025
0.660375
0.670025
0.670425
0.672150
0.676825
0.681750
0.682200
0.682400
0.689850
0.694375
0.699475
0.701975
0.707200
0.712950
0.722950
0.732225
0.732975
0.734475
0.744500
0.756950
0.762200
0.763025
0.763525
0.764050
0.783025
0.785200
0.786825
0.790525
0.795350
0.807275
0.807350
0.814775
0.815400
0.825475
0.825775
0.829875
0.841300
0.845000
0.847750
0.853650
0.873025
0.877675
0.884350
0.886125
0.888175
0.889400
0.889500
0.902200
0.915375
0.917925
0.934925
0.939000
0.969150
0.973050
0.981000
1.002650
1.003775
1.014175
1.020925
1.025350
1.034175
1.034525
1.052800
1.086800
1.122300
1.139250
1.143250
1.150525
1.163175
1.170825
1.200450
1.209300
1.278100
1.278900
1.282400
1.287525
1.294725
1.308075
1.310650
1.318225
1.326950
1.382775
1.403275
1.429375
1.437425
1.452250
1.489450
1.508425
1.546650
1.609200
1.657275
1.759800
1.783025
1.867625
1.943700
2.001600
2.090925
2.130000
2.178825
2.203900
233
