0.000175
0.012450
0.014800
0.017500
0.022650
0.024450
0.025625
0.026150
0.027150
0.027275
0.028475
0.032575
0.050600
0.057625
0.058325
0.059250
0.064725
0.067350
0.068425
0.070850
0.074075
0.075825
0.075925
0.087125
0.087625
0.087925
0.089650
0.108150
0.111175
0.118850
0.119050
0.124300
0.128475
0.133650
0.145275
0.145325
0.146650
0.158050
0.168925
0.175475
0.183250
0.184800
0.194625
0.204650
0.210250
0.212575
0.215125
0.216375
0.219250
0.219900
0.227550
0.236250
0.248050
0.259700
0.260325
0.262125
0.264050
0.273175
0.280950
0.281200
0.288025
0.294200
0.294975
0.296975
0.308300
0.316150
0.318850
0.321250
0.322425
0.327150
0.343900
0.349300
0.352575
0.357200
0.357700
0.360350
0.364650
0.378050
0.381475
0.390725
0.392800
0.394025
0.395775
0.401650
0.401725
0.404275
0.408350
0.424875
0.435075
0.437000
0.458325
0.473400
0.477350
0.481100
0.489225
0.492700
0.496950
0.497350
0.510575
0.513900
0.514475
0.516750
0.520450
0.526575
0.529400
0.533750
0.540475
0.544950
0.564025
0.597125
0.606775
0.610975
0.623600
0.624275
0.633725
0.634125
0.634400
0.648550
0.653100
0.653125
0.653150
0.664600
0.666150
0.678275
0.680500
0.687900
0.689125
0.702525
0.703175
0.705675
0.709800
0.710975
0.724100
0.731650
0.733675
0.739300
0.739650
0.740175
0.753675
0.756625
0.761225
0.770175
0.775400
0.778575
0.785500
0.796025
0.797825
0.804300
0.813600
0.817975
0.819300
0.826275
0.828325
0.828475
0.833825
0.853550
0.857050
0.869150
0.869825
0.877000
0.887225
0.892325
0.894550
0.896000
0.896300
0.904050
0.904950
0.906325
0.908250
0.925150
0.928225
0.930300
0.938400
0.945400
0.946175
0.947350
0.963925
0.965525
0.980350
0.989625
1.018825
1.027125
1.037850
1.047575
1.056225
1.057450
1.073325
1.075450
1.096825
1.125525
1.129850
1.158075
1.177550
1.208950
1.219525
1.230150
1.251975
1.253425
1.256350
1.284300
1.285125
1.297875
1.306375
1.389075
1.393100
1.396275
1.425425
1.458500
1.459350
1.486475
1.573525
1.596850
1.602475
1.611850
1.623825
1.643325
1.739975
2.045700
2.053350
2.268125
220
