0.000325
0.017425
0.018525
0.018850
0.020700
0.025700
0.026400
0.028400
0.028425
0.035475
0.037325
0.037475
0.042775
0.046650
0.048025
0.048300
0.061550
0.065475
0.075475
0.079550
0.086025
0.093700
0.110900
0.111175
0.112125
0.114500
0.135425
0.140250
0.152700
0.153125
0.154825
0.160325
0.161950
0.163550
0.164725
0.166950
0.175600
0.199500
0.200350
0.215300
0.220650
0.223525
0.231600
0.233675
0.236500
0.245075
0.246975
0.257050
0.262925
0.264450
0.265875
0.268275
0.270125
0.271600
0.271700
0.278300
0.282750
0.298175
0.298975
0.299025
0.300475
0.313875
0.317200
0.318225
0.321600
0.326850
0.332725
0.332750
0.363750
0.368350
0.369600
0.371575
0.374050
0.381575
0.388750
0.396750
0.399075
0.415200
0.415525
0.419975
0.426300
0.427925
0.431075
0.432000
0.432325
0.434000
0.434250
0.437975
0.439700
0.442800
0.455325
0.466375
0.468125
0.468200
0.468325
0.476900
0.480250
0.482975
0.483900
0.484650
0.485250
0.498050
0.501125
0.509900
0.511375
0.516875
0.521200
0.525325
0.533975
0.536750
0.537525
0.539325
0.540150
0.541200
0.542775
0.560325
0.570050
0.575400
0.575625
0.586450
0.592125
0.604125
0.608550
0.610050
0.618175
0.618600
0.621525
0.623025
0.623650
0.633600
0.646525
0.655000
0.659650
0.668375
0.671475
0.674650
0.679050
0.679250
0.686375
0.690250
0.698575
0.703175
0.707150
0.710375
0.727300
0.733450
0.734075
0.735275
0.736900
0.740825
0.741150
0.741975
0.752875
0.753600
0.763425
0.777800
0.793575
0.794525
0.805325
0.806575
0.806675
0.807325
0.808500
0.817175
0.822975
0.828825
0.839225
0.840300
0.842075
0.844300
0.850550
0.861600
0.870250
0.870850
0.875600
0.875650
0.882225
0.883375
0.884000
0.890800
0.904200
0.912075
0.916850
0.918900
0.922350
0.924125
0.925150
0.927775
0.934750
0.939900
0.944000
0.952525
0.959125
0.960600
0.961700
0.967125
0.968975
0.970650
0.972675
0.977425
0.978825
0.988250
0.988500
0.989350
1.001525
1.006925
1.013700
1.018475
1.054025
1.070100
1.122725
1.124300
1.136550
1.150350
1.180300
1.186650
1.187000
1.190950
1.204750
1.204875
1.211175
1.229325
1.231350
1.235100
1.247425
1.248050
1.262550
1.262975
1.285425
1.286875
1.288100
1.300375
1.308050
1.317975
1.338600
1.340175
1.344800
1.384250
1.391700
1.459625
1.461925
1.485550
1.489525
1.511375
1.513275
1.571775
1.588625
1.591250
1.606275
1.612400
1.613425
1.681900
1.686150
1.712325
1.739025
1.747875
1.751325
1.790575
1.804375
1.996225
2.082475
2.200825
2.232950
2.339925
264
