0.006025
0.020125
0.026125
0.034675
0.039325
0.040000
0.048900
0.051075
0.054550
0.058875
0.065650
0.066225
0.066350
0.070000
0.074125
0.083925
0.085275
0.089150
0.090050
0.097700
0.099075
0.108850
0.110600
0.110825
0.115425
0.131025
0.132550
0.136950
0.157025
0.166175
0.168325
0.176200
0.178250
0.195875
0.199175
0.200000
0.205200
0.208150
0.211125
0.213325
0.230600
0.237675
0.239775
0.247750
0.248225
0.253375
0.255525
0.255750
0.259775
0.261800
0.265000
0.270850
0.277250
0.277850
0.278200
0.289800
0.293975
0.294525
0.297175
0.298475
0.315500
0.317550
0.322400
0.323200
0.334600
0.335225
0.336900
0.341575
0.342100
0.347650
0.353875
0.356900
0.357750
0.358550
0.361550
0.364750
0.373475
0.383175
0.383375
0.391350
0.395300
0.397625
0.397750
0.400100
0.401125
0.401500
0.403150
0.408350
0.414000
0.418775
0.425750
0.432350
0.437600
0.438375
0.439000
0.439100
0.448950
0.454650
0.459825
0.466025
0.480875
0.483800
0.486075
0.490200
0.492075
0.505275
0.510825
0.513300
0.513325
0.519375
0.522500
0.524750
0.537950
0.538650
0.541225
0.546825
0.550450
0.552300
0.555225
0.556325
0.569775
0.573425
0.574425
0.580000
0.580800
0.581950
0.589325
0.589800
0.590625
0.591475
0.598525
0.604775
0.609600
0.615900
0.628000
0.641875
0.644125
0.650225
0.654325
0.654975
0.655250
0.660050
0.664300
0.667425
0.675600
0.677000
0.685100
0.685650
0.695300
0.697025
0.697675
0.698900
0.707525
0.710700
0.711525
0.714525
0.715925
0.720225
0.722650
0.724800
0.729575
0.730000
0.731550
0.734950
0.743725
0.753575
0.755950
0.762750
0.769500
0.775075
0.781025
0.784300
0.786350
0.802425
0.805625
0.819925
0.824275
0.838325
0.844400
0.856925
0.861175
0.863225
0.863700
0.879625
0.888475
0.889525
0.898325
0.899525
0.901650
0.904875
0.906200
0.916550
0.920125
0.930850
0.930875
0.934150
0.936950
0.940625
0.957825
0.967650
0.984300
0.986550
0.991175
0.996050
0.997550
1.048850
1.053375
1.053550
1.056400
1.071000
1.078625
1.084050
1.084800
1.099825
1.112825
1.117900
1.232300
1.233400
1.235600
1.272175
1.274125
1.277875
1.279425
1.279600
1.302975
1.313350
1.317925
1.328850
1.330925
1.350750
1.355825
1.384100
1.400775
1.445575
1.451775
1.493925
1.553850
1.570450
1.633275
1.655000
1.662425
1.712650
1.784525
1.785425
1.918600
1.951900
2.028650
2.065775
248
