0.002900
0.008550
0.010200
0.011850
0.016225
0.023550
0.024050
0.031625
0.037850
0.039975
0.048550
0.050900
0.053950
0.054600
0.056475
0.057400
0.059300
0.068275
0.069225
0.089500
0.094100
0.094150
0.095675
0.099800
0.105200
0.108150
0.115550
0.117325
0.119975
0.120550
0.122925
0.124575
0.125200
0.125200
0.128875
0.130800
0.138775
0.141025
0.146975
0.156225
0.157150
0.159875
0.162475
0.164350
0.174800
0.184150
0.184750
0.189700
0.193275
0.199100
0.200000
0.207800
0.224125
0.225825
0.256175
0.256375
0.256975
0.265625
0.265775
0.266850
0.281050
0.287075
0.292475
0.296325
0.298250
0.301125
0.307100
0.309675
0.323675
0.336200
0.337000
0.346575
0.348925
0.352125
0.354300
0.357875
0.364500
0.371075
0.373225
0.376675
0.377225
0.377400
0.383850
0.389575
0.398000
0.402200
0.409350
0.422750
0.427050
0.435525
0.446425
0.448100
0.449375
0.449575
0.458375
0.459800
0.460050
0.460900
0.461700
0.463050
0.473725
0.491050
0.495125
0.495700
0.498050
0.499950
0.502300
0.517325
0.522500
0.529850
0.531850
0.544775
0.546025
0.553450
0.559475
0.561000
0.561325
0.568250
0.569800
0.570225
0.570325
0.571175
0.572950
0.574200
0.574450
0.576900
0.582425
0.584900
0.585725
0.589300
0.589325
0.589800
0.592050
0.595625
0.599175
0.601825
0.603300
0.606175
0.613575
0.632050
0.645975
0.649850
0.655075
0.656175
0.659500
0.671800
0.674850
0.682450
0.685425
0.685875
0.692700
0.706475
0.709225
0.713300
0.718525
0.724725
0.729700
0.731150
0.732000
0.740750
0.744725
0.756575
0.757400
0.757975
0.761100
0.770325
0.779475
0.779700
0.784750
0.794425
0.796125
0.803000
0.803025
0.813200
0.819275
0.822150
0.828050
0.832675
0.838375
0.857000
0.857250
0.857300
0.864300
0.864925
0.894150
0.899200
0.899625
0.913275
0.914125
0.922025
0.922725
0.928550
0.929025
0.931775
0.956900
0.959525
0.970075
0.970425
0.978625
0.984125
0.987150
0.998475
0.999900
1.006450
1.009375
1.011200
1.013625
1.021900
1.027775
1.030575
1.031350
1.031450
1.040475
1.058775
1.070625
1.078650
1.079800
1.084525
1.098125
1.108200
1.108625
1.112250
1.113975
1.123600
1.124200
1.131500
1.163925
1.177125
1.184025
1.205075
1.214250
1.255175
1.265625
1.272325
1.293300
1.300325
1.327775
1.338525
1.351400
1.360975
1.366700
1.377925
1.380425
1.389400
1.410650
1.414975
1.438175
1.440850
1.458050
1.477975
1.507800
1.700225
1.756725
1.993375
2.246775
2.291150
2.333550
257
