0.002775
0.006850
0.007175
0.026450
0.031600
0.039425
0.043525
0.047050
0.048575
0.048750
0.050800
0.062775
0.063775
0.075725
0.075750
0.078575
0.079525
0.088725
0.093375
0.098400
0.113775
0.116200
0.123900
0.129725
0.137675
0.160275
0.165675
0.167725
0.173925
0.176575
0.177825
0.189875
0.193575
0.196675
0.201575
0.212225
0.212775
0.213500
0.218175
0.224275
0.225350
0.245750
0.263175
0.263900
0.265100
0.267925
0.273050
0.274825
0.275675
0.285125
0.297075
0.311550
0.324800
0.326075
0.328525
0.334225
0.336175
0.341325
0.342475
0.348075
0.349000
0.353725
0.363400
0.364025
0.364450
0.364925
0.366925
0.370125
0.374800
0.379775
0.392800
0.397825
0.398725
0.400450
0.401825
0.403400
0.405650
0.413250
0.414750
0.421725
0.424550
0.433975
0.439425
0.439775
0.439925
0.442650
0.446975
0.458950
0.460175
0.463425
0.470875
0.477550
0.477650
0.481100
0.485400
0.488800
0.490925
0.493325
0.493400
0.495175
0.499800
0.501525
0.502950
0.515575
0.516125
0.516700
0.517975
0.533425
0.535025
0.543025
0.551525
0.558875
0.563925
0.574250
0.575700
0.591025
0.593900
0.598150
0.607050
0.608900
0.610450
0.611200
0.621150
0.638225
0.639250
0.642800
0.643475
0.645000
0.647500
0.649775
0.669325
0.677675
0.680700
0.688225
0.694200
0.694525
0.707150
0.711725
0.719750
0.720975
0.724250
0.728850
0.729425
0.736350
0.744050
0.745750
0.760500
0.766175
0.772375
0.782725
0.788875
0.790475
0.797150
0.823975
0.824300
0.840850
0.853475
0.861825
0.869525
0.887875
0.890675
0.900400
0.905125
0.911350
0.911575
0.956600
0.963175
0.964850
0.969425
0.974225
0.976525
0.988925
0.993225
1.001975
1.008575
1.015500
1.038375
1.039350
1.046350
1.071875
1.072425
1.074350
1.075725
1.080875
1.102525
1.102925
1.119125
1.124850
1.128450
1.138800
1.153200
1.163575
1.184225
1.225525
1.255525
1.314000
1.316700
1.322625
1.325575
1.343600
1.349075
1.388025
1.392175
1.423750
1.437300
1.492275
1.524100
1.524250
1.688650
1.750100
1.784900
1.845125
1.882750
1.900050
1.973500
2.078850
2.225425
217
