0.000775
0.005125
0.006125
0.007500
0.010525
0.015550
0.021800
0.027200
0.029125
0.029150
0.030275
0.031300
0.032550
0.045275
0.068250
0.070275
0.070525
0.077675
0.080425
0.087825
0.088825
0.093850
0.106650
0.108075
0.112200
0.121125
0.121900
0.122000
0.123050
0.127725
0.130900
0.131575
0.135000
0.154575
0.163025
0.163900
0.171875
0.175275
0.178775
0.179025
0.181500
0.189050
0.192925
0.194725
0.204500
0.207975
0.208725
0.221700
0.223425
0.227675
0.228225
0.229050
0.231625
0.236500
0.238300
0.245300
0.249600
0.250925
0.251650
0.269475
0.272575
0.272875
0.283425
0.287250
0.288725
0.289750
0.296750
0.314950
0.316550
0.318925
0.323225
0.324450
0.326650
0.336425
0.347800
0.348150
0.348600
0.358900
0.364700
0.375075
0.381250
0.389075
0.391050
0.395550
0.399900
0.405475
0.406250
0.406525
0.408300
0.413350
0.419950
0.422275
0.422500
0.424800
0.428575
0.429400
0.431200
0.432325
0.438950
0.441675
0.444900
0.462975
0.473975
0.475300
0.480500
0.484325
0.484700
0.486175
0.487150
0.497550
0.497825
0.501525
0.501925
0.506125
0.506600
0.507000
0.510300
0.511750
0.514825
0.520400
0.521150
0.524825
0.525325
0.529575
0.531975
0.539200
0.548200
0.553525
0.556550
0.566950
0.567025
0.574100
0.575325
0.575750
0.576700
0.577575
0.580325
0.591500
0.605400
0.610800
0.613500
0.618900
0.620550
0.621625
0.624175
0.626925
0.630700
0.631500
0.634025
0.643125
0.663800
0.665800
0.666025
0.669025
0.672425
0.674025
0.683000
0.687600
0.696925
0.700150
0.700925
0.702125
0.704400
0.705250
0.711075
0.716400
0.721700
0.728200
0.738800
0.742800
0.760075
0.764325
0.769850
0.775800
0.777050
0.782725
0.783875
0.784100
0.796950
0.797125
0.803625
0.806325
0.806375
0.849925
0.860950
0.873350
0.878450
0.879300
0.880475
0.884050
0.892050
0.906950
0.907875
0.910425
0.919200
0.921025
0.940875
0.949600
0.951575
0.956700
0.961075
0.962400
0.968450
0.970475
0.970675
0.979425
0.992700
1.012300
1.017900
1.021500
1.042400
1.064325
1.065275
1.069500
1.087825
1.102625
1.128025
1.132950
1.138075
1.150250
1.192450
1.193300
1.195725
1.204150
1.207950
1.211500
1.218675
1.255575
1.288150
1.306400
1.312050
1.322775
1.338925
1.356175
1.357125
1.371050
1.375875
1.394075
1.397100
1.465925
1.492550
1.518025
1.519525
1.520550
1.543525
1.553100
1.606675
1.658525
1.673550
1.673975
1.713225
1.733350
1.741475
1.822025
1.863650
1.875900
2.159275
2.195375
258
