0.001500
0.008725
0.010625
0.014650
0.015075
0.020350
0.020900
0.023550
0.024450
0.024600
0.034000
0.035450
0.036500
0.038175
0.044000
0.046225
0.048375
0.048600
0.057200
0.069900
0.072175
0.080625
0.082325
0.085525
0.098750
0.101675
0.105325
0.110375
0.112275
0.128500
0.130850
0.142550
0.151725
0.156500
0.159850
0.160600
0.162700
0.163775
0.163875
0.172525
0.173250
0.174500
0.179550
0.187600
0.194325
0.195125
0.197525
0.202225
0.202225
0.207725
0.213575
0.218575
0.231525
0.232650
0.235375
0.235950
0.237425
0.240900
0.248100
0.252600
0.259175
0.262275
0.269325
0.293125
0.297275
0.300850
0.320150
0.321625
0.321825
0.324925
0.326725
0.328625
0.346125
0.358250
0.360025
0.363200
0.366350
0.367725
0.371100
0.372725
0.382400
0.387825
0.389675
0.393425
0.404575
0.411425
0.416075
0.416125
0.421200
0.424600
0.434050
0.435950
0.436425
0.445475
0.449125
0.449125
0.452900
0.453950
0.460725
0.463025
0.463900
0.468125
0.468950
0.471025
0.473300
0.490300
0.491600
0.491600
0.494500
0.498325
0.501375
0.501525
0.502100
0.506675
0.511800
0.519200
0.520500
0.527575
0.528250
0.531425
0.545275
0.546250
0.557325
0.559625
0.559750
0.566125
0.569975
0.574075
0.594475
0.595000
0.605675
0.619775
0.622025
0.626625
0.637625
0.640925
0.649475
0.650500
0.653575
0.664425
0.665150
0.674425
0.676250
0.677625
0.680400
0.694775
0.710050
0.712025
0.717175
0.717375
0.718125
0.720475
0.721225
0.730450
0.733525
0.750450
0.755250
0.763675
0.766450
0.770075
0.775150
0.777550
0.782325
0.788050
0.800500
0.805950
0.809075
0.811125
0.823375
0.823925
0.829675
0.834925
0.836000
0.839075
0.839150
0.851325
0.863075
0.866500
0.867075
0.869025
0.885275
0.897225
0.898925
0.905475
0.906525
0.910350
0.916450
0.920950
0.930575
0.935300
0.935775
0.945750
0.955625
0.959650
0.966025
0.980525
0.983175
0.988175
1.008775
1.017450
1.023600
1.028825
1.032300
1.040225
1.040375
1.043250
1.049025
1.051750
1.052375
1.054550
1.098025
1.134450
1.158900
1.179850
1.181825
1.204425
1.223100
1.224025
1.237350
1.252475
1.276725
1.277700
1.286250
1.310500
1.327375
1.343175
1.348525
1.363050
1.363125
1.374875
1.381400
1.400125
1.440250
1.455450
1.478250
1.510975
1.561400
1.569975
1.602275
1.623200
1.627050
1.673425
1.727850
1.741125
1.758875
1.976475
1.994100
2.078600
2.361025
2.363225
250
