0.000725
0.012125
0.015225
0.017750
0.027450
0.039550
0.048000
0.051325
0.051550
0.058025
0.061950
0.080425
0.081475
0.083375
0.086950
0.090625
0.116700
0.118600
0.119950
0.130800
0.133925
0.134200
0.140275
0.157675
0.158600
0.161350
0.162550
0.167700
0.187600
0.191025
0.192175
0.205250
0.209100
0.210950
0.229550
0.233650
0.236175
0.243175
0.244800
0.245750
0.247025
0.247850
0.251775
0.261225
0.263250
0.270300
0.272075
0.272575
0.276700
0.280075
0.280600
0.280850
0.288400
0.293500
0.300300
0.301725
0.315475
0.325850
0.328075
0.338975
0.342450
0.347575
0.357200
0.357850
0.369275
0.379175
0.384350
0.393125
0.396300
0.397800
0.398625
0.401425
0.403875
0.407400
0.410500
0.422775
0.424950
0.430950
0.435700
0.438725
0.440500
0.444175
0.445750
0.448250
0.448575
0.453850
0.460875
0.467000
0.467600
0.468100
0.470225
0.470475
0.474050
0.474350
0.475550
0.479675
0.480000
0.485800
0.488100
0.494600
0.499350
0.503525
0.513100
0.524925
0.525550
0.530650
0.531500
0.536400
0.537225
0.541075
0.545625
0.546025
0.546600
0.553325
0.559700
0.561200
0.563900
0.564600
0.567925
0.569225
0.571850
0.574425
0.576325
0.584100
0.591325
0.594100
0.595675
0.601350
0.603800
0.604050
0.618800
0.629150
0.629225
0.631275
0.634150
0.636775
0.648400
0.649625
0.658100
0.658125
0.662700
0.664725
0.671000
0.674050
0.686700
0.694225
0.697800
0.711650
0.714950
0.719725
0.727875
0.728375
0.748775
0.756600
0.758400
0.762125
0.766700
0.770850
0.773025
0.776425
0.778100
0.784025
0.784550
0.789125
0.789375
0.794575
0.799925
0.800700
0.802750
0.816950
0.817850
0.819475
0.821550
0.826400
0.833825
0.836600
0.859250
0.863800
0.863975
0.876000
0.895150
0.897450
0.903200
0.904275
0.914900
0.919100
0.946275
0.949550
0.952975
0.959850
0.983000
0.988000
0.993450
0.997400
1.003575
1.008550
1.010675
1.018750
1.033475
1.034000
1.039450
1.043300
1.052475
1.056050
1.057025
1.066600
1.078125
1.079250
1.096900
1.112400
1.121700
1.123475
1.144000
1.145500
1.172650
1.191325
1.194300
1.200350
1.201825
1.212900
1.221875
1.230950
1.243625
1.263400
1.306350
1.332125
1.405125
1.428350
1.436800
1.455075
1.491450
1.572925
1.602000
1.660625
1.661650
1.663650
1.668975
1.685150
1.731075
1.734225
1.898925
1.921350
242
