0.002775
0.005425
0.007975
0.013975
0.024300
0.025925
0.034900
0.038700
0.040075
0.049275
0.050475
0.057625
0.057775
0.058400
0.065050
0.091175
0.091625
0.099150
0.100550
0.104325
0.111725
0.118825
0.119800
0.129850
0.140125
0.141350
0.145875
0.149000
0.155175
0.158500
0.159350
0.162875
0.175300
0.185100
0.193775
0.197700
0.199100
0.203825
0.207400
0.209625
0.209925
0.209950
0.212325
0.226100
0.231050
0.234325
0.235150
0.240200
0.245650
0.247500
0.250725
0.261625
0.262175
0.266050
0.271625
0.271775
0.274925
0.279150
0.280800
0.285625
0.289275
0.291775
0.292950
0.293725
0.303525
0.306050
0.308825
0.309175
0.314200
0.314300
0.324850
0.325700
0.327100
0.333750
0.339975
0.340800
0.342200
0.342325
0.342450
0.353800
0.365650
0.365775
0.366775
0.370450
0.373050
0.375200
0.376375
0.379975
0.387125
0.401525
0.406175
0.409025
0.412175
0.418925
0.419800
0.421100
0.432800
0.434750
0.438775
0.463550
0.465000
0.471750
0.472925
0.476675
0.496475
0.499125
0.501300
0.502350
0.504800
0.515950
0.516825
0.519800
0.524075
0.525675
0.529200
0.529925
0.534625
0.535600
0.540700
0.542375
0.544025
0.553450
0.553850
0.556825
0.557175
0.563325
0.568800
0.571075
0.576525
0.580025
0.584825
0.587350
0.588325
0.590250
0.593050
0.597900
0.599125
0.604925
0.605700
0.609125
0.609950
0.611700
0.615325
0.615575
0.620675
0.622475
0.634275
0.637375
0.638975
0.644575
0.645125
0.651475
0.659000
0.659200
0.667300
0.668600
0.680100
0.698275
0.703900
0.716125
0.722425
0.728100
0.730100
0.732925
0.734275
0.742775
0.747375
0.750100
0.771500
0.776250
0.784025
0.786125
0.801475
0.805075
0.806625
0.817775
0.823700
0.831025
0.855450
0.856050
0.857625
0.859900
0.860975
0.862000
0.869700
0.873425
0.877650
0.883675
0.885050
0.886825
0.894775
0.895250
0.898675
0.899800
0.902200
0.902325
0.903100
0.904425
0.913975
0.919075
0.922300
0.926875
0.927700
0.947000
0.951900
0.953250
0.965850
0.972575
0.973725
0.976900
0.980450
0.996925
0.997100
1.002100
1.006825
1.008875
1.018275
1.028975
1.044125
1.047275
1.059375
1.062800
1.073575
1.080900
1.095300
1.099350
1.134825
1.141525
1.175800
1.178875
1.181900
1.186025
1.206925
1.215850
1.215850
1.222525
1.224225
1.233550
1.266000
1.279450
1.349625
1.363325
1.428525
1.460275
1.461075
1.469500
1.489000
1.493725
1.500100
1.515250
1.737425
1.768375
2.035400
2.100725
2.156300
2.261175
2.441325
257
