0.002625
0.011450
0.012800
0.012825
0.017150
0.017650
0.018575
0.033950
0.033975
0.036100
0.059000
0.061425
0.062075
0.067350
0.073400
0.087175
0.089600
0.090800
0.092625
0.104300
0.110875
0.112000
0.112550
0.112850
0.119425
0.119500
0.120775
0.135450
0.135500
0.136950
0.137475
0.150050
0.150425
0.154100
0.160225
0.164925
0.166325
0.167975
0.169600
0.175600
0.184250
0.187300
0.193900
0.203150
0.208800
0.210800
0.210950
0.214275
0.224450
0.224525
0.228025
0.235550
0.236250
0.245550
0.247825
0.249875
0.253350
0.253500
0.254650
0.256075
0.258025
0.262225
0.271925
0.288875
0.289675
0.290225
0.295450
0.296000
0.298125
0.305125
0.310350
0.313550
0.317750
0.318750
0.324425
0.329325
0.331000
0.331800
0.332225
0.341000
0.355750
0.357075
0.358600
0.358700
0.360275
0.364350
0.370550
0.373000
0.381475
0.382800
0.383350
0.388850
0.392475
0.393125
0.394625
0.396350
0.414650
0.415400
0.422250
0.422300
0.422675
0.427500
0.430250
0.439975
0.453950
0.454950
0.465300
0.468650
0.470925
0.474000
0.474025
0.475450
0.481775
0.488175
0.494475
0.494975
0.496150
0.502425
0.506150
0.509375
0.517475
0.523250
0.523475
0.523625
0.544700
0.548725
0.552950
0.554375
0.558575
0.560250
0.560275
0.570475
0.574350
0.575650
0.576475
0.581475
0.588925
0.591450
0.616175
0.623525
0.625650
0.628450
0.637625
0.639175
0.640975
0.647125
0.651300
0.652750
0.652750
0.654225
0.660150
0.660200
0.665400
0.665475
0.668175
0.668875
0.669250
0.671600
0.673700
0.675950
0.696800
0.707650
0.708325
0.725700
0.726175
0.734075
0.741950
0.754500
0.754600
0.769275
0.779650
0.786175
0.791300
0.793600
0.799900
0.803650
0.809025
0.810500
0.811000
0.811275
0.813275
0.833675
0.854925
0.857675
0.865325
0.867850
0.870700
0.870700
0.875925
0.888525
0.916525
0.958225
0.972725
0.979550
0.979825
0.987325
0.988125
0.994450
1.005400
1.015950
1.023600
1.030700
1.038125
1.038900
1.039600
1.046300
1.053925
1.066650
1.080800
1.086475
1.099875
1.111075
1.114450
1.136000
1.141075
1.144825
1.156600
1.163525
1.174075
1.180150
1.204650
1.226800
1.255750
1.291175
1.324875
1.328700
1.342500
1.344550
1.350025
1.381275
1.424625
1.442775
1.474775
1.490725
1.586675
1.598625
1.894150
1.977250
1.980500
2.007325
2.014300
2.089325
2.143325
2.201425
244
