0.000725
0.011575
0.019525
0.019675
0.027775
0.032825
0.032875
0.034975
0.038200
0.039250
0.039500
0.047200
0.053275
0.058000
0.063825
0.071225
0.071525
0.076400
0.081075
0.084450
0.086525
0.095825
0.096275
0.106425
0.107800
0.125000
0.127875
0.128075
0.128275
0.128450
0.136675
0.138125
0.142200
0.143000
0.146300
0.148450
0.153425
0.157400
0.162825
0.167250
0.174000
0.176825
0.180425
0.196075
0.196275
0.196500
0.197675
0.202500
0.207475
0.213300
0.214000
0.216600
0.217800
0.219600
0.227875
0.232350
0.232575
0.244825
0.249700
0.252275
0.261475
0.264600
0.264950
0.269025
0.270250
0.273375
0.274875
0.280500
0.283000
0.284350
0.286250
0.286525
0.287025
0.289475
0.295450
0.296525
0.301850
0.307925
0.308425
0.309750
0.311650
0.312475
0.313000
0.314650
0.315450
0.321400
0.328825
0.338375
0.354075
0.354950
0.358475
0.368650
0.373300
0.373800
0.374950
0.376875
0.386675
0.386900
0.394100
0.401150
0.410025
0.418650
0.429675
0.436300
0.438275
0.438475
0.447050
0.455700
0.465375
0.472825
0.473100
0.481350
0.485350
0.485600
0.490350
0.498800
0.507025
0.513450
0.516800
0.519500
0.522150
0.530450
0.534475
0.538500
0.546125
0.555200
0.567350
0.580725
0.590500
0.591650
0.594125
0.596825
0.597750
0.600900
0.613900
0.625925
0.626900
0.631875
0.632825
0.634850
0.637250
0.641325
0.645725
0.650225
0.651750
0.652000
0.652350
0.659225
0.659750
0.664525
0.681425
0.683600
0.685350
0.686250
0.690925
0.692650
0.696100
0.699875
0.700550
0.702375
0.710650
0.711675
0.721075
0.722175
0.725325
0.728675
0.733100
0.736100
0.738150
0.740775
0.743625
0.749625
0.762850
0.772025
0.775100
0.776800
0.779325
0.783675
0.785725
0.790575
0.793125
0.796900
0.811475
0.813450
0.820875
0.830975
0.831025
0.831400
0.835200
0.841750
0.844775
0.846125
0.855775
0.855875
0.861075
0.874025
0.876175
0.879625
0.880750
0.885650
0.899850
0.902300
0.919025
0.931800
0.934275
0.938050
0.938600
0.939200
0.943300
0.943375
0.954400
0.958900
0.972425
0.977050
0.978025
0.978925
0.986650
0.998775
1.002975
1.008700
1.013150
1.014075
1.033775
1.034525
1.036475
1.044450
1.045800
1.060250
1.064850
1.076525
1.079475
1.080625
1.080875
1.082225
1.104675
1.105825
1.111825
1.132950
1.151925
1.154825
1.157700
1.176775
1.204175
1.217700
1.251950
1.256575
1.277275
1.281900
1.286100
1.294675
1.308950
1.316125
1.330850
1.343475
1.344850
1.360275
1.364375
1.365675
1.367750
1.371500
1.404050
1.412800
1.486975
1.488675
1.502575
1.519225
1.539775
1.556900
1.559625
1.589825
1.591525
1.592650
1.625625
1.666425
1.693975
1.724175
1.746075
1.794925
1.877150
1.880450
1.903225
1.952450
282
