0.001500
0.005250
0.016450
0.017100
0.020600
0.033375
0.043750
0.051225
0.054950
0.058150
0.074400
0.081675
0.086175
0.087325
0.092275
0.096375
0.100375
0.105500
0.107675
0.109650
0.111350
0.113800
0.116675
0.119825
0.121025
0.128650
0.132800
0.140625
0.149125
0.155250
0.155550
0.157350
0.165175
0.166275
0.171525
0.175050
0.179725
0.184275
0.191150
0.198525
0.201200
0.203775
0.213975
0.215500
0.220750
0.221150
0.223350
0.225700
0.231725
0.234075
0.236350
0.239750
0.249975
0.250875
0.253075
0.262900
0.264950
0.266025
0.266025
0.269700
0.270575
0.271225
0.272200
0.276925
0.277900
0.285900
0.291725
0.296250
0.296450
0.296950
0.298200
0.300350
0.304800
0.305900
0.311200
0.313200
0.318150
0.328050
0.332700
0.342575
0.346475
0.348525
0.354425
0.359600
0.363650
0.367750
0.375950
0.379200
0.383375
0.388825
0.399625
0.408825
0.415300
0.417300
0.421950
0.426075
0.426100
0.431050
0.431725
0.436325
0.436750
0.449875
0.451600
0.457300
0.460875
0.469250
0.485975
0.491825
0.499050
0.501425
0.505575
0.507950
0.508675
0.512625
0.515275
0.517050
0.517475
0.518700
0.534350
0.535475
0.539550
0.541225
0.553750
0.554500
0.566850
0.569575
0.573175
0.573875
0.581350
0.582475
0.584525
0.590375
0.591350
0.591750
0.592025
0.592075
0.593450
0.609125
0.614700
0.616875
0.618175
0.620025
0.622050
0.625725
0.635525
0.641275
0.646125
0.646450
0.651325
0.651450
0.656450
0.659600
0.659950
0.661275
0.661875
0.666125
0.667125
0.667925
0.671275
0.672875
0.682700
0.692500
0.697475
0.703375
0.707775
0.709850
0.714175
0.717425
0.722500
0.736900
0.741200
0.746100
0.748250
0.774400
0.781725
0.785400
0.786950
0.788275
0.794725
0.796925
0.798750
0.809075
0.819350
0.820525
0.826075
0.827975
0.829225
0.838850
0.839550
0.840600
0.842425
0.846575
0.853050
0.853900
0.861450
0.863575
0.867950
0.876325
0.888250
0.892875
0.892925
0.895875
0.899225
0.899450
0.903100
0.904525
0.907525
0.908800
0.923250
0.934650
0.954325
0.956325
0.958775
0.966375
0.974075
0.986200
0.995725
1.001975
1.004250
1.017375
1.022950
1.029350
1.038725
1.041925
1.055700
1.077250
1.080275
1.090475
1.095825
1.114000
1.114575
1.130600
1.134225
1.143725
1.152375
1.165475
1.183900
1.187925
1.202200
1.219650
1.227175
1.312575
1.322875
1.330925
1.338925
1.346700
1.358825
1.388125
1.438700
1.455875
1.461850
1.492100
1.503775
1.514600
1.525475
1.546050
1.585875
1.606275
1.609900
1.614050
1.637225
1.642400
1.677250
1.719175
1.759450
1.760650
1.790025
1.865700
2.013075
2.213775
270
