0.003000
0.004350
0.005575
0.014825
0.015600
0.021175
0.023825
0.025775
0.026775
0.038450
0.039125
0.052975
0.055325
0.055600
0.055975
0.057975
0.059800
0.063375
0.065275
0.068400
0.068750
0.070900
0.075825
0.078500
0.079700
0.080250
0.081250
0.082225
0.087950
0.094125
0.098800
0.103000
0.109200
0.109950
0.120400
0.122675
0.124375
0.125550
0.126450
0.130200
0.132500
0.137950
0.138400
0.139775
0.145450
0.147025
0.157575
0.163975
0.166675
0.175675
0.177850
0.178225
0.178675
0.184000
0.188200
0.199525
0.200175
0.201150
0.202625
0.205300
0.214325
0.214575
0.215475
0.215650
0.221375
0.229425
0.229675
0.229775
0.230000
0.242625
0.245675
0.253475
0.256550
0.256725
0.258725
0.260650
0.262075
0.266400
0.269775
0.274050
0.275225
0.277650
0.279475
0.285500
0.310300
0.313825
0.317975
0.318150
0.321700
0.323775
0.325675
0.334500
0.335075
0.341650
0.343425
0.347125
0.353925
0.355500
0.362250
0.362425
0.373150
0.373425
0.375150
0.376125
0.385775
0.391275
0.409825
0.416325
0.419125
0.420400
0.420950
0.423150
0.424225
0.424425
0.440500
0.441700
0.442075
0.442350
0.460675
0.473100
0.484650
0.485925
0.509775
0.513025
0.515775
0.526475
0.531350
0.536575
0.546625
0.547950
0.548375
0.548550
0.549000
0.554075
0.559125
0.560175
0.562950
0.566725
0.570575
0.576725
0.580450
0.584350
0.590425
0.596125
0.602425
0.606350
0.609725
0.612950
0.615100
0.617050
0.625900
0.627275
0.627550
0.628725
0.640375
0.644575
0.649800
0.655550
0.655725
0.658600
0.658825
0.662550
0.662625
0.670800
0.680450
0.682200
0.685475
0.688550
0.697525
0.697725
0.697975
0.703075
0.708425
0.708600
0.714875
0.718325
0.720250
0.721075
0.724525
0.735950
0.739900
0.745775
0.748975
0.750025
0.752200
0.752875
0.761350
0.761600
0.762800
0.767625
0.774675
0.785975
0.788725
0.789500
0.791000
0.792625
0.797400
0.797700
0.798250
0.798300
0.810900
0.815450
0.820675
0.821525
0.822150
0.831025
0.831950
0.839950
0.847275
0.847900
0.853500
0.861275
0.873825
0.877275
0.881675
0.888125
0.894075
0.896825
0.898100
0.900775
0.909975
0.916325
0.916425
0.919975
0.928975
0.934475
0.934675
0.941175
0.942975
0.949050
0.986600
0.999125
1.008075
1.018625
1.068425
1.068850
1.080425
1.082650
1.086025
1.090125
1.090775
1.095650
1.106325
1.117400
1.119175
1.126100
1.130025
1.170325
1.175375
1.185800
1.194775
1.243125
1.297250
1.310325
1.319925
1.397975
1.417250
1.459800
1.526350
1.539925
1.616150
1.632900
1.690175
2.116900
2.394000
2.434175
266
