0.001475
0.002025
0.005250
0.006000
0.009000
0.009200
0.011050
0.012375
0.018575
0.020275
0.025075
0.025400
0.027350
0.031750
0.032100
0.038525
0.038700
0.040225
0.041100
0.061625
0.076625
0.077375
0.083150
0.084350
0.084675
0.100700
0.103075
0.103825
0.110800
0.120125
0.122750
0.123500
0.124300
0.124650
0.125200
0.126975
0.130600
0.131175
0.132550
0.132575
0.137250
0.143975
0.146975
0.147175
0.151600
0.151900
0.154650
0.170500
0.172000
0.174925
0.183225
0.189700
0.193125
0.193725
0.202100
0.207950
0.210950
0.211350
0.233875
0.234125
0.245225
0.246000
0.247150
0.258000
0.260300
0.262450
0.271750
0.275325
0.275350
0.275600
0.282250
0.286625
0.295050
0.295800
0.300675
0.306975
0.312400
0.313200
0.320475
0.323625
0.331200
0.337800
0.339775
0.351650
0.355650
0.356125
0.365925
0.366400
0.373600
0.375725
0.385050
0.389075
0.392075
0.393550
0.394975
0.399025
0.407975
0.419875
0.420250
0.422575
0.425950
0.432150
0.436450
0.448450
0.449225
0.452025
0.452625
0.456975
0.459450
0.460600
0.463075
0.467800
0.480625
0.482400
0.497475
0.504300
0.506150
0.512900
0.518625
0.518850
0.524800
0.530125
0.538900
0.549200
0.549250
0.549700
0.553300
0.554800
0.556675
0.556950
0.559075
0.560875
0.567775
0.568150
0.575550
0.585325
0.586600
0.586875
0.589250
0.593025
0.593300
0.596025
0.606250
0.614025
0.616525
0.620075
0.622975
0.623275
0.627750
0.630150
0.632950
0.635575
0.637750
0.642125
0.642200
0.645150
0.647225
0.652450
0.653450
0.663775
0.667900
0.668075
0.668825
0.670475
0.673575
0.675925
0.681025
0.681325
0.681525
0.682400
0.684600
0.695225
0.695400
0.700150
0.712350
0.714400
0.721750
0.732875
0.734425
0.740300
0.740525
0.748075
0.754500
0.759025
0.765925
0.772100
0.786275
0.790975
0.793925
0.797950
0.804475
0.811750
0.827475
0.830100
0.831125
0.834650
0.839400
0.854650
0.858900
0.866475
0.870025
0.873750
0.876025
0.899600
0.904225
0.905125
0.911825
0.923575
0.928375
0.928375
0.954425
0.955950
0.957050
0.963275
0.972825
0.982000
0.984125
0.998675
1.001200
1.010175
1.011150
1.020450
1.022400
1.026950
1.029650
1.032575
1.038350
1.041500
1.049950
1.055100
1.057775
1.063225
1.072075
1.089350
1.095600
1.108225
1.141350
1.149600
1.158225
1.185750
1.216975
1.255275
1.257450
1.257700
1.268925
1.277375
1.277575
1.314575
1.321350
1.346375
1.354675
1.355750
1.394775
1.401975
1.403650
1.418500
1.448350
1.495300
1.520975
1.522300
1.556650
1.574500
1.576325
1.634050
1.661675
1.666350
1.674450
1.685350
1.868550
2.100675
2.341375
271
