0.001575
0.009875
0.019025
0.021725
0.026100
0.028875
0.029975
0.033550
0.034650
0.041750
0.044700
0.046025
0.053450
0.061250
0.064225
0.068050
0.069925
0.072650
0.078750
0.080275
0.083450
0.083550
0.084925
0.086450
0.099925
0.104300
0.114000
0.117225
0.125725
0.132725
0.138300
0.150900
0.182325
0.183450
0.185400
0.189250
0.193825
0.196400
0.196500
0.198600
0.198700
0.202750
0.202975
0.204175
0.204650
0.206075
0.211850
0.218525
0.218800
0.220625
0.221825
0.224200
0.235175
0.239475
0.247750
0.251950
0.258450
0.265575
0.266200
0.276025
0.280475
0.282050
0.282300
0.282350
0.283400
0.283850
0.304400
0.320675
0.324100
0.326950
0.339075
0.346075
0.346300
0.352150
0.353875
0.361475
0.362500
0.365650
0.369975
0.376150
0.377175
0.379250
0.381025
0.381250
0.393675
0.395150
0.401300
0.401375
0.431125
0.438775
0.447400
0.455750
0.457225
0.458225
0.468075
0.473200
0.483075
0.489775
0.490350
0.495700
0.500875
0.502200
0.508675
0.512800
0.519575
0.522600
0.532350
0.534675
0.557400
0.561375
0.579225
0.580375
0.580475
0.593150
0.594900
0.596400
0.613950
0.620175
0.625025
0.625500
0.626000
0.629650
0.630925
0.630925
0.634775
0.635125
0.637625
0.645000
0.657575
0.659325
0.660350
0.662700
0.672625
0.674675
0.675000
0.675775
0.680125
0.686775
0.704875
0.704925
0.705175
0.706650
0.709625
0.713375
0.717300
0.731400
0.737300
0.738725
0.744000
0.757750
0.767925
0.776400
0.782100
0.783250
0.785725
0.792050
0.792100
0.795175
0.800225
0.803975
0.808850
0.814375
0.814525
0.816550
0.820075
0.836900
0.838350
0.844875
0.845125
0.845675
0.851300
0.854150
0.855375
0.857900
0.861900
0.863750
0.876525
0.895850
0.899825
0.904600
0.918275
0.938050
0.942575
0.943925
0.944325
0.946150
0.952425
0.953250
0.955125
0.972850
1.017050
1.019475
1.045825
1.048575
1.067675
1.073475
1.075050
1.079775
1.083475
1.096025
1.099400
1.102525
1.123025
1.140475
1.147925
1.155125
1.169225
1.171850
1.195475
1.215725
1.228600
1.267350
1.283175
1.296200
1.323150
1.328875
1.343775
1.370500
1.378700
1.384600
1.424950
1.427925
1.430000
1.454400
1.469725
1.471450
1.471650
1.519850
1.528550
1.550275
1.550375
1.597375
1.602375
1.624150
1.675075
1.702225
1.729150
1.751025
1.806150
1.921025
1.936100
2.184200
2.266850
2.408750
244
