0.000025
0.000050
0.006600
0.016450
0.018000
0.024625
0.027225
0.029675
0.031150
0.033350
0.040125
0.050975
0.054450
0.062400
0.069525
0.086750
0.089800
0.094675
0.098625
0.104975
0.106750
0.112700
0.113925
0.128125
0.133700
0.139875
0.151925
0.152850
0.154450
0.160000
0.164625
0.165425
0.171350
0.176775
0.179250
0.185250
0.208350
0.209850
0.222150
0.232325
0.233025
0.239325
0.240050
0.242025
0.243375
0.248150
0.256350
0.268575
0.271400
0.276975
0.276975
0.281300
0.282525
0.288750
0.303125
0.305625
0.307250
0.323100
0.328300
0.335300
0.335375
0.336650
0.336675
0.339925
0.340975
0.344625
0.347350
0.347725
0.347800
0.349150
0.358350
0.360175
0.360500
0.362975
0.382725
0.403250
0.404500
0.407250
0.416375
0.416750
0.418425
0.418675
0.418725
0.430750
0.432725
0.436975
0.437950
0.438525
0.440175
0.446100
0.447100
0.453150
0.454300
0.457400
0.457500
0.457725
0.459875
0.461025
0.461850
0.471300
0.471950
0.473575
0.476525
0.477750
0.483825
0.485025
0.494275
0.496525
0.497350
0.500725
0.500950
0.502975
0.514550
0.521850
0.527475
0.537750
0.538400
0.540525
0.546900
0.549950
0.550275
0.551250
0.551550
0.557850
0.563575
0.566000
0.570275
0.573575
0.576350
0.577275
0.582675
0.585575
0.593125
0.608575
0.608675
0.609600
0.612325
0.615000
0.616550
0.617275
0.626075
0.627275
0.627400
0.630025
0.641875
0.642850
0.644350
0.657525
0.660950
0.672000
0.672175
0.673075
0.673650
0.674000
0.679375
0.686725
0.693625
0.703300
0.728700
0.731275
0.739000
0.746150
0.747475
0.757525
0.763075
0.771475
0.772275
0.778125
0.779075
0.800375
0.804050
0.808125
0.813750
0.818025
0.835950
0.842300
0.849875
0.853625
0.858150
0.862400
0.867800
0.873800
0.875775
0.879050
0.888600
0.890200
0.891525
0.892375
0.900400
0.901025
0.922250
0.924175
0.931650
0.935850
0.944800
0.946075
0.969500
0.971950
0.994150
0.995575
1.015125
1.021300
1.024325
1.045050
1.054100
1.057975
1.063000
1.111175
1.136700
1.142400
1.183700
1.192925
1.193625
1.208200
1.213625
1.224025
1.236700
1.262875
1.274100
1.279925
1.287350
1.292625
1.304875
1.329800
1.372325
1.395450
1.448050
1.454925
1.459000
1.510650
1.537800
1.539550
1.626300
1.702950
1.723100
1.761575
1.808275
1.814025
1.815200
1.866775
1.891675
1.982800
2.041800
2.043475
2.067650
245
