0.002950
0.003775
0.012500
0.013125
0.013675
0.025850
0.028350
0.029150
0.031700
0.032900
0.032925
0.038375
0.040400
0.044275
0.049600
0.067675
0.069500
0.073225
0.074475
0.093675
0.098325
0.102650
0.109975
0.110600
0.112175
0.122950
0.124575
0.129300
0.131500
0.137500
0.142675
0.143450
0.147050
0.147575
0.148450
0.154325
0.157000
0.164550
0.166500
0.170875
0.174950
0.193325
0.197600
0.204125
0.208625
0.213675
0.217250
0.218975
0.219175
0.220300
0.225950
0.230300
0.231575
0.237150
0.242725
0.245450
0.246100
0.252925
0.264400
0.276175
0.277900
0.278050
0.287900
0.292050
0.292300
0.296350
0.300025
0.311375
0.312050
0.316375
0.317175
0.319100
0.320925
0.321150
0.329200
0.338600
0.341975
0.346750
0.347700
0.351900
0.353850
0.354700
0.356275
0.360200
0.373950
0.378125
0.387875
0.389850
0.390875
0.395150
0.396675
0.401200
0.403175
0.412725
0.427325
0.439600
0.440450
0.442500
0.442825
0.443450
0.446450
0.447600
0.450300
0.452400
0.453925
0.460150
0.469275
0.470100
0.472050
0.473450
0.475025
0.480425
0.481275
0.481325
0.487075
0.487525
0.491725
0.495750
0.499225
0.501750
0.505850
0.508650
0.509700
0.519350
0.521875
0.527875
0.544575
0.547100
0.550850
0.560275
0.582850
0.594500
0.605025
0.605850
0.610600
0.618725
0.623025
0.625025
0.625550
0.629375
0.634475
0.635950
0.642925
0.651600
0.659700
0.662550
0.668575
0.673075
0.673100
0.675500
0.676475
0.679175
0.680525
0.680925
0.691325
0.692000
0.692600
0.701100
0.715350
0.723475
0.737200
0.751000
0.755450
0.759500
0.771050
0.776650
0.778500
0.787000
0.788175
0.794200
0.798875
0.798900
0.803725
0.804900
0.805925
0.812000
0.814900
0.819925
0.821000
0.826825
0.828400
0.829375
0.835050
0.845800
0.848125
0.854250
0.873700
0.879725
0.880550
0.883975
0.886625
0.889475
0.891875
0.905725
0.910150
0.910450
0.910575
0.911850
0.913575
0.919675
0.922475
0.925800
0.936525
0.941325
0.965600
0.969400
0.972600
0.974125
0.974975
0.981775
0.985275
0.998875
1.003175
1.006875
1.017400
1.018150
1.021450
1.023100
1.027250
1.039450
1.044175
1.050200
1.060100
1.089950
1.131075
1.144925
1.163325
1.182875
1.183600
1.203800
1.227175
1.252575
1.272425
1.279025
1.287050
1.292800
1.293600
1.321425
1.322425
1.332925
1.347650
1.367200
1.418150
1.443250
1.506050
1.542400
1.556275
1.558100
1.617675
1.646750
1.739525
1.793425
1.796800
1.838800
1.971975
2.379975
2.385500
2.422100
2.466825
259
