0.002900
0.007900
0.012000
0.012650
0.018975
0.025100
0.026450
0.028975
0.044575
0.047300
0.051425
0.053275
0.058000
0.061100
0.061300
0.063550
0.071375
0.079150
0.079850
0.080050
0.087625
0.088400
0.092300
0.097150
0.097775
0.106875
0.109200
0.120175
0.124750
0.126025
0.138575
0.141875
0.146475
0.146675
0.151375
0.153225
0.158475
0.176625
0.183750
0.190300
0.190925
0.196150
0.205800
0.215700
0.227025
0.229600
0.234300
0.234400
0.238500
0.242875
0.256300
0.259275
0.265625
0.267425
0.269275
0.270250
0.270275
0.276850
0.284425
0.286775
0.292525
0.296950
0.297825
0.298725
0.302650
0.305825
0.307550
0.309425
0.314475
0.319225
0.341025
0.343225
0.347750
0.369925
0.372275
0.372475
0.387050
0.390725
0.411975
0.422000
0.435875
0.440500
0.440850
0.462975
0.464300
0.464400
0.467625
0.469050
0.471875
0.476500
0.477950
0.495625
0.495800
0.507625
0.511025
0.524900
0.529800
0.529925
0.533125
0.534050
0.536600
0.541275
0.543675
0.556700
0.558900
0.560775
0.563225
0.564800
0.565025
0.567200
0.569025
0.570325
0.570775
0.576350
0.580225
0.580750
0.588200
0.588500
0.589625
0.595300
0.608200
0.612950
0.614100
0.618900
0.620150
0.624250
0.626800
0.630400
0.643925
0.644875
0.644950
0.648650
0.650250
0.670250
0.680025
0.680575
0.682050
0.682325
0.688050
0.693500
0.706525
0.712600
0.720950
0.736825
0.755775
0.776525
0.777100
0.777950
0.780800
0.784800
0.786300
0.799975
0.804825
0.804950
0.806725
0.806725
0.807600
0.818050
0.818825
0.820425
0.821650
0.830325
0.830650
0.831875
0.837525
0.838825
0.840400
0.844025
0.846050
0.852550
0.855775
0.858425
0.865100
0.876675
0.877650
0.883200
0.893575
0.903700
0.904700
0.913375
0.915625
0.922075
0.924600
0.924750
0.927150
0.959875
0.964450
0.971125
0.975750
0.982750
0.992500
0.995550
1.011450
1.041475
1.060300
1.066600
1.067800
1.079100
1.081725
1.108775
1.130750
1.131075
1.137825
1.141125
1.156650
1.163000
1.181800
1.208950
1.219100
1.227025
1.269425
1.272100
1.286525
1.294550
1.343450
1.461250
1.475600
1.477650
1.488350
1.504225
1.606175
1.618450
1.623650
1.684600
1.746975
1.880500
1.953150
1.971950
1.994050
2.203825
2.397225
231
