0.002575
0.009775
0.012725
0.013350
0.020000
0.024350
0.029900
0.035275
0.040800
0.043000
0.050375
0.050875
0.051700
0.055050
0.056875
0.058550
0.059800
0.062425
0.068525
0.071575
0.082400
0.083700
0.087150
0.090000
0.094750
0.101400
0.106700
0.112450
0.114175
0.125275
0.134075
0.144750
0.153000
0.153800
0.165625
0.173100
0.207050
0.211125
0.213400
0.214575
0.219900
0.220050
0.229600
0.231500
0.240400
0.241075
0.249125
0.254600
0.257750
0.263450
0.264775
0.265250
0.267150
0.273700
0.283350
0.287275
0.294675
0.307375
0.308800
0.314375
0.322100
0.325425
0.326575
0.330025
0.334500
0.341300
0.344225
0.346050
0.346925
0.347150
0.359425
0.367625
0.374075
0.377050
0.385475
0.386450
0.387400
0.387725
0.389100
0.391050
0.394025
0.397400
0.400500
0.407825
0.407975
0.413825
0.413900
0.413975
0.416275
0.422450
0.423550
0.438675
0.440850
0.441775
0.459175
0.462850
0.471425
0.487150
0.505050
0.505800
0.507775
0.520425
0.523225
0.523425
0.527100
0.529325
0.534075
0.534750
0.548275
0.553575
0.572350
0.574850
0.577450
0.582925
0.588500
0.591375
0.592500
0.593625
0.596250
0.597350
0.598075
0.598750
0.604175
0.604950
0.608125
0.610625
0.613200
0.619425
0.624750
0.627975
0.631700
0.632500
0.634225
0.634825
0.636600
0.638275
0.649000
0.651525
0.651700
0.653800
0.658075
0.666900
0.672150
0.672625
0.684500
0.696625
0.705600
0.706175
0.706350
0.708825
0.718525
0.725850
0.730200
0.735750
0.741800
0.748825
0.756000
0.765625
0.766850
0.775475
0.780175
0.780400
0.780750
0.787350
0.788450
0.793425
0.794050
0.794825
0.796475
0.800925
0.804875
0.810000
0.816475
0.830450
0.831475
0.840150
0.847950
0.848650
0.854050
0.858600
0.860600
0.866950
0.876250
0.884375
0.884925
0.890725
0.894450
0.910975
0.915900
0.919075
0.920775
0.933600
0.936900
0.937125
0.957750
0.959550
0.978625
0.988225
0.989200
0.999125
1.005875
1.009300
1.010525
1.014150
1.015700
1.015725
1.016225
1.018350
1.028800
1.030775
1.032250
1.035375
1.051750
1.052200
1.054200
1.062375
1.066850
1.068350
1.068375
1.070000
1.076825
1.080675
1.088275
1.093600
1.093700
1.097975
1.104225
1.105725
1.111075
1.114350
1.144775
1.146650
1.147125
1.148675
1.150425
1.163775
1.185150
1.186050
1.221450
1.229600
1.264350
1.271225
1.274600
1.275975
1.298225
1.316925
1.317775
1.337925
1.413250
1.440350
1.457125
1.466550
1.493300
1.505450
1.522250
1.698475
1.702000
1.720025
1.741575
1.758950
1.803800
1.895375
1.915825
1.979500
2.145325
2.346850
266
