0.000950
0.006425
0.018025
0.020600
0.021750
0.023050
0.024325
0.033725
0.035275
0.037200
0.038550
0.041425
0.042100
0.049675
0.055050
0.055750
0.056450
0.060025
0.068950
0.069725
0.070850
0.076550
0.082050
0.086450
0.087125
0.091600
0.094575
0.095975
0.113350
0.117250
0.124550
0.126025
0.126350
0.134725
0.135175
0.137100
0.140775
0.143600
0.144650
0.149250
0.155000
0.176075
0.176575
0.187175
0.187825
0.189150
0.190825
0.191375
0.193200
0.195775
0.208100
0.208625
0.210200
0.212625
0.216325
0.219875
0.231275
0.251625
0.252600
0.257900
0.269425
0.279300
0.280000
0.284800
0.294275
0.302750
0.305275
0.311675
0.314625
0.317650
0.321850
0.322350
0.331200
0.332025
0.337675
0.338600
0.339375
0.346725
0.348850
0.364975
0.365850
0.371075
0.372875
0.377475
0.385425
0.389725
0.396175
0.404025
0.405050
0.407800
0.413750
0.421725
0.426350
0.431025
0.438175
0.447275
0.448900
0.449950
0.450400
0.452650
0.466325
0.468850
0.473375
0.473625
0.477675
0.482575
0.488625
0.491475
0.496350
0.500950
0.504550
0.506900
0.517525
0.518825
0.526325
0.532825
0.535475
0.537900
0.538400
0.539775
0.551600
0.564825
0.570100
0.570300
0.570925
0.583500
0.585875
0.596825
0.599900
0.599925
0.604450
0.606250
0.608425
0.610550
0.616775
0.618475
0.621350
0.621600
0.629750
0.636500
0.637350
0.637600
0.638975
0.639025
0.645875
0.670825
0.680875
0.682225
0.687150
0.693150
0.695875
0.701525
0.704025
0.705825
0.710500
0.733300
0.735725
0.747850
0.753825
0.756750
0.756925
0.759525
0.771375
0.772300
0.774925
0.780075
0.784150
0.785650
0.785750
0.810600
0.813050
0.823950
0.824300
0.829550
0.838400
0.838625
0.841525
0.848025
0.852050
0.864950
0.876125
0.878225
0.882475
0.884775
0.889000
0.892600
0.897200
0.914250
0.917800
0.922200
0.922525
0.929075
0.936325
0.939450
0.950450
0.965000
0.971875
0.976825
0.976825
0.977025
0.977725
0.999500
1.000525
1.001800
1.033350
1.035225
1.040000
1.056325
1.063925
1.077950
1.082325
1.086350
1.109650
1.121600
1.127600
1.132900
1.144200
1.144850
1.159525
1.160025
1.182550
1.190900
1.206075
1.279075
1.285775
1.324950
1.343300
1.345525
1.359625
1.366225
1.366900
1.392000
1.415800
1.418625
1.521825
1.545525
1.596350
1.616575
1.688550
1.835925
1.848075
1.933575
1.952300
2.095800
2.385175
245
