0.004075
0.005725
0.016800
0.017075
0.018875
0.021125
0.022200
0.031375
0.032000
0.036450
0.038100
0.060600
0.061600
0.069175
0.074150
0.075650
0.078575
0.091825
0.093650
0.094600
0.096450
0.098125
0.102050
0.105025
0.110850
0.112800
0.114900
0.117300
0.124900
0.135225
0.136525
0.138250
0.141425
0.150775
0.150925
0.160050
0.162575
0.175950
0.188450
0.189300
0.190150
0.192700
0.199225
0.199450
0.199650
0.203825
0.204725
0.205325
0.212200
0.212500
0.213900
0.214300
0.220775
0.225925
0.227075
0.231150
0.233050
0.233050
0.234300
0.241450
0.246150
0.250725
0.251900
0.253375
0.259550
0.268875
0.269575
0.275500
0.280250
0.281200
0.285025
0.285625
0.288250
0.291700
0.299850
0.305300
0.316475
0.320900
0.329250
0.335075
0.350125
0.350850
0.355725
0.358925
0.362225
0.366650
0.370175
0.376825
0.383550
0.386350
0.386650
0.387750
0.395475
0.403525
0.407275
0.417025
0.420625
0.422900
0.426475
0.429050
0.436925
0.444275
0.468075
0.477275
0.483825
0.484750
0.485075
0.489075
0.496850
0.513050
0.513650
0.516700
0.518700
0.525775
0.532825
0.533525
0.536775
0.538800
0.543750
0.551450
0.552050
0.553875
0.556700
0.557275
0.561725
0.563825
0.573875
0.574525
0.574925
0.577400
0.584425
0.586600
0.592900
0.595375
0.613875
0.614825
0.622175
0.625875
0.633950
0.638000
0.641650
0.643450
0.643925
0.645400
0.650375
0.659475
0.661350
0.662425
0.662900
0.669150
0.671325
0.672075
0.675625
0.677925
0.678625
0.685025
0.686700
0.690500
0.725825
0.727025
0.728600
0.734825
0.737000
0.741825
0.743750
0.744225
0.749050
0.768900
0.780400
0.781900
0.783275
0.783775
0.787000
0.793125
0.799850
0.803550
0.805700
0.810000
0.810975
0.820700
0.823350
0.825300
0.829750
0.833300
0.838425
0.842050
0.862600
0.866100
0.875050
0.876225
0.878450
0.882800
0.883250
0.892575
0.894875
0.906050
0.920975
0.921050
0.921425
0.933400
0.933800
0.935250
0.936325
0.937900
0.948675
0.960200
0.969300
0.980175
0.983975
0.995600
1.013300
1.040675
1.048475
1.073625
1.105300
1.137850
1.145125
1.154425
1.191600
1.203200
1.224900
1.231475
1.265550
1.271350
1.280400
1.329400
1.354975
1.358350
1.399500
1.412925
1.433150
1.453175
1.466275
1.485700
1.519075
1.526750
1.527375
1.632375
1.648750
1.658850
1.696925
1.722775
1.765450
1.769425
1.781650
1.917075
2.039850
2.046525
2.068675
2.154600
2.234050
2.344750
2.382225
253
