0.012700
0.016725
0.020475
0.023375
0.034400
0.038950
0.040425
0.044625
0.050425
0.053525
0.056650
0.060025
0.060875
0.065800
0.074025
0.092100
0.097550
0.097575
0.101150
0.101925
0.108000
0.111400
0.111500
0.113875
0.120425
0.124675
0.125525
0.126925
0.131525
0.136425
0.143775
0.156425
0.159525
0.167175
0.167825
0.177900
0.178850
0.202275
0.212725
0.219250
0.224800
0.225125
0.231225
0.234375
0.234600
0.236850
0.236875
0.237950
0.242675
0.243450
0.247850
0.248700
0.249925
0.253050
0.260200
0.261250
0.261325
0.261650
0.262300
0.262500
0.267450
0.283750
0.290150
0.292750
0.293675
0.293925
0.295325
0.298050
0.308075
0.314400
0.315400
0.321050
0.326675
0.331775
0.333200
0.336400
0.342100
0.343100
0.351325
0.360550
0.363675
0.369475
0.371700
0.381250
0.389825
0.408150
0.411325
0.412000
0.412725
0.423650
0.429525
0.434675
0.435275
0.435725
0.436575
0.437025
0.438550
0.440200
0.446450
0.447950
0.448550
0.462525
0.465075
0.486675
0.488225
0.500425
0.503000
0.503275
0.511925
0.512925
0.513800
0.522550
0.522800
0.523050
0.525250
0.542400
0.551100
0.558150
0.558925
0.565650
0.566400
0.585975
0.587300
0.589075
0.597475
0.600150
0.603050
0.605950
0.606425
0.613150
0.628150
0.630300
0.636100
0.643150
0.645250
0.654450
0.658750
0.659000
0.663000
0.663075
0.667175
0.670125
0.674375
0.676475
0.680875
0.683775
0.692650
0.694125
0.695750
0.696325
0.701100
0.720750
0.721675
0.722050
0.722425
0.723675
0.734175
0.736825
0.741500
0.742675
0.753950
0.766375
0.780575
0.790850
0.815475
0.816425
0.821250
0.823850
0.825325
0.829125
0.836750
0.836900
0.837150
0.855125
0.859825
0.864000
0.866850
0.899300
0.904350
0.907500
0.908125
0.910625
0.921350
0.927925
0.930200
0.961825
0.962325
0.967425
0.977200
0.978000
0.978650
0.981375
1.024475
1.029075
1.029275
1.031125
1.039775
1.046425
1.053200
1.074375
1.085400
1.099875
1.122025
1.135550
1.159225
1.160625
1.194100
1.211700
1.226800
1.231675
1.249650
1.269450
1.270925
1.271400
1.303175
1.367425
1.480950
1.587850
1.647325
1.714750
1.735675
1.745550
1.837750
1.848575
1.996725
1.998950
2.110800
2.265500
2.334475
2.472325
230
