0.001275
0.001725
0.006375
0.021425
0.024025
0.027550
0.028850
0.030425
0.034325
0.047200
0.049325
0.053150
0.054075
0.059875
0.061850
0.065700
0.066800
0.067025
0.067950
0.070900
0.074100
0.075550
0.077250
0.078875
0.080675
0.080750
0.083825
0.087750
0.088575
0.093825
0.107950
0.110275
0.112475
0.118550
0.119625
0.122200
0.122350
0.127425
0.135425
0.136900
0.137625
0.139650
0.140250
0.145525
0.157600
0.161250
0.161700
0.172425
0.172875
0.192375
0.193025
0.200600
0.211050
0.217875
0.219350
0.222900
0.223350
0.236650
0.238575
0.240125
0.246175
0.247325
0.248925
0.249275
0.249550
0.250075
0.253425
0.258450
0.269375
0.276575
0.288300
0.288475
0.290275
0.295200
0.300850
0.305925
0.309775
0.323650
0.327125
0.335450
0.339325
0.339800
0.340000
0.344150
0.346025
0.349675
0.360200
0.363275
0.363750
0.367350
0.379075
0.379600
0.380000
0.381550
0.382050
0.392300
0.394225
0.402725
0.407425
0.410575
0.411750
0.419125
0.421825
0.440900
0.442475
0.444525
0.445600
0.454800
0.456600
0.464075
0.465775
0.467425
0.468400
0.470125
0.472650
0.474850
0.476675
0.478800
0.483825
0.488650
0.496625
0.501450
0.507475
0.511475
0.515925
0.516650
0.518125
0.518375
0.524300
0.525150
0.531700
0.542275
0.545025
0.547250
0.551600
0.554450
0.554500
0.566200
0.570525
0.570575
0.571500
0.571600
0.575550
0.577975
0.585550
0.588450
0.588775
0.590175
0.596775
0.596850
0.597900
0.600675
0.604375
0.604575
0.607450
0.623650
0.628850
0.642300
0.643600
0.643825
0.644175
0.645200
0.650775
0.652275
0.654350
0.656750
0.660100
0.673825
0.676550
0.705525
0.706050
0.712925
0.713650
0.713975
0.716250
0.717700
0.718775
0.737775
0.739175
0.740225
0.742225
0.742250
0.746550
0.746600
0.751025
0.753350
0.754375
0.754450
0.757250
0.759375
0.770275
0.770350
0.770875
0.781450
0.787925
0.791450
0.796425
0.798300
0.799200
0.800850
0.801300
0.801450
0.807550
0.809725
0.815450
0.816550
0.822300
0.830975
0.832575
0.834025
0.844650
0.847350
0.854700
0.858275
0.860975
0.871825
0.882750
0.886550
0.892050
0.892350
0.893600
0.899225
0.906475
0.907375
0.912175
0.912675
0.916875
0.921200
0.925575
0.929650
0.941850
0.942400
0.947025
0.948225
0.968650
0.969450
0.972700
0.973400
0.983950
0.996075
1.000750
1.001325
1.014400
1.019550
1.025250
1.030375
1.041425
1.046825
1.048550
1.052725
1.053475
1.054425
1.057850
1.071575
1.077150
1.088950
1.130525
1.133600
1.134700
1.139725
1.168525
1.168850
1.169150
1.175525
1.189800
1.197000
1.209650
1.219725
1.226325
1.240950
1.279250
1.280250
1.299650
1.324475
1.331775
1.338625
1.374350
1.407000
1.411325
1.420375
1.432750
1.464875
1.479100
1.487850
1.490225
1.502600
1.576575
1.584125
1.593600
1.674075
1.748925
1.752125
1.807400
1.860500
1.893225
1.928350
1.959975
2.199050
298
