0.000750
0.004100
0.004450
0.011050
0.022800
0.023950
0.023975
0.024425
0.028900
0.041200
0.042375
0.043875
0.045450
0.046400
0.046675
0.046800
0.055750
0.057225
0.059600
0.064200
0.065400
0.080075
0.085425
0.087225
0.088125
0.088725
0.092850
0.096650
0.102325
0.109625
0.110075
0.118700
0.127300
0.129850
0.131100
0.158575
0.159675
0.167900
0.168800
0.170800
0.173425
0.173800
0.179075
0.182000
0.185650
0.192850
0.198725
0.200375
0.202100
0.207325
0.207625
0.209775
0.215575
0.216225
0.235475
0.236825
0.240125
0.243375
0.249925
0.250125
0.250675
0.251800
0.253175
0.259600
0.277825
0.281900
0.285250
0.302575
0.304425
0.305575
0.308825
0.312375
0.324775
0.324875
0.341050
0.344275
0.344525
0.351550
0.355525
0.358800
0.359275
0.363225
0.368375
0.376075
0.378775
0.395275
0.397075
0.401025
0.401350
0.405250
0.405725
0.411700
0.411825
0.412100
0.420025
0.420225
0.421475
0.429925
0.434100
0.434750
0.436700
0.438675
0.448725
0.453700
0.462000
0.463600
0.469200
0.475850
0.485100
0.487450
0.497700
0.519125
0.519500
0.523425
0.528250
0.534025
0.534625
0.537575
0.539250
0.540875
0.547125
0.550000
0.552850
0.554500
0.556825
0.558925
0.559175
0.566325
0.572875
0.574675
0.578550
0.595700
0.598025
0.602125
0.609825
0.614375
0.617325
0.634150
0.640300
0.651425
0.664625
0.677075
0.682175
0.684175
0.689650
0.697675
0.700400
0.706850
0.708125
0.715725
0.721850
0.722650
0.723600
0.739875
0.742875
0.744525
0.745300
0.746500
0.748825
0.756725
0.757100
0.766800
0.768475
0.769375
0.769700
0.776825
0.779175
0.802700
0.811550
0.815400
0.821325
0.835575
0.837825
0.841125
0.845375
0.851775
0.852550
0.855050
0.857900
0.867550
0.871325
0.877400
0.878350
0.898875
0.902000
0.906475
0.910175
0.929825
0.938375
0.939575
0.953650
0.956200
0.957325
0.966650
0.967375
0.970225
0.984300
0.992750
0.993400
1.004050
1.005575
1.022800
1.031550
1.045775
1.052700
1.070275
1.075125
1.082850
1.137450
1.145125
1.168950
1.196775
1.216100
1.221725
1.234400
1.248000
1.272750
1.314900
1.324825
1.365500
1.377300
1.429750
1.497600
1.522925
1.553100
1.562200
1.874575
1.940350
2.168375
2.202925
2.479600
231
