0.006175
0.009225
0.018175
0.018975
0.019200
0.025325
0.026550
0.032325
0.035750
0.040075
0.040750
0.044200
0.050950
0.052875
0.053300
0.058950
0.062550
0.075100
0.075625
0.076200
0.078625
0.081350
0.084150
0.084700
0.097625
0.098200
0.099225
0.101350
0.106300
0.107725
0.110650
0.114375
0.114550
0.119075
0.129950
0.138700
0.140250
0.143375
0.145550
0.147850
0.160350
0.167875
0.168675
0.170050
0.170700
0.172650
0.177225
0.181275
0.181675
0.185650
0.187550
0.190650
0.194175
0.203025
0.203125
0.213050
0.215475
0.225650
0.235400
0.236975
0.242825
0.255825
0.256050
0.259425
0.261600
0.268650
0.270525
0.272000
0.279175
0.280875
0.282275
0.282600
0.285850
0.287950
0.288000
0.289350
0.291725
0.295675
0.315850
0.332625
0.350250
0.353675
0.353800
0.358925
0.366925
0.369950
0.371850
0.376900
0.378100
0.379925
0.387175
0.387850
0.391775
0.391775
0.406050
0.406075
0.409075
0.410100
0.410675
0.414875
0.421375
0.421625
0.432950
0.438300
0.439200
0.461350
0.462375
0.464575
0.465325
0.467825
0.469225
0.470925
0.475775
0.483600
0.493175
0.494875
0.511100
0.511975
0.516100
0.517450
0.529325
0.532275
0.533350
0.552425
0.553150
0.554150
0.562975
0.564325
0.571100
0.572750
0.574950
0.576350
0.577775
0.593350
0.599900
0.600175
0.601150
0.609950
0.625175
0.626775
0.633375
0.639100
0.644775
0.646025
0.647825
0.672150
0.675075
0.677825
0.680900
0.683350
0.684200
0.686025
0.687125
0.688900
0.696250
0.699175
0.702000
0.705275
0.710950
0.717100
0.717450
0.731025
0.731425
0.746025
0.752275
0.754525
0.759600
0.767775
0.768725
0.770625
0.770700
0.780300
0.780725
0.784300
0.798900
0.810775
0.820600
0.824000
0.850650
0.867875
0.877775
0.879550
0.881750
0.885600
0.890550
0.890975
0.892225
0.892900
0.895225
0.907100
0.914450
0.924850
0.929400
0.929675
0.934275
0.946925
0.966375
0.966900
0.976125
0.978525
0.981925
0.988175
0.992325
1.005150
1.006350
1.006450
1.006850
1.011875
1.016200
1.026125
1.064050
1.070350
1.121075
1.143850
1.154425
1.158525
1.161600
1.164325
1.170300
1.171050
1.175650
1.213175
1.244600
1.247025
1.250675
1.259800
1.267675
1.268500
1.273075
1.285350
1.301950
1.330950
1.338825
1.340825
1.351025
1.389775
1.429725
1.537475
1.597125
1.700950
1.729375
1.766725
1.783100
1.886625
1.915475
2.060450
2.492975
247
