0.001750
0.005900
0.007350
0.008450
0.022050
0.030000
0.035200
0.042200
0.045600
0.048150
0.055600
0.057150
0.059300
0.066900
0.068150
0.068775
0.069450
0.071750
0.079175
0.079400
0.079850
0.084600
0.091400
0.098400
0.107425
0.110300
0.126700
0.129625
0.136875
0.138900
0.144975
0.154050
0.156250
0.162250
0.163900
0.177550
0.178725
0.182750
0.190600
0.191475
0.191825
0.195950
0.203700
0.205525
0.205775
0.212875
0.213050
0.213875
0.217000
0.218775
0.219275
0.222125
0.225125
0.226200
0.227800
0.230225
0.237300
0.240200
0.246600
0.247600
0.249800
0.253675
0.257550
0.257725
0.263050
0.263300
0.265775
0.268775
0.275375
0.277450
0.278925
0.288275
0.290650
0.291625
0.297925
0.299900
0.306200
0.310550
0.312025
0.318575
0.321650
0.328325
0.329800
0.330575
0.332350
0.337825
0.349525
0.354100
0.355175
0.357525
0.359125
0.361150
0.362350
0.366725
0.371400
0.376375
0.380050
0.381450
0.394825
0.396125
0.398275
0.398950
0.403550
0.406700
0.406800
0.416250
0.416375
0.416550
0.427750
0.432425
0.439625
0.448250
0.449825
0.451250
0.453425
0.458975
0.460450
0.460575
0.466525
0.466575
0.469300
0.471975
0.485575
0.493450
0.494850
0.495375
0.498375
0.506400
0.523325
0.526900
0.527850
0.527850
0.529450
0.529450
0.533825
0.534675
0.536550
0.544000
0.544350
0.551300
0.552575
0.554875
0.556800
0.557400
0.557825
0.559625
0.564250
0.566675
0.568225
0.572600
0.576200
0.582175
0.588575
0.592300
0.596000
0.598800
0.613800
0.621775
0.623700
0.628225
0.629675
0.633925
0.634925
0.635275
0.641825
0.642600
0.651175
0.659500
0.659950
0.662400
0.663300
0.679400
0.681200
0.681225
0.686175
0.694025
0.700925
0.701800
0.703425
0.714850
0.721950
0.728425
0.745625
0.746925
0.754825
0.768625
0.778075
0.787575
0.804950
0.813800
0.815725
0.825200
0.825400
0.825975
0.826825
0.830975
0.838825
0.841925
0.851500
0.857200
0.859400
0.861350
0.870825
0.872400
0.883325
0.884475
0.887900
0.899975
0.905450
0.906350
0.907400
0.929525
0.936800
0.936975
0.940975
0.944475
0.950850
0.970650
0.987275
0.997600
1.009450
1.011875
1.019075
1.020525
1.044125
1.081425
1.088950
1.105300
1.109800
1.170300
1.186775
1.188925
1.231625
1.235900
1.272425
1.276300
1.302500
1.326700
1.340500
1.343425
1.431750
1.435375
1.444425
1.456375
1.469725
1.521825
1.542650
1.720000
1.748225
1.755450
1.795200
1.895425
1.953150
1.959425
1.975125
1.990925
2.009750
2.046900
2.059100
2.228425
2.461000
261
