0.010625
0.018575
0.020275
0.020650
0.022775
0.023450
0.036025
0.036425
0.037200
0.042000
0.042975
0.044400
0.052800
0.057775
0.067650
0.068925
0.075450
0.079800
0.084125
0.085025
0.086025
0.088275
0.093275
0.097550
0.099300
0.099325
0.107725
0.114225
0.120950
0.124675
0.131675
0.132000
0.149750
0.158075
0.160175
0.167275
0.173725
0.176125
0.179975
0.188575
0.195950
0.197700
0.200300
0.203725
0.204375
0.207450
0.212400
0.217275
0.232650
0.235025
0.241550
0.242250
0.243150
0.255825
0.258350
0.259550
0.260875
0.271300
0.277125
0.278975
0.280375
0.281225
0.281475
0.286050
0.292325
0.295925
0.297275
0.304825
0.305500
0.306525
0.307900
0.317675
0.329900
0.335550
0.351950
0.352100
0.354525
0.358300
0.361625
0.363975
0.364425
0.366125
0.384275
0.386875
0.397525
0.401450
0.402700
0.406100
0.406550
0.418900
0.422025
0.425825
0.429875
0.434950
0.439275
0.446150
0.446250
0.447900
0.454950
0.455850
0.457225
0.464450
0.477800
0.480775
0.484150
0.486950
0.487875
0.491550
0.493050
0.495525
0.504100
0.513950
0.539950
0.541100
0.547250
0.548850
0.567250
0.570025
0.582600
0.586450
0.587450
0.599150
0.600550
0.603325
0.621100
0.632800
0.644325
0.645475
0.657375
0.666575
0.692900
0.694850
0.695500
0.704050
0.704425
0.713825
0.714125
0.714425
0.716925
0.727975
0.738825
0.756300
0.758225
0.767075
0.770850
0.777075
0.781525
0.782475
0.794250
0.802100
0.805925
0.807600
0.814750
0.816500
0.822275
0.834275
0.842225
0.865675
0.866425
0.882725
0.883325
0.891725
0.896975
0.906600
0.906625
0.916525
0.917200
0.918100
0.921625
0.923200
0.929200
0.953200
0.967500
0.981775
0.990600
1.001750
1.036250
1.059350
1.064700
1.068425
1.075700
1.097900
1.154400
1.190750
1.218025
1.219650
1.229100
1.241200
1.282050
1.290025
1.311600
1.314150
1.342725
1.409775
1.421800
1.447275
1.448525
1.451225
1.453525
1.493450
1.598425
1.613175
1.661300
1.691275
1.764200
1.786375
1.882475
1.887975
1.995975
2.137125
2.234825
2.476125
212
