0.009950
0.024900
0.025425
0.027675
0.032350
0.037200
0.054075
0.054750
0.061475
0.062350
0.070750
0.071850
0.071875
0.073900
0.073925
0.078975
0.079700
0.080475
0.089675
0.090025
0.097725
0.100700
0.102500
0.112700
0.121075
0.121450
0.124300
0.135300
0.139625
0.148050
0.154850
0.160050
0.160100
0.160875
0.176600
0.176825
0.179925
0.183175
0.184000
0.191900
0.195950
0.196050
0.197700
0.200075
0.201925
0.204025
0.204575
0.212000
0.227375
0.228275
0.229550
0.231100
0.233325
0.239225
0.248100
0.256850
0.258300
0.259975
0.263500
0.268100
0.269350
0.270725
0.281675
0.290025
0.291675
0.293200
0.297100
0.304275
0.325900
0.329000
0.331275
0.338025
0.340975
0.351500
0.351900
0.355650
0.370850
0.371250
0.371700
0.373000
0.374800
0.374925
0.376875
0.377325
0.379500
0.386925
0.388525
0.395250
0.400000
0.405175
0.408675
0.408700
0.409400
0.409850
0.410325
0.412725
0.415525
0.416250
0.427925
0.428100
0.429675
0.443125
0.444600
0.449375
0.455650
0.470100
0.473350
0.492525
0.494925
0.499450
0.503650
0.506025
0.507225
0.513725
0.516900
0.518125
0.520650
0.521050
0.526975
0.543175
0.544625
0.545650
0.548975
0.552725
0.553125
0.553375
0.558525
0.561450
0.562575
0.567975
0.569900
0.573525
0.575950
0.581925
0.582875
0.584175
0.586525
0.598200
0.606450
0.608100
0.616325
0.617300
0.620650
0.627800
0.633850
0.635600
0.645950
0.651925
0.654625
0.660900
0.669425
0.671150
0.692375
0.693800
0.696725
0.700000
0.708850
0.718900
0.719050
0.734775
0.735950
0.740650
0.740975
0.745875
0.747750
0.757650
0.760050
0.762575
0.763000
0.770375
0.773200
0.774825
0.785950
0.788125
0.791025
0.800825
0.805225
0.821875
0.823675
0.825850
0.833250
0.834475
0.834550
0.844150
0.869575
0.873575
0.876775
0.877025
0.878825
0.887500
0.901675
0.907850
0.915150
0.946575
0.947850
0.948000
0.950450
0.953850
0.968600
0.976050
0.987200
0.997550
1.005375
1.032350
1.042125
1.065250
1.071400
1.075175
1.096900
1.106400
1.127325
1.144200
1.149375
1.163300
1.165000
1.205825
1.219350
1.233525
1.250725
1.260975
1.265475
1.270925
1.316725
1.331725
1.378950
1.432775
1.457525
1.460300
1.487675
1.504425
1.510375
1.584325
1.615050
1.749750
2.268050
2.466300
2.499525
237
