0.000600
0.004300
0.005000
0.006375
0.007825
0.009225
0.026125
0.033675
0.040550
0.044825
0.045525
0.058725
0.059350
0.061050
0.062925
0.066750
0.071750
0.072900
0.073450
0.074400
0.075225
0.075475
0.077425
0.081125
0.085525
0.086375
0.092000
0.109125
0.116950
0.119775
0.134050
0.134150
0.134925
0.135750
0.140825
0.145575
0.155700
0.158150
0.165275
0.168925
0.192325
0.192625
0.196125
0.200550
0.209550
0.210650
0.226875
0.229025
0.232225
0.233100
0.255800
0.256325
0.258350
0.266250
0.268925
0.275000
0.278875
0.280575
0.287775
0.288125
0.297075
0.312075
0.319775
0.320900
0.321875
0.324250
0.335775
0.347325
0.347475
0.352100
0.353825
0.359875
0.367000
0.377675
0.384225
0.391150
0.395025
0.400475
0.402200
0.405175
0.411675
0.418575
0.421700
0.422325
0.427875
0.430425
0.441900
0.447725
0.453500
0.454550
0.454900
0.457400
0.458525
0.467275
0.469600
0.470675
0.472125
0.480450
0.482850
0.486675
0.500625
0.504500
0.505400
0.526225
0.530125
0.530650
0.534975
0.547650
0.547850
0.564500
0.570325
0.570575
0.581100
0.603200
0.603950
0.604825
0.609950
0.611225
0.628075
0.640150
0.645150
0.651425
0.653225
0.656000
0.656550
0.657925
0.674950
0.680125
0.683825
0.687950
0.689425
0.693600
0.695225
0.698275
0.708500
0.708600
0.718275
0.719025
0.722475
0.730050
0.730225
0.738775
0.745700
0.748125
0.769700
0.778475
0.794625
0.796650
0.804375
0.809900
0.815125
0.820425
0.824175
0.824875
0.841825
0.843250
0.850200
0.854200
0.855475
0.858750
0.859450
0.859475
0.874500
0.886300
0.888250
0.892525
0.909600
0.910925
0.913000
0.938675
0.941975
0.967375
0.972425
0.980650
0.981525
0.982225
0.999325
1.002575
1.010875
1.015475
1.018600
1.019775
1.042675
1.064775
1.098650
1.101850
1.104850
1.126025
1.127325
1.128150
1.129775
1.136475
1.152675
1.159925
1.306525
1.336800
1.341400
1.347450
1.367125
1.405550
1.541175
1.547325
1.553975
1.638850
1.686525
1.697650
1.723300
1.776400
1.810525
1.825950
1.859700
1.925350
2.016375
2.096400
2.118300
215
