0.011825
0.015875
0.016625
0.026275
0.029175
0.033000
0.036750
0.037550
0.039950
0.048775
0.050450
0.052900
0.054975
0.055675
0.056850
0.057275
0.058775
0.070925
0.071150
0.071775
0.073250
0.075050
0.077750
0.083850
0.084650
0.085400
0.088825
0.093850
0.101000
0.103125
0.110625
0.113325
0.119300
0.120850
0.124200
0.137100
0.139775
0.143625
0.146050
0.147425
0.159425
0.163475
0.172725
0.173400
0.174625
0.181900
0.182650
0.183775
0.186675
0.194550
0.197050
0.199450
0.203625
0.205500
0.210975
0.216900
0.217150
0.218175
0.218200
0.230175
0.230800
0.230825
0.231200
0.235700
0.235725
0.238450
0.240000
0.249925
0.252275
0.263100
0.278100
0.278475
0.282125
0.283525
0.286050
0.288675
0.292675
0.297125
0.300225
0.305375
0.312100
0.317100
0.319750
0.322550
0.323950
0.325475
0.332050
0.332950
0.333975
0.342325
0.344575
0.348275
0.349100
0.353375
0.353575
0.359675
0.360875
0.362075
0.362300
0.364250
0.365325
0.366175
0.367675
0.369250
0.369750
0.370325
0.373375
0.375900
0.381300
0.382050
0.382325
0.384475
0.384575
0.385400
0.388200
0.389450
0.391425
0.391900
0.393100
0.397050
0.397775
0.399900
0.402300
0.406700
0.411750
0.413075
0.413875
0.422000
0.425875
0.436825
0.448475
0.451600
0.455150
0.458400
0.460500
0.461200
0.465125
0.471575
0.475875
0.477200
0.477550
0.486550
0.493850
0.505550
0.514575
0.519950
0.520225
0.523725
0.524675
0.532900
0.534275
0.541700
0.544250
0.551250
0.560675
0.577625
0.581800
0.588250
0.593150
0.604975
0.618325
0.619200
0.625700
0.642550
0.648050
0.656225
0.656675
0.673000
0.675050
0.687100
0.697225
0.697425
0.703025
0.703050
0.707600
0.708425
0.715950
0.722200
0.723925
0.733400
0.733550
0.735825
0.735925
0.736200
0.736925
0.742700
0.742725
0.748050
0.749150
0.751550
0.754950
0.760150
0.766575
0.781525
0.781900
0.789100
0.790300
0.793000
0.798125
0.799575
0.800900
0.801900
0.807650
0.811225
0.823975
0.832925
0.850600
0.863300
0.868775
0.871850
0.873600
0.880575
0.900050
0.901275
0.917325
0.920150
0.921875
0.922125
0.938300
0.939650
0.948000
0.953850
0.957575
0.975200
0.978125
0.981475
0.986750
0.991550
1.000300
1.006700
1.020875
1.022300
1.038050
1.041525
1.054025
1.059300
1.065050
1.066175
1.088500
1.089000
1.098025
1.104325
1.109550
1.117275
1.119125
1.121625
1.149500
1.151350
1.158300
1.196425
1.208775
1.212375
1.249300
1.263975
1.287150
1.294275
1.332650
1.337875
1.351775
1.376000
1.402625
1.443275
1.483575
1.522825
1.546025
1.551400
1.562050
1.583025
1.631000
1.693800
1.697925
1.702900
1.768650
1.840975
1.855025
1.857350
2.150200
2.227700
2.239900
2.442100
280
