0.000650
0.006175
0.011425
0.019675
0.026700
0.030225
0.037700
0.038525
0.050325
0.058150
0.063200
0.071825
0.078125
0.083050
0.084550
0.085050
0.094525
0.106500
0.107350
0.109475
0.110200
0.114475
0.124500
0.131600
0.135975
0.150325
0.154025
0.158650
0.158775
0.168275
0.170425
0.176200
0.181850
0.184450
0.188725
0.190700
0.193200
0.204250
0.207850
0.216150
0.221025
0.224000
0.227625
0.234350
0.234375
0.236950
0.239175
0.242375
0.244550
0.246150
0.248400
0.250200
0.256650
0.259800
0.260475
0.264575
0.264600
0.264600
0.266200
0.270450
0.274625
0.274950
0.275225
0.275400
0.277250
0.283275
0.299200
0.299800
0.300575
0.301550
0.302400
0.316750
0.318675
0.329375
0.329950
0.332675
0.333500
0.339500
0.341000
0.341800
0.342525
0.347125
0.353200
0.357350
0.361225
0.361425
0.365375
0.375525
0.391125
0.395900
0.397725
0.399625
0.405650
0.406675
0.410175
0.411100
0.412125
0.414525
0.419675
0.423175
0.423650
0.428975
0.431000
0.439950
0.441650
0.444175
0.449425
0.470875
0.471750
0.473775
0.476125
0.476375
0.486900
0.492050
0.497600
0.499925
0.500725
0.514725
0.517725
0.518975
0.525475
0.533500
0.535525
0.535900
0.538025
0.552350
0.552550
0.557650
0.559200
0.565850
0.567275
0.568975
0.570475
0.573850
0.578475
0.578825
0.581575
0.584525
0.587050
0.587425
0.588550
0.597725
0.598900
0.617050
0.620500
0.634200
0.664075
0.664850
0.668950
0.671075
0.680725
0.684275
0.686225
0.691675
0.692800
0.698175
0.709950
0.718475
0.730775
0.733875
0.736325
0.738925
0.743850
0.751650
0.752350
0.752600
0.754900
0.763475
0.769550
0.769700
0.773775
0.778350
0.789425
0.808025
0.820000
0.824550
0.825250
0.837025
0.839750
0.847675
0.856975
0.857650
0.901075
0.902000
0.914600
0.933350
0.952550
0.955850
0.976150
0.996775
1.013825
1.020750
1.035625
1.041500
1.055950
1.070450
1.070875
1.083975
1.089775
1.116025
1.130000
1.149750
1.158675
1.163025
1.171850
1.206450
1.209325
1.213550
1.224425
1.226600
1.232700
1.235475
1.270950
1.277750
1.291925
1.319975
1.342975
1.347050
1.358450
1.358600
1.359225
1.380700
1.461425
1.506000
1.543125
1.545325
1.609825
1.629625
1.667375
1.675225
1.693925
1.722450
1.735175
1.852925
1.861875
2.035200
2.158650
2.182375
238
