0.006950
0.017725
0.018650
0.026200
0.029750
0.032975
0.035225
0.047425
0.048950
0.053450
0.056200
0.067375
0.070950
0.079500
0.083600
0.084600
0.085175
0.094000
0.098750
0.099350
0.103900
0.104675
0.107025
0.107975
0.108950
0.111350
0.111500
0.112975
0.119750
0.126650
0.132650
0.135175
0.137225
0.140025
0.151150
0.155875
0.157950
0.165625
0.172800
0.182550
0.185075
0.189025
0.189500
0.190700
0.191275
0.193400
0.195150
0.208375
0.209550
0.215900
0.226325
0.228225
0.230875
0.233925
0.247875
0.256400
0.268600
0.270850
0.275200
0.284675
0.285500
0.287175
0.304450
0.308225
0.310725
0.312300
0.312475
0.313450
0.315325
0.319175
0.331025
0.333400
0.334450
0.336325
0.340975
0.343350
0.344175
0.345700
0.346450
0.363525
0.366250
0.372225
0.373525
0.373975
0.378850
0.381700
0.398325
0.409900
0.411350
0.413350
0.419050
0.419475
0.429175
0.447700
0.448175
0.448300
0.449400
0.451375
0.455075
0.455300
0.456975
0.457800
0.466000
0.471075
0.473275
0.474750
0.476100
0.481575
0.487750
0.490575
0.491925
0.495525
0.499150
0.502500
0.524200
0.532075
0.540325
0.547050
0.547675
0.553425
0.562600
0.569350
0.569850
0.575575
0.578650
0.582850
0.583200
0.592100
0.593300
0.593725
0.597900
0.599350
0.603375
0.604075
0.607550
0.610025
0.615100
0.622975
0.624075
0.624350
0.629675
0.638600
0.648025
0.652100
0.657675
0.669800
0.672100
0.674150
0.681650
0.690700
0.690800
0.697350
0.698300
0.701925
0.704300
0.704425
0.707950
0.711850
0.718625
0.733825
0.743550
0.750500
0.767000
0.773250
0.774825
0.775250
0.782000
0.790975
0.798925
0.799900
0.803650
0.806225
0.808375
0.816675
0.819725
0.825800
0.827300
0.834725
0.837950
0.843150
0.845900
0.851000
0.851275
0.869125
0.872225
0.878100
0.887925
0.891225
0.902750
0.907950
0.918650
0.944400
0.950275
0.951825
0.967000
0.977450
0.995425
1.001325
1.007075
1.017025
1.029475
1.034750
1.037275
1.055475
1.074550
1.078275
1.081100
1.100150
1.114700
1.115050
1.117700
1.138350
1.145075
1.157200
1.158350
1.163775
1.165775
1.195800
1.219075
1.225500
1.234125
1.239425
1.270650
1.283650
1.288425
1.313200
1.354550
1.359275
1.379250
1.382075
1.398050
1.418750
1.430750
1.525650
1.562225
1.563725
1.593500
1.604700
1.625050
1.657725
1.682975
1.701125
1.703275
1.711125
1.749375
1.828400
1.842625
1.845300
1.886700
1.971050
2.098925
2.231800
2.235000
253
