0.001925
0.002725
0.004625
0.004800
0.010250
0.023300
0.027300
0.029875
0.041350
0.044725
0.047625
0.057900
0.061400
0.071800
0.074550
0.076350
0.087500
0.097650
0.097750
0.103425
0.107575
0.114100
0.115075
0.116525
0.119200
0.125950
0.134875
0.144500
0.148375
0.150575
0.154650
0.155200
0.170575
0.180000
0.181025
0.184175
0.185125
0.191400
0.193100
0.208675
0.209475
0.211100
0.225725
0.227000
0.228025
0.232950
0.233450
0.235625
0.235900
0.246050
0.247200
0.247475
0.248975
0.249450
0.250300
0.251150
0.253375
0.257350
0.258575
0.260850
0.262550
0.272325
0.277725
0.278225
0.280850
0.286900
0.287675
0.288775
0.294300
0.295375
0.296875
0.297050
0.297150
0.299525
0.303600
0.311425
0.312025
0.314850
0.329275
0.330375
0.342025
0.342375
0.342975
0.344500
0.345675
0.346800
0.355050
0.373200
0.373700
0.377475
0.385075
0.403525
0.407600
0.409750
0.414675
0.417750
0.420525
0.422650
0.424675
0.430650
0.447400
0.447900
0.448825
0.449775
0.476575
0.483900
0.488450
0.489025
0.490775
0.493800
0.493875
0.494875
0.498175
0.503325
0.511175
0.517225
0.520050
0.523750
0.531800
0.538575
0.546025
0.553725
0.559050
0.567600
0.568575
0.570675
0.572350
0.572375
0.575100
0.581350
0.596950
0.597800
0.598100
0.607350
0.625775
0.631550
0.632075
0.641300
0.642125
0.648200
0.648475
0.650350
0.654500
0.654750
0.656600
0.659175
0.662200
0.667625
0.667875
0.674050
0.675400
0.677525
0.681850
0.683525
0.696825
0.697700
0.698750
0.708150
0.710800
0.710975
0.711375
0.716500
0.723350
0.726800
0.732150
0.734825
0.743725
0.764050
0.765375
0.768450
0.775950
0.779950
0.790025
0.790725
0.794650
0.806100
0.809375
0.812025
0.819100
0.820450
0.820800
0.826925
0.828425
0.832450
0.833300
0.834875
0.874350
0.886200
0.892550
0.893625
0.899300
0.912800
0.914200
0.919875
0.943875
0.967025
0.967750
0.971375
0.971600
0.974650
0.978325
0.986600
1.007450
1.079475
1.085575
1.095000
1.125675
1.125900
1.128875
1.131650
1.154200
1.180300
1.187400
1.244325
1.263650
1.274975
1.278775
1.303000
1.307125
1.317425
1.344475
1.359625
1.365650
1.382975
1.396375
1.416500
1.453100
1.475950
1.479475
1.482125
1.544475
1.598425
1.611975
1.788300
1.822550
1.835400
1.904475
1.913275
2.025275
2.241375
240
