0.017675
0.021275
0.022375
0.025350
0.027725
0.030025
0.034675
0.036400
0.037400
0.038375
0.045075
0.049125
0.053350
0.058175
0.066775
0.070875
0.077025
0.078225
0.078825
0.080400
0.081325
0.082650
0.085600
0.086000
0.093750
0.098375
0.099400
0.107775
0.110925
0.114150
0.117275
0.125225
0.129150
0.133700
0.141650
0.159875
0.164250
0.167975
0.172375
0.174675
0.174725
0.189900
0.190525
0.191050
0.191175
0.198600
0.202825
0.207975
0.208450
0.217675
0.218000
0.220725
0.221650
0.223700
0.228525
0.232950
0.237725
0.243650
0.245100
0.251400
0.252125
0.252525
0.254950
0.255075
0.255250
0.255875
0.258175
0.265425
0.281225
0.291425
0.294750
0.295150
0.300150
0.307525
0.308425
0.309975
0.310725
0.314350
0.317575
0.320375
0.323875
0.324025
0.331050
0.334350
0.337725
0.341025
0.345800
0.349975
0.359100
0.370700
0.375450
0.383200
0.386725
0.387875
0.390850
0.394150
0.400975
0.419200
0.423850
0.425950
0.429400
0.430475
0.439525
0.441225
0.444600
0.444900
0.451225
0.451450
0.453650
0.456575
0.458575
0.469225
0.471950
0.480925
0.482100
0.487025
0.488700
0.491325
0.492200
0.503425
0.507325
0.514100
0.515300
0.515450
0.515525
0.516975
0.520500
0.524525
0.531725
0.532600
0.534925
0.540750
0.541000
0.542525
0.544775
0.546000
0.561150
0.562925
0.569950
0.570450
0.571900
0.571975
0.573300
0.576975
0.577800
0.580400
0.587650
0.593350
0.602625
0.603375
0.608850
0.613575
0.617900
0.631500
0.638300
0.643000
0.644450
0.645750
0.650800
0.664525
0.664800
0.668250
0.670175
0.678150
0.684475
0.696200
0.698275
0.700375
0.701175
0.708025
0.712800
0.713550
0.714900
0.718750
0.738750
0.739925
0.744475
0.747200
0.751850
0.752250
0.753075
0.753700
0.766950
0.767600
0.776675
0.785175
0.787000
0.789600
0.798525
0.821125
0.825725
0.828525
0.832450
0.832850
0.833125
0.837150
0.839500
0.848325
0.855625
0.859150
0.864225
0.866100
0.868475
0.877100
0.877325
0.880825
0.902725
0.903125
0.904575
0.919750
0.923825
0.946200
0.949525
0.951175
0.968825
0.974025
0.975825
0.976025
0.980200
0.983675
1.006700
1.017100
1.021450
1.036225
1.039000
1.040000
1.067325
1.079775
1.101325
1.128425
1.132775
1.132800
1.133700
1.137350
1.152450
1.162900
1.178225
1.200350
1.201500
1.203825
1.208150
1.209375
1.224400
1.226250
1.258325
1.274500
1.319625
1.376375
1.382625
1.497475
1.501475
1.563650
1.587125
1.604750
1.626625
1.648500
1.650850
1.677500
1.698525
1.736750
1.766000
1.783425
1.788150
1.797225
1.969425
2.081825
2.152150
2.237475
2.259125
269
