0.002450
0.005200
0.007250
0.011725
0.029825
0.030425
0.033900
0.044950
0.048650
0.052250
0.057950
0.065950
0.071550
0.080000
0.083025
0.083300
0.085175
0.086300
0.087175
0.096500
0.100000
0.101575
0.106025
0.116250
0.151425
0.151725
0.157025
0.162300
0.162800
0.165075
0.166625
0.167200
0.169325
0.177250
0.180125
0.185075
0.191725
0.192150
0.194175
0.195875
0.197325
0.197425
0.199575
0.207375
0.216200
0.229925
0.230500
0.235325
0.247050
0.247325
0.254625
0.259150
0.266075
0.277700
0.281325
0.281750
0.290150
0.294850
0.299425
0.303125
0.305575
0.309200
0.309400
0.311500
0.316225
0.331525
0.332025
0.332575
0.333875
0.335225
0.335250
0.341750
0.345450
0.354100
0.368900
0.370625
0.370800
0.372075
0.375050
0.378225
0.381750
0.387900
0.388450
0.395300
0.396300
0.409950
0.413750
0.423450
0.428525
0.437275
0.442200
0.442425
0.446700
0.452600
0.454875
0.457050
0.460075
0.463100
0.468975
0.488350
0.489675
0.492250
0.494075
0.494700
0.496225
0.506850
0.516550
0.520525
0.523200
0.523525
0.528575
0.529300
0.536275
0.539475
0.540725
0.542725
0.542775
0.554975
0.570250
0.570350
0.571150
0.574275
0.575325
0.576625
0.583100
0.585475
0.589725
0.610900
0.612500
0.618575
0.631375
0.632575
0.643825
0.648625
0.650175
0.651850
0.663425
0.666700
0.667550
0.669050
0.675125
0.675725
0.685750
0.686300
0.695675
0.696000
0.707800
0.714875
0.720075
0.727150
0.730125
0.733675
0.737450
0.745150
0.748800
0.752300
0.755400
0.755700
0.757100
0.759400
0.767350
0.781200
0.791000
0.792875
0.794550
0.794625
0.798300
0.801475
0.815675
0.817725
0.818000
0.822775
0.824075
0.834775
0.840000
0.842325
0.873400
0.883100
0.884550
0.885800
0.894400
0.900800
0.900975
0.901250
0.904850
0.908450
0.937700
0.954475
0.962150
0.962250
0.963175
0.967675
0.972175
0.986075
0.988000
0.995325
1.004300
1.004850
1.009775
1.017400
1.031825
1.037275
1.045425
1.047650
1.076275
1.077175
1.140850
1.152775
1.155125
1.159150
1.172200
1.186700
1.187625
1.189725
1.192075
1.202925
1.222975
1.228575
1.245950
1.252225
1.262350
1.301725
1.321175
1.360000
1.436625
1.437250
1.501925
1.566000
1.597575
1.636525
1.714750
1.744425
1.814225
2.058325
2.067450
2.350300
2.355375
237
