0.003175
0.003875
0.006175
0.007675
0.021800
0.026975
0.030025
0.030700
0.031350
0.039575
0.043250
0.049850
0.051350
0.058000
0.070825
0.074150
0.079425
0.083175
0.084075
0.089025
0.091800
0.096275
0.098825
0.103650
0.105800
0.119425
0.124475
0.131675
0.146875
0.154675
0.160125
0.160475
0.162750
0.163100
0.168500
0.169175
0.173475
0.179650
0.182000
0.183250
0.195600
0.195850
0.198675
0.199675
0.202050
0.205225
0.209100
0.214025
0.228100
0.230650
0.231475
0.232425
0.236075
0.236175
0.240175
0.242975
0.247875
0.250675
0.256900
0.257800
0.263150
0.268700
0.276000
0.277425
0.286475
0.290575
0.301000
0.311550
0.313800
0.320675
0.321900
0.324450
0.333625
0.336050
0.336200
0.338500
0.339975
0.340125
0.340875
0.346875
0.348000
0.349750
0.360975
0.370275
0.383800
0.384050
0.407925
0.414275
0.424050
0.427225
0.430925
0.435900
0.438950
0.441050
0.442775
0.459650
0.489125
0.491100
0.495925
0.503800
0.516375
0.517400
0.517550
0.519325
0.520650
0.527700
0.528625
0.528875
0.531750
0.550200
0.551675
0.557425
0.558975
0.566675
0.574525
0.581450
0.583725
0.586450
0.589325
0.594825
0.597800
0.601450
0.602425
0.611875
0.617175
0.621700
0.638725
0.645625
0.650725
0.653575
0.655500
0.660475
0.666025
0.667250
0.669350
0.678475
0.678675
0.682150
0.690600
0.692325
0.695475
0.708350
0.708375
0.711575
0.713775
0.715775
0.716500
0.716700
0.719150
0.726475
0.727775
0.728400
0.736550
0.748725
0.755825
0.761600
0.764850
0.779450
0.789050
0.792375
0.795150
0.796650
0.804950
0.811625
0.814175
0.821900
0.828550
0.839575
0.845500
0.870975
0.874525
0.878475
0.887925
0.894375
0.905725
0.923875
0.925450
0.940350
0.941550
0.947000
0.954075
0.954475
0.960650
0.961425
0.961800
0.964625
0.976050
0.980125
0.980900
0.993425
0.999900
1.004175
1.008475
1.014850
1.034500
1.037875
1.068400
1.078725
1.098375
1.106800
1.120350
1.124500
1.127800
1.134625
1.137500
1.167400
1.204375
1.209275
1.220400
1.225675
1.261900
1.283275
1.283700
1.299300
1.366450
1.366525
1.412550
1.435450
1.457100
1.460275
1.470375
1.489475
1.512700
1.519925
1.522800
1.608325
1.627550
1.664175
1.682400
1.706225
1.793475
1.814575
2.046425
233
