0.022750
0.023225
0.034575
0.035050
0.043675
0.052050
0.053975
0.066625
0.068300
0.075625
0.077500
0.082025
0.085175
0.086575
0.094300
0.110675
0.112800
0.113250
0.132075
0.147250
0.147325
0.148150
0.150700
0.151850
0.153950
0.162750
0.173100
0.173200
0.187950
0.192550
0.194050
0.195825
0.200450
0.209100
0.209275
0.214025
0.218800
0.226750
0.227025
0.235575
0.244475
0.251475
0.253275
0.255600
0.263325
0.263500
0.265250
0.268150
0.269475
0.273450
0.281150
0.282625
0.293050
0.294850
0.297300
0.304975
0.305725
0.308825
0.320075
0.323500
0.324425
0.326600
0.329975
0.331450
0.345525
0.348775
0.350200
0.353075
0.360025
0.361875
0.364600
0.366250
0.369825
0.375675
0.379675
0.387450
0.393750
0.394175
0.401725
0.403300
0.405425
0.408200
0.409825
0.411850
0.418825
0.427150
0.433050
0.433150
0.440375
0.454975
0.458800
0.473475
0.477100
0.477225
0.477500
0.481750
0.484100
0.484325
0.495875
0.509050
0.510750
0.511250
0.512125
0.520875
0.521625
0.522250
0.523300
0.523575
0.525725
0.527950
0.528300
0.537125
0.549600
0.559425
0.560800
0.562625
0.567300
0.569550
0.570525
0.576825
0.579125
0.583800
0.585925
0.588675
0.594325
0.595250
0.599900
0.603000
0.605725
0.608625
0.610825
0.613850
0.615150
0.616400
0.673225
0.677100
0.686175
0.692100
0.695325
0.707050
0.711450
0.716600
0.717725
0.718975
0.725350
0.731125
0.741000
0.742825
0.751575
0.761500
0.771175
0.774825
0.778625
0.781400
0.794925
0.794950
0.795100
0.803775
0.804000
0.808000
0.809975
0.818575
0.821000
0.824775
0.834725
0.845025
0.845050
0.856575
0.858875
0.870400
0.910300
0.916375
0.926100
0.929500
0.936550
0.937275
0.940525
0.942775
0.947875
0.959025
0.976150
0.985525
0.995075
0.997800
1.006625
1.013350
1.023100
1.036300
1.039775
1.050575
1.058550
1.061075
1.064300
1.066900
1.088100
1.093825
1.096350
1.101950
1.104925
1.117850
1.124100
1.126300
1.156025
1.158925
1.168950
1.171350
1.173975
1.203075
1.204650
1.206750
1.214175
1.227950
1.252100
1.292875
1.315500
1.316100
1.399350
1.404575
1.410475
1.451375
1.575275
1.580400
1.594850
1.614925
1.647950
1.691175
1.735475
1.801925
1.865550
1.898725
1.997700
2.028200
2.095800
2.206800
2.209750
2.393075
236
