0.004025
0.006975
0.007450
0.010350
0.011250
0.012850
0.013250
0.019650
0.026300
0.031500
0.034850
0.035900
0.041075
0.041225
0.050950
0.059825
0.060600
0.062325
0.066100
0.068775
0.071275
0.074375
0.075650
0.076125
0.078125
0.090025
0.102650
0.108425
0.110725
0.110725
0.118350
0.119575
0.125325
0.126100
0.128800
0.130675
0.132950
0.135925
0.137700
0.140725
0.143675
0.146875
0.157575
0.158425
0.161775
0.166650
0.172175
0.177000
0.178200
0.178300
0.186375
0.187650
0.190325
0.204600
0.211925
0.213150
0.213550
0.214450
0.216275
0.224725
0.226350
0.228325
0.235100
0.247425
0.250700
0.251700
0.251875
0.258050
0.259725
0.265225
0.269400
0.273950
0.274300
0.275175
0.293525
0.294050
0.296475
0.299375
0.300150
0.305950
0.305950
0.310000
0.311825
0.316250
0.320100
0.326975
0.327350
0.327500
0.338775
0.341475
0.349775
0.353400
0.354050
0.358675
0.378200
0.391800
0.393000
0.393425
0.397500
0.398650
0.416425
0.432100
0.434850
0.440925
0.455575
0.462250
0.467500
0.471650
0.473375
0.481775
0.484700
0.488150
0.511750
0.530775
0.532250
0.534850
0.540625
0.567850
0.571425
0.575425
0.575625
0.576200
0.589925
0.601850
0.609200
0.609575
0.613100
0.613625
0.614950
0.616925
0.617450
0.617950
0.621975
0.624525
0.625925
0.630075
0.638000
0.642000
0.644975
0.645800
0.646075
0.655775
0.659950
0.666925
0.670600
0.676125
0.679250
0.684550
0.686000
0.690225
0.702925
0.704425
0.709100
0.713200
0.722350
0.726550
0.728800
0.729250
0.733525
0.734825
0.740800
0.741150
0.745625
0.747800
0.750150
0.753575
0.763625
0.768200
0.770975
0.774225
0.777800
0.777825
0.787850
0.788775
0.792250
0.793675
0.807675
0.809525
0.816075
0.819050
0.820925
0.821175
0.822100
0.843150
0.849425
0.850400
0.858850
0.863900
0.872750
0.874075
0.874100
0.884175
0.886000
0.894500
0.911550
0.911700
0.915450
0.921175
0.922850
0.938050
0.946875
0.947575
0.968950
0.972150
0.979375
0.980025
0.980100
0.984500
0.995850
1.000825
1.012775
1.018975
1.021825
1.023200
1.023425
1.032050
1.037900
1.038950
1.045675
1.048050
1.056000
1.061275
1.065925
1.077850
1.087700
1.088950
1.101500
1.104775
1.128300
1.135550
1.143725
1.148875
1.156025
1.195675
1.211300
1.214300
1.227025
1.228900
1.229975
1.261600
1.262000
1.263625
1.269150
1.270975
1.284275
1.308150
1.362350
1.373525
1.379775
1.419750
1.483900
1.495775
1.508875
1.520600
1.561675
1.566550
1.575950
1.606350
1.638325
1.655775
1.686125
1.704775
1.747900
1.769425
1.801100
1.801625
1.821825
1.896575
2.050800
2.059775
2.075825
2.100300
2.333550
273
