0.019125
0.030475
0.035700
0.036550
0.046550
0.050175
0.054100
0.058325
0.066425
0.070350
0.075200
0.076000
0.079150
0.081225
0.083500
0.092150
0.093900
0.100350
0.100750
0.107325
0.107550
0.112775
0.113300
0.121100
0.124350
0.125925
0.130625
0.132250
0.132350
0.134150
0.134525
0.136225
0.136675
0.137325
0.137775
0.140475
0.146100
0.146575
0.150225
0.153625
0.156800
0.158700
0.163000
0.164100
0.164100
0.165925
0.167350
0.177450
0.181275
0.182375
0.182775
0.186425
0.190275
0.192100
0.195675
0.196175
0.196325
0.197075
0.206925
0.209275
0.210575
0.212775
0.213800
0.214375
0.216475
0.217975
0.223950
0.224525
0.229450
0.231725
0.236025
0.236950
0.237025
0.238450
0.245700
0.251575
0.252050
0.262350
0.267525
0.271300
0.278275
0.302175
0.306600
0.308925
0.310050
0.314200
0.315750
0.323600
0.325525
0.331525
0.334400
0.339275
0.346225
0.350175
0.354600
0.357375
0.358250
0.359250
0.364325
0.365000
0.384825
0.385575
0.395725
0.412350
0.414100
0.416050
0.419925
0.421250
0.424375
0.427725
0.431550
0.431575
0.446575
0.450000
0.450400
0.453125
0.456350
0.462200
0.462275
0.463625
0.469475
0.472600
0.489875
0.490275
0.494300
0.497550
0.501700
0.505500
0.506975
0.510625
0.510725
0.515625
0.518050
0.519525
0.523650
0.527875
0.535750
0.540250
0.543375
0.544225
0.544525
0.555975
0.556050
0.557000
0.558825
0.561700
0.562675
0.566600
0.567575
0.573375
0.574175
0.582675
0.588650
0.589150
0.589200
0.589625
0.590150
0.593625
0.602675
0.603075
0.609750
0.612200
0.625325
0.626800
0.631075
0.631400
0.634675
0.638525
0.643025
0.645375
0.650550
0.660175
0.661450
0.672725
0.674875
0.680450
0.695925
0.697650
0.697950
0.700675
0.700775
0.701650
0.721000
0.723950
0.732925
0.739350
0.743575
0.744275
0.746350
0.749975
0.756650
0.766475
0.767225
0.772575
0.774325
0.779450
0.785325
0.790875
0.792400
0.794050
0.796225
0.799775
0.805825
0.807150
0.819475
0.824100
0.826900
0.832225
0.838225
0.846200
0.897575
0.898900
0.908825
0.914775
0.914900
0.918600
0.930225
0.937600
0.953525
0.969025
0.984200
0.986375
0.993825
1.000250
1.006075
1.026575
1.033400
1.034050
1.038950
1.041600
1.049775
1.050525
1.055475
1.074750
1.080100
1.082200
1.092425
1.097250
1.097950
1.117875
1.128025
1.170950
1.188450
1.195075
1.196300
1.218725
1.220075
1.228250
1.250225
1.264000
1.266400
1.272150
1.274750
1.277975
1.308500
1.317400
1.320050
1.328425
1.338775
1.349100
1.383125
1.462175
1.474975
1.522775
1.571375
1.594125
1.652000
1.792100
1.800700
1.836750
1.859575
1.931175
1.998275
2.059750
2.089850
2.160400
2.227050
2.339950
278
