0.001150
0.002375
0.007875
0.012325
0.018100
0.022575
0.028375
0.030150
0.036500
0.043675
0.051625
0.051700
0.066000
0.066275
0.071225
0.076425
0.081900
0.083775
0.085350
0.091450
0.092075
0.094400
0.095825
0.101175
0.102675
0.113575
0.120050
0.142775
0.145725
0.149050
0.149425
0.161650
0.167225
0.175575
0.178225
0.181550
0.185825
0.186100
0.187675
0.197725
0.201525
0.209150
0.209250
0.209800
0.220550
0.220700
0.224625
0.230825
0.235650
0.238625
0.243075
0.245250
0.255025
0.255450
0.261800
0.263400
0.271075
0.280175
0.280350
0.287175
0.293750
0.293875
0.299450
0.322625
0.323650
0.325975
0.329875
0.331000
0.338100
0.338300
0.345100
0.355700
0.356625
0.364775
0.370500
0.375225
0.383500
0.386950
0.391050
0.398125
0.399300
0.400450
0.401075
0.415900
0.421450
0.431900
0.435175
0.446350
0.452450
0.455225
0.457075
0.460100
0.462075
0.463600
0.469725
0.479275
0.480625
0.485800
0.487250
0.492175
0.498025
0.498375
0.499025
0.526425
0.527700
0.541900
0.544975
0.548350
0.549625
0.551100
0.555750
0.561725
0.584225
0.588725
0.589700
0.591400
0.602750
0.603375
0.610600
0.612450
0.616200
0.619700
0.622850
0.627050
0.650375
0.657725
0.672725
0.674175
0.681775
0.686325
0.709500
0.718350
0.725750
0.728100
0.729225
0.730450
0.732600
0.742175
0.747600
0.747750
0.747800
0.756950
0.763300
0.769475
0.771475
0.772750
0.778775
0.780750
0.782150
0.791025
0.791825
0.798900
0.807600
0.807725
0.808925
0.810175
0.812075
0.828725
0.834225
0.839500
0.849900
0.856350
0.860725
0.882375
0.885025
0.885900
0.887550
0.901300
0.907650
0.919600
0.920550
0.925875
0.932225
0.955100
0.957650
0.963050
0.969275
0.982925
0.987825
0.991325
0.994925
0.996525
1.004625
1.007925
1.016150
1.016600
1.021175
1.025525
1.025650
1.031850
1.035025
1.036525
1.038350
1.038375
1.048400
1.063600
1.076175
1.087025
1.102525
1.116350
1.127750
1.145025
1.169100
1.172000
1.192875
1.193150
1.230025
1.232750
1.242975
1.248575
1.258325
1.265175
1.283550
1.305675
1.333275
1.342125
1.361100
1.375575
1.385525
1.441900
1.480525
1.503350
1.525250
1.551725
1.593475
1.649700
1.686125
1.721725
1.765400
1.844350
1.932550
2.001375
2.456400
2.485175
234
