0.005450
0.006175
0.015750
0.017850
0.020750
0.031475
0.031900
0.034750
0.034975
0.042075
0.045425
0.051250
0.054350
0.054550
0.057575
0.065825
0.070225
0.072850
0.073375
0.073525
0.079100
0.079850
0.082650
0.085300
0.085875
0.087675
0.089325
0.094000
0.096475
0.098500
0.098825
0.115775
0.126100
0.126250
0.135350
0.136475
0.137350
0.138925
0.143925
0.144775
0.147750
0.148825
0.151025
0.153600
0.165500
0.170825
0.180750
0.186225
0.190900
0.196800
0.201650
0.203475
0.204125
0.210925
0.215050
0.218050
0.218425
0.219950
0.225800
0.232975
0.236275
0.244350
0.247125
0.248950
0.249150
0.262025
0.265525
0.271200
0.271400
0.272750
0.275225
0.278600
0.283675
0.288100
0.293275
0.301475
0.304825
0.311275
0.314150
0.314350
0.316925
0.318700
0.329300
0.330875
0.345375
0.347425
0.351875
0.360250
0.370875
0.380375
0.383875
0.385975
0.386925
0.388275
0.393700
0.397050
0.405775
0.412275
0.423025
0.423375
0.432375
0.433575
0.439025
0.447550
0.450575
0.451425
0.481550
0.499425
0.500300
0.507525
0.509050
0.515375
0.517900
0.518525
0.519650
0.529825
0.530200
0.533250
0.538325
0.543675
0.555800
0.557075
0.568075
0.568800
0.569650
0.572675
0.573075
0.575125
0.584650
0.607925
0.609200
0.615575
0.617325
0.622150
0.624400
0.626525
0.627950
0.635375
0.648925
0.661850
0.678550
0.682400
0.691750
0.693350
0.696000
0.697300
0.702750
0.704050
0.704150
0.707625
0.707950
0.708375
0.719000
0.720000
0.723000
0.726900
0.728625
0.731975
0.737125
0.739800
0.742875
0.756650
0.758875
0.762125
0.762725
0.767900
0.774375
0.775875
0.777650
0.778325
0.785100
0.788475
0.788550
0.798075
0.799675
0.806975
0.807025
0.819800
0.821175
0.822150
0.827925
0.838300
0.842200
0.844875
0.848825
0.852575
0.855900
0.872225
0.894625
0.894875
0.930800
0.930850
0.934700
0.947250
0.947725
0.968500
0.973200
0.976325
0.979450
0.979500
0.993625
0.995575
1.012300
1.015175
1.029450
1.034175
1.039150
1.040600
1.046000
1.069100
1.076625
1.113450
1.118450
1.118875
1.141875
1.167700
1.169975
1.179050
1.182125
1.210625
1.215250
1.228600
1.229475
1.303025
1.312800
1.367200
1.369900
1.379900
1.387025
1.417600
1.458925
1.459550
1.495300
1.497950
1.538150
1.570425
1.595675
1.616875
1.637600
1.639975
1.654550
1.767175
1.782375
1.802825
1.923625
1.958000
1.981750
1.984950
1.998500
2.004650
2.032200
2.034600
2.208350
2.262275
2.270375
2.275600
256
