0.004150
0.007375
0.010850
0.010875
0.011275
0.016250
0.017925
0.019450
0.036275
0.038400
0.039000
0.042050
0.055125
0.063725
0.070825
0.076275
0.077325
0.078925
0.088400
0.088425
0.091800
0.091950
0.095775
0.100800
0.109375
0.115600
0.117825
0.118150
0.124525
0.125075
0.133175
0.133600
0.136025
0.136375
0.148400
0.151900
0.153025
0.156575
0.162775
0.186575
0.192125
0.194850
0.201150
0.212600
0.214875
0.215925
0.221175
0.224275
0.232450
0.234725
0.244000
0.247875
0.250000
0.252200
0.252475
0.254725
0.255075
0.255550
0.260925
0.265775
0.271375
0.274325
0.276550
0.277150
0.278225
0.278875
0.298475
0.301575
0.302850
0.303025
0.303175
0.303975
0.308075
0.308750
0.313000
0.319025
0.319375
0.325900
0.330425
0.336250
0.340225
0.340675
0.351550
0.354600
0.372275
0.375200
0.376175
0.381775
0.385200
0.385300
0.390500
0.392375
0.397500
0.398425
0.403725
0.420400
0.426475
0.426675
0.428925
0.430875
0.432500
0.443650
0.448925
0.449875
0.450725
0.452225
0.452400
0.453550
0.454025
0.454525
0.455125
0.455575
0.461000
0.464575
0.473325
0.479550
0.484375
0.485775
0.494025
0.500925
0.511775
0.513350
0.521975
0.523575
0.527925
0.528375
0.529525
0.530725
0.532650
0.536750
0.538475
0.539900
0.540000
0.541775
0.542425
0.545900
0.554550
0.559475
0.561025
0.561575
0.564100
0.571075
0.594200
0.597000
0.599825
0.601300
0.601375
0.602750
0.611875
0.612950
0.617900
0.621000
0.622375
0.626650
0.639800
0.645625
0.648825
0.649150
0.651925
0.654900
0.657600
0.668025
0.678425
0.683725
0.694125
0.695600
0.698525
0.699525
0.699650
0.703400
0.708975
0.710525
0.710925
0.711825
0.720400
0.722475
0.726425
0.728475
0.731875
0.732825
0.735100
0.740925
0.741950
0.744900
0.767175
0.767950
0.771225
0.771750
0.775350
0.779700
0.785750
0.805800
0.809450
0.814050
0.815350
0.833700
0.836300
0.836425
0.838625
0.841625
0.847450
0.847775
0.850600
0.864675
0.866050
0.872825
0.885400
0.886025
0.897050
0.898800
0.905250
0.910275
0.946825
0.951125
0.951775
0.962425
0.969600
0.992750
0.995200
1.003200
1.010525
1.016475
1.016925
1.023050
1.025225
1.039975
1.044050
1.054625
1.061275
1.076125
1.078550
1.082350
1.092875
1.120200
1.137875
1.150050
1.179050
1.181850
1.183400
1.218550
1.239750
1.248600
1.254750
1.262200
1.262500
1.286050
1.288325
1.299600
1.307375
1.353975
1.378125
1.382075
1.473025
1.511400
1.512100
1.527475
1.548525
1.577125
1.599325
1.610900
1.632450
1.639125
1.662550
1.718750
1.724425
1.773550
1.800375
1.827950
1.916975
2.034325
270
