0.007275
0.024275
0.028075
0.029875
0.033175
0.040675
0.046300
0.056850
0.061975
0.070850
0.082375
0.090000
0.090150
0.099425
0.127500
0.133125
0.133625
0.138375
0.146450
0.146800
0.149550
0.158950
0.162300
0.164275
0.170100
0.178925
0.180000
0.190600
0.192525
0.194225
0.200925
0.207700
0.210900
0.211325
0.213025
0.217700
0.218025
0.237675
0.254525
0.257425
0.260750
0.264450
0.265225
0.266075
0.266200
0.270875
0.271825
0.276900
0.277325
0.281400
0.295100
0.298725
0.308875
0.314450
0.316025
0.323400
0.324275
0.338400
0.340600
0.340625
0.341900
0.344775
0.358050
0.359025
0.360525
0.370475
0.373050
0.374175
0.377375
0.378525
0.385500
0.402200
0.403900
0.404350
0.407750
0.414100
0.431125
0.433250
0.436225
0.442600
0.443350
0.446325
0.447950
0.456675
0.462475
0.464525
0.473750
0.487250
0.487825
0.488450
0.511025
0.519625
0.523375
0.529825
0.530050
0.543725
0.545525
0.546450
0.547525
0.552725
0.554225
0.571625
0.572675
0.577775
0.579125
0.580225
0.580875
0.585675
0.586350
0.589250
0.590025
0.590725
0.590975
0.593975
0.594475
0.597225
0.604475
0.610950
0.611150
0.611825
0.614200
0.640375
0.651100
0.651800
0.652350
0.660525
0.677875
0.678675
0.683375
0.683475
0.687750
0.697200
0.702825
0.705000
0.709125
0.709850
0.739075
0.739750
0.740950
0.753900
0.768175
0.771050
0.777350
0.779175
0.779425
0.783575
0.792825
0.794675
0.804975
0.808575
0.810200
0.813475
0.818925
0.822075
0.823250
0.828225
0.841025
0.841700
0.846400
0.851525
0.860100
0.868125
0.869075
0.873925
0.886875
0.892125
0.895475
0.895750
0.903375
0.909725
0.919275
0.941025
0.942625
0.948750
0.952850
0.966150
0.978250
0.996700
1.003650
1.010425
1.012025
1.016100
1.034700
1.040050
1.040725
1.050850
1.060675
1.071800
1.121675
1.133800
1.136400
1.139500
1.157900
1.169375
1.174475
1.183900
1.185900
1.193975
1.209675
1.216900
1.217350
1.224800
1.235925
1.242750
1.277875
1.290950
1.308075
1.372325
1.394700
1.406700
1.435100
1.451800
1.467150
1.481400
1.502650
1.531025
1.586725
1.662450
1.692125
1.757050
1.776650
1.785225
1.903800
2.367900
224
