0.002450
0.003225
0.004825
0.013250
0.023375
0.028075
0.028850
0.029400
0.030650
0.033050
0.041600
0.051675
0.056350
0.056675
0.068200
0.070350
0.075075
0.088500
0.092750
0.097000
0.100800
0.103650
0.105900
0.106375
0.115950
0.129250
0.130575
0.135875
0.136925
0.140725
0.150850
0.156025
0.164900
0.166825
0.167675
0.177600
0.180900
0.184125
0.185575
0.188750
0.200975
0.209250
0.214350
0.217600
0.220250
0.222150
0.226825
0.227650
0.229750
0.229800
0.230200
0.234350
0.238300
0.251000
0.251925
0.253875
0.258425
0.261500
0.271450
0.273375
0.278775
0.280075
0.280125
0.283225
0.286300
0.287875
0.288350
0.289900
0.290350
0.291975
0.294350
0.296025
0.302650
0.317500
0.318750
0.322625
0.325600
0.328975
0.329175
0.335600
0.341050
0.343850
0.344500
0.345000
0.347900
0.349650
0.356850
0.359975
0.370725
0.372650
0.377550
0.382300
0.383825
0.384000
0.400900
0.411500
0.417050
0.420675
0.421050
0.428975
0.429925
0.431225
0.441900
0.444725
0.444975
0.447475
0.447725
0.447950
0.457625
0.458000
0.461675
0.465350
0.471100
0.471550
0.480050
0.480350
0.484125
0.487750
0.489275
0.495125
0.497725
0.514125
0.518300
0.519875
0.520875
0.524425
0.527925
0.530525
0.542325
0.556400
0.558450
0.567175
0.579750
0.582975
0.595425
0.599850
0.604500
0.615925
0.616475
0.617325
0.627175
0.638475
0.641350
0.653075
0.664525
0.665000
0.671125
0.674200
0.674800
0.677175
0.677625
0.682025
0.685400
0.685575
0.689700
0.698450
0.704125
0.708600
0.710200
0.710300
0.711350
0.717100
0.719975
0.725775
0.726975
0.738500
0.747125
0.749375
0.750175
0.751625
0.754150
0.755875
0.757025
0.764700
0.764875
0.766225
0.780700
0.785400
0.788075
0.788750
0.803700
0.819825
0.821475
0.827550
0.828550
0.829800
0.833225
0.838950
0.870225
0.875425
0.877475
0.883050
0.887725
0.892300
0.896875
0.896875
0.897875
0.899250
0.905150
0.907600
0.915250
0.916675
0.918500
0.919000
0.927650
0.929525
0.934350
0.938300
0.940850
0.949475
0.952725
0.954575
0.981150
0.989425
0.997325
0.997450
0.998450
1.015225
1.022525
1.023650
1.028250
1.047050
1.052375
1.057275
1.058675
1.105125
1.111325
1.117600
1.123150
1.124825
1.127050
1.131450
1.155900
1.171625
1.208975
1.229000
1.266150
1.266575
1.289550
1.289725
1.374225
1.376325
1.381475
1.496525
1.519450
1.520775
1.523650
1.584275
1.615925
1.624450
1.638525
1.671600
1.696150
1.700325
1.786850
1.871400
1.884025
2.008175
2.235925
2.247575
2.251325
2.255850
2.460450
2.488625
264
