0.015700
0.015925
0.018825
0.024675
0.026300
0.029325
0.029975
0.033725
0.047200
0.049025
0.052675
0.057175
0.063775
0.065700
0.072100
0.074200
0.076550
0.079350
0.089450
0.090250
0.091000
0.092750
0.095650
0.108000
0.111575
0.111700
0.118225
0.124900
0.143050
0.154875
0.162450
0.170475
0.171875
0.177225
0.182250
0.182625
0.183625
0.184400
0.189550
0.195825
0.210925
0.211925
0.215050
0.225600
0.244775
0.252950
0.253125
0.254225
0.258025
0.263950
0.265300
0.273350
0.276275
0.280150
0.282850
0.284275
0.288125
0.289825
0.297000
0.300625
0.301925
0.309000
0.309175
0.309800
0.316675
0.317775
0.322450
0.336850
0.339750
0.342475
0.342950
0.358400
0.359675
0.363675
0.370500
0.388125
0.403625
0.407225
0.413200
0.415600
0.423125
0.423225
0.425700
0.436975
0.441550
0.454775
0.458625
0.478950
0.480125
0.480700
0.484100
0.487375
0.487875
0.488450
0.509025
0.513000
0.514875
0.516450
0.517675
0.518200
0.520850
0.521900
0.524075
0.526800
0.528500
0.537675
0.539000
0.541475
0.543550
0.545200
0.547925
0.548825
0.557300
0.561625
0.563325
0.563550
0.571075
0.576525
0.576775
0.580150
0.585000
0.585675
0.600325
0.601850
0.607100
0.610375
0.613100
0.619650
0.623325
0.635375
0.646125
0.650500
0.650850
0.652300
0.654900
0.655800
0.656200
0.659875
0.661675
0.675375
0.675400
0.678350
0.679400
0.684150
0.685700
0.689400
0.693375
0.695100
0.697600
0.698925
0.700850
0.705025
0.705525
0.706400
0.716700
0.716800
0.720900
0.729825
0.731275
0.738325
0.742575
0.743625
0.745900
0.748225
0.748425
0.769950
0.773025
0.775125
0.790225
0.795150
0.805075
0.820250
0.840825
0.845975
0.847750
0.851225
0.864825
0.870875
0.874425
0.883775
0.889825
0.894800
0.900400
0.904425
0.907375
0.908350
0.910900
0.917675
0.918350
0.919325
0.920025
0.925100
0.936700
0.948950
0.958325
0.963875
0.968125
0.975950
0.979775
0.980250
0.985200
0.985925
1.025700
1.029150
1.039725
1.049150
1.073200
1.085825
1.107100
1.130275
1.133450
1.136250
1.139300
1.153725
1.159525
1.160450
1.165450
1.187725
1.226675
1.231500
1.234650
1.246525
1.263650
1.281325
1.281700
1.359725
1.361000
1.362250
1.447850
1.483100
1.528175
1.530000
1.575275
1.640100
1.673150
1.692350
1.752625
1.756400
1.844250
2.043800
2.184675
2.216950
2.263175
2.460325
244
