0.001425
0.005975
0.018425
0.019875
0.034000
0.035000
0.036075
0.037125
0.038600
0.038925
0.057150
0.060775
0.065250
0.070800
0.079050
0.097350
0.098325
0.099200
0.104925
0.107775
0.111000
0.127125
0.128250
0.128525
0.146700
0.148400
0.148900
0.153225
0.153350
0.156950
0.158625
0.162075
0.164475
0.178800
0.184200
0.191275
0.194350
0.234950
0.235400
0.241200
0.264450
0.275200
0.276775
0.280325
0.281425
0.282925
0.290100
0.294350
0.297200
0.297625
0.298275
0.313750
0.316000
0.320350
0.327150
0.331875
0.336675
0.338925
0.339225
0.339850
0.340925
0.341000
0.341425
0.345050
0.350600
0.350825
0.367450
0.368050
0.368725
0.370525
0.382675
0.389200
0.397300
0.405950
0.415275
0.416875
0.431350
0.431850
0.437250
0.440800
0.444275
0.446650
0.450125
0.455900
0.473600
0.480100
0.490925
0.508600
0.509725
0.514600
0.515175
0.516350
0.522300
0.524925
0.525700
0.530550
0.534875
0.542650
0.557300
0.559600
0.559925
0.564775
0.568900
0.569225
0.572875
0.576625
0.577525
0.577575
0.580975
0.583150
0.587525
0.588475
0.601400
0.602300
0.605350
0.607875
0.629025
0.629225
0.631925
0.638225
0.646275
0.649575
0.649800
0.652875
0.657650
0.662625
0.667875
0.668400
0.683175
0.691675
0.692550
0.697025
0.704400
0.707775
0.708225
0.708375
0.712150
0.716725
0.717475
0.730625
0.735175
0.735850
0.749000
0.752025
0.764425
0.770250
0.770925
0.778725
0.778900
0.786475
0.791000
0.813425
0.827725
0.831575
0.831675
0.850550
0.861750
0.870725
0.871225
0.881875
0.890150
0.898950
0.905875
0.907875
0.911775
0.924250
0.933150
0.944350
0.953525
0.955525
0.965875
0.973950
1.002000
1.002950
1.013450
1.019375
1.026700
1.039075
1.041225
1.043300
1.053975
1.056975
1.087350
1.096775
1.097975
1.111475
1.132300
1.132750
1.147875
1.161325
1.168575
1.188150
1.192000
1.193050
1.200025
1.236325
1.251850
1.270300
1.271025
1.272425
1.289150
1.291675
1.296775
1.309350
1.333800
1.336600
1.342725
1.358725
1.372825
1.385700
1.395825
1.404525
1.424025
1.451250
1.491700
1.521175
1.526350
1.546125
1.616500
1.628725
1.673625
1.684400
1.693875
1.709375
1.755000
1.803425
1.804900
1.840650
1.984775
2.011475
2.092600
2.155475
232
