0.008550
0.016025
0.019675
0.021675
0.022075
0.045000
0.051575
0.051725
0.051850
0.055675
0.059900
0.062075
0.064400
0.069750
0.075925
0.080675
0.084650
0.086850
0.088625
0.089200
0.091500
0.092550
0.100125
0.101450
0.105600
0.106875
0.110475
0.111100
0.113450
0.116000
0.116050
0.119175
0.119800
0.123350
0.132650
0.133525
0.137100
0.147150
0.147900
0.148000
0.148925
0.153050
0.155900
0.160175
0.163025
0.164225
0.171350
0.172575
0.172675
0.186550
0.191750
0.197025
0.198025
0.198850
0.201025
0.201875
0.203750
0.206400
0.211700
0.215325
0.219400
0.223550
0.223775
0.226825
0.242375
0.243700
0.251225
0.256075
0.262175
0.262800
0.265350
0.279050
0.280625
0.293425
0.299525
0.304600
0.304825
0.307850
0.309550
0.315600
0.317175
0.323300
0.325550
0.353050
0.355400
0.366525
0.370050
0.373025
0.376925
0.390450
0.394500
0.399775
0.400975
0.402525
0.403850
0.420475
0.424725
0.424775
0.437600
0.439925
0.441650
0.442425
0.442750
0.447600
0.449350
0.455725
0.458600
0.463150
0.480250
0.482825
0.488325
0.490675
0.504200
0.518875
0.519725
0.522600
0.526600
0.533225
0.533550
0.536200
0.544750
0.545625
0.561300
0.562500
0.568900
0.572175
0.574675
0.578225
0.584425
0.586750
0.597125
0.601650
0.605250
0.613900
0.616525
0.619600
0.631775
0.632550
0.634325
0.634950
0.638475
0.648875
0.653550
0.653550
0.656550
0.660350
0.664950
0.668250
0.672225
0.683075
0.687050
0.692750
0.701200
0.701350
0.702375
0.703550
0.710875
0.719325
0.723975
0.732550
0.736850
0.758125
0.759050
0.761775
0.762450
0.766475
0.767175
0.771350
0.787650
0.791350
0.793200
0.794925
0.808300
0.819525
0.821050
0.821475
0.830000
0.832500
0.837075
0.843550
0.853125
0.853625
0.857700
0.866875
0.876775
0.882625
0.885675
0.886275
0.906575
0.921175
0.932900
0.936350
0.957875
0.962175
0.963075
0.964575
0.969200
0.976125
0.985225
0.986050
0.999700
1.001825
1.021475
1.038775
1.040725
1.055750
1.056875
1.070625
1.078925
1.098550
1.123425
1.128450
1.175100
1.185025
1.192750
1.196550
1.197050
1.203525
1.254625
1.258725
1.264275
1.292900
1.303425
1.315500
1.323900
1.338550
1.343500
1.356675
1.360600
1.401625
1.402825
1.407500
1.456425
1.459550
1.513125
1.518175
1.606100
1.647650
1.752850
1.799100
1.836975
1.890175
1.891650
1.903600
1.932325
1.954650
2.029175
2.365950
248
