0.008350
0.012400
0.013775
0.016525
0.030100
0.034275
0.043500
0.047925
0.050650
0.053725
0.054525
0.054575
0.056050
0.056900
0.058700
0.060350
0.060425
0.060875
0.061150
0.065075
0.066350
0.068100
0.070375
0.073725
0.073850
0.074000
0.075375
0.084825
0.087400
0.090475
0.093150
0.096375
0.101375
0.101925
0.103125
0.106400
0.107025
0.119175
0.125525
0.136300
0.139825
0.142625
0.149850
0.151025
0.160125
0.165000
0.166275
0.169525
0.172100
0.179975
0.182350
0.185200
0.194900
0.195175
0.208600
0.217350
0.223425
0.225825
0.226475
0.229050
0.233375
0.239275
0.239650
0.248675
0.248700
0.249475
0.249875
0.255600
0.256000
0.258650
0.260575
0.270700
0.276700
0.277325
0.291150
0.292125
0.292525
0.299000
0.314925
0.315325
0.318350
0.320025
0.323600
0.327150
0.337925
0.341575
0.341750
0.345875
0.358525
0.359000
0.362325
0.362525
0.363325
0.367750
0.382275
0.386675
0.390050
0.390500
0.391550
0.397800
0.412925
0.416075
0.419200
0.421225
0.424450
0.429975
0.430900
0.438350
0.446050
0.446500
0.457300
0.465100
0.474200
0.482650
0.491100
0.492425
0.494075
0.499375
0.508475
0.526125
0.526450
0.526700
0.543625
0.546450
0.553575
0.554875
0.557650
0.561425
0.567775
0.572350
0.573625
0.576625
0.578525
0.578825
0.579775
0.581000
0.585925
0.588350
0.598100
0.599425
0.607500
0.615225
0.622225
0.622525
0.627750
0.630250
0.638675
0.639400
0.640500
0.647350
0.648600
0.650650
0.652275
0.654075
0.662525
0.668600
0.674350
0.674750
0.678225
0.679900
0.681350
0.682250
0.688575
0.689025
0.689350
0.691250
0.703350
0.703650
0.704025
0.707100
0.709575
0.713800
0.733100
0.733900
0.737675
0.738700
0.744775
0.747750
0.747875
0.748700
0.751325
0.760750
0.765175
0.771500
0.771825
0.785800
0.801550
0.803125
0.818200
0.824200
0.825575
0.831200
0.836125
0.840925
0.844675
0.852700
0.863150
0.879225
0.883800
0.885825
0.887425
0.891450
0.902500
0.903875
0.910825
0.912050
0.917100
0.920400
0.922975
0.927175
0.929900
0.935925
0.961425
0.969400
0.970750
0.972100
0.977025
0.984625
0.990100
1.000225
1.003075
1.005025
1.010325
1.024775
1.026100
1.027200
1.027825
1.034400
1.044925
1.092375
1.095075
1.105400
1.109475
1.135975
1.136500
1.152725
1.168500
1.182000
1.184700
1.187400
1.188525
1.198025
1.199150
1.239275
1.316525
1.319250
1.354425
1.384300
1.413725
1.445675
1.457850
1.466700
1.477375
1.479725
1.492525
1.513900
1.541650
1.552500
1.554325
1.584025
1.630775
1.638900
1.707500
1.726125
1.901100
1.932675
2.004750
2.099450
2.127525
2.286225
270
