0.002275
0.002950
0.005650
0.012375
0.027550
0.035750
0.046300
0.046350
0.052975
0.057300
0.066175
0.074525
0.086450
0.088525
0.093275
0.096125
0.097275
0.099225
0.100475
0.107250
0.110125
0.110425
0.115175
0.118200
0.120150
0.121900
0.134475
0.138825
0.140225
0.151950
0.152975
0.160500
0.169200
0.176600
0.179675
0.179800
0.181375
0.181400
0.198625
0.199925
0.202050
0.202375
0.204275
0.210725
0.227000
0.227850
0.231975
0.236875
0.243000
0.247675
0.264150
0.271425
0.272875
0.275225
0.289825
0.295175
0.295525
0.297650
0.303650
0.305050
0.305850
0.308850
0.308900
0.311950
0.329375
0.329650
0.331175
0.335800
0.335825
0.338075
0.345600
0.351175
0.354200
0.360550
0.367150
0.367475
0.368050
0.370250
0.372325
0.377875
0.379025
0.382450
0.385100
0.386050
0.389250
0.391175
0.397900
0.399725
0.405275
0.406250
0.412250
0.416650
0.416975
0.422200
0.439950
0.444375
0.447150
0.451000
0.451975
0.461925
0.477925
0.484350
0.498575
0.499800
0.505450
0.511050
0.517225
0.521200
0.527400
0.530950
0.532200
0.538150
0.546475
0.548450
0.569300
0.570400
0.574700
0.574925
0.576650
0.577325
0.590275
0.605925
0.606975
0.612575
0.621850
0.627225
0.632575
0.637500
0.639000
0.641275
0.642000
0.642325
0.642875
0.646125
0.651150
0.652600
0.655500
0.663400
0.671575
0.672400
0.675850
0.682475
0.687900
0.698150
0.698175
0.706025
0.712100
0.712150
0.723675
0.724800
0.731725
0.734725
0.736350
0.744175
0.746975
0.753275
0.753425
0.763150
0.768950
0.769575
0.771675
0.777425
0.779950
0.784225
0.798000
0.807725
0.813425
0.816150
0.816975
0.819450
0.820600
0.830350
0.858275
0.859175
0.861050
0.868325
0.868375
0.869550
0.871075
0.881800
0.883725
0.884675
0.892025
0.898475
0.900475
0.909075
0.921675
0.963275
0.964650
0.974200
0.976525
0.977675
0.978900
0.993875
1.010575
1.012200
1.036675
1.045775
1.055025
1.059125
1.060950
1.061675
1.066675
1.071325
1.085675
1.100675
1.124250
1.136125
1.143575
1.147625
1.152125
1.157850
1.181750
1.190725
1.202700
1.207800
1.208225
1.223225
1.230425
1.269450
1.274225
1.276350
1.279900
1.286700
1.303300
1.338950
1.349050
1.384375
1.432025
1.440625
1.547550
1.576750
1.601175
1.631275
1.753275
1.762300
1.793125
1.822700
1.946425
1.957625
1.973300
2.006500
2.006975
2.482225
244
