0.002150
0.007050
0.009300
0.009675
0.010325
0.011800
0.013050
0.013600
0.014425
0.014925
0.019875
0.024400
0.024750
0.025025
0.031250
0.034600
0.039575
0.042700
0.043650
0.055450
0.056150
0.063850
0.068175
0.080250
0.092675
0.097000
0.103800
0.106450
0.109125
0.109750
0.116825
0.118050
0.119400
0.124000
0.130200
0.135125
0.135200
0.138750
0.155975
0.165375
0.166350
0.172275
0.172925
0.172925
0.177100
0.184050
0.187975
0.197975
0.201050
0.209175
0.213475
0.217550
0.219975
0.225625
0.225925
0.227675
0.237375
0.237650
0.248100
0.250450
0.261075
0.261475
0.261875
0.267800
0.270975
0.281350
0.290350
0.294275
0.295125
0.297325
0.317575
0.326475
0.330675
0.335900
0.341225
0.345550
0.349075
0.353825
0.358250
0.360100
0.372075
0.378025
0.379725
0.384725
0.392900
0.398650
0.400200
0.417875
0.421000
0.424100
0.424275
0.429450
0.438125
0.444650
0.446700
0.449500
0.457150
0.458000
0.459375
0.468750
0.471175
0.472850
0.475350
0.478700
0.487200
0.489200
0.504175
0.504825
0.506750
0.508400
0.509750
0.510100
0.515450
0.516275
0.516875
0.527950
0.531300
0.533000
0.535750
0.540075
0.540625
0.540725
0.543500
0.546050
0.548250
0.560750
0.565250
0.565500
0.566725
0.569775
0.570425
0.575225
0.580100
0.582900
0.583650
0.586625
0.599975
0.610900
0.613325
0.613450
0.615600
0.616250
0.617800
0.621450
0.634650
0.645050
0.650625
0.652000
0.660350
0.666150
0.666200
0.667025
0.667075
0.668775
0.670450
0.678975
0.680775
0.684350
0.698250
0.704650
0.711875
0.715800
0.717350
0.725300
0.727100
0.729600
0.729725
0.734075
0.738575
0.741600
0.745475
0.757300
0.757575
0.758075
0.761325
0.765950
0.770725
0.773350
0.783375
0.793425
0.803075
0.809825
0.810125
0.811000
0.822500
0.822800
0.836275
0.837800
0.844000
0.844425
0.844575
0.848125
0.850325
0.852325
0.854725
0.855900
0.867500
0.868425
0.870475
0.875450
0.887625
0.887925
0.902000
0.906750
0.923750
0.927775
0.929525
0.940675
0.958250
0.995225
1.000100
1.000900
1.001700
1.014175
1.020250
1.031700
1.056575
1.065300
1.078550
1.078750
1.121550
1.162825
1.191700
1.201275
1.216600
1.229950
1.236175
1.249425
1.255550
1.259100
1.290025
1.300400
1.317775
1.385600
1.417525
1.430600
1.431550
1.438925
1.456225
1.467125
1.476275
1.484600
1.509225
1.531300
1.539700
1.564050
1.586800
1.620200
1.638800
1.663950
1.674900
1.691275
1.867825
1.896800
1.914875
1.982625
2.009025
2.158625
2.396175
259
