0.005300
0.006700
0.011125
0.014200
0.018275
0.030675
0.038425
0.049800
0.055600
0.056850
0.058450
0.061050
0.061825
0.065925
0.070775
0.079350
0.082050
0.100675
0.103625
0.110575
0.116550
0.133925
0.135800
0.146700
0.156525
0.163900
0.169525
0.170200
0.174025
0.174900
0.177175
0.205925
0.208450
0.218125
0.218625
0.224300
0.224900
0.225500
0.229050
0.237100
0.237350
0.239775
0.242275
0.242950
0.247650
0.253475
0.264225
0.265325
0.266200
0.269400
0.277875
0.279225
0.282275
0.284100
0.289275
0.290325
0.291625
0.296300
0.299225
0.300875
0.301525
0.306625
0.312375
0.313925
0.314875
0.317100
0.325625
0.331125
0.334700
0.336575
0.337900
0.340325
0.346775
0.349825
0.355925
0.367525
0.373550
0.375650
0.377125
0.378175
0.395200
0.411700
0.412375
0.415175
0.421125
0.424050
0.432625
0.440575
0.440725
0.441225
0.444250
0.447500
0.447550
0.447625
0.451200
0.452250
0.465125
0.471125
0.473625
0.476650
0.481050
0.485550
0.489600
0.490350
0.504975
0.507775
0.508625
0.508800
0.513750
0.520125
0.521775
0.555875
0.567375
0.567950
0.584325
0.588600
0.602975
0.606275
0.609900
0.623475
0.627750
0.631475
0.637475
0.637775
0.639925
0.650375
0.662875
0.667775
0.674075
0.675525
0.695600
0.700650
0.701875
0.702750
0.727175
0.729950
0.744575
0.759025
0.761225
0.766825
0.770500
0.774625
0.774675
0.775175
0.778275
0.780325
0.783250
0.784550
0.785350
0.786575
0.792150
0.794000
0.794600
0.796050
0.809750
0.810400
0.818025
0.825900
0.827650
0.840575
0.857775
0.871225
0.875775
0.880900
0.897100
0.907200
0.921825
0.926750
0.933550
0.938475
0.955275
0.959050
0.961575
0.966775
0.969750
0.978150
0.987550
0.991475
0.996250
0.996525
0.999825
1.000300
1.004400
1.004825
1.007875
1.010300
1.034525
1.053250
1.056800
1.073950
1.079150
1.083250
1.089975
1.110150
1.111475
1.114475
1.114650
1.127850
1.136050
1.174425
1.182700
1.204975
1.208075
1.217925
1.229050
1.251425
1.297275
1.315300
1.346775
1.348150
1.354725
1.355500
1.447075
1.462700
1.464625
1.559025
1.640400
1.672525
1.698925
1.706000
1.789025
1.790550
1.961250
2.077875
2.102550
2.104250
226
