0.010250
0.010950
0.013400
0.014850
0.018150
0.024075
0.029000
0.037600
0.047400
0.050125
0.050600
0.062300
0.064425
0.064925
0.071775
0.074825
0.080300
0.082100
0.082525
0.083375
0.083525
0.096925
0.099600
0.106175
0.108325
0.111125
0.126850
0.128875
0.129525
0.131125
0.131825
0.133225
0.135150
0.140375
0.142100
0.146225
0.146950
0.152050
0.160175
0.166525
0.169800
0.179275
0.184850
0.192425
0.194275
0.196875
0.199675
0.200450
0.202150
0.203800
0.215400
0.215925
0.219250
0.220400
0.223575
0.240800
0.244100
0.254875
0.256500
0.259300
0.278975
0.279475
0.281725
0.283075
0.284200
0.285475
0.286050
0.287750
0.294900
0.299525
0.301125
0.305450
0.306750
0.318300
0.319100
0.322475
0.327100
0.333175
0.335100
0.344325
0.347225
0.352700
0.364300
0.375225
0.376375
0.378075
0.383825
0.385875
0.388000
0.389225
0.392650
0.403950
0.409625
0.412350
0.416000
0.416950
0.417350
0.419350
0.420975
0.426025
0.430900
0.433050
0.435225
0.445000
0.445175
0.445750
0.452175
0.456650
0.462825
0.465425
0.467500
0.476450
0.477100
0.483500
0.484675
0.495925
0.497350
0.507650
0.510125
0.518100
0.518125
0.520850
0.521400
0.542025
0.547050
0.561125
0.561700
0.567975
0.570750
0.574550
0.576725
0.583900
0.584300
0.586275
0.590075
0.594200
0.599875
0.601000
0.602425
0.603575
0.604475
0.611525
0.616150
0.622450
0.623700
0.625275
0.630425
0.635900
0.638500
0.640650
0.649650
0.651425
0.653575
0.658850
0.664425
0.664925
0.673900
0.681650
0.689950
0.691450
0.691775
0.708175
0.709500
0.712700
0.718875
0.721800
0.723950
0.726000
0.729600
0.733025
0.734675
0.736950
0.738500
0.745675
0.747900
0.755650
0.769750
0.777400
0.783100
0.787700
0.791475
0.811700
0.826300
0.827150
0.830650
0.840475
0.852575
0.861075
0.862175
0.880000
0.882625
0.882675
0.889250
0.896550
0.908500
0.909575
0.910075
0.917975
0.918000
0.919175
0.937000
0.945875
0.952200
0.953375
0.958300
0.961275
0.964975
0.973725
0.977500
1.003475
1.014900
1.031450
1.049225
1.053600
1.090350
1.098100
1.107450
1.117150
1.121275
1.125100
1.132400
1.156400
1.161275
1.204525
1.214450
1.231550
1.239175
1.240975
1.264150
1.287750
1.290525
1.364750
1.382975
1.405125
1.448125
1.495600
1.525475
1.565925
1.567475
1.647275
1.650975
1.659775
1.662100
1.717350
1.889450
1.891625
1.937500
2.089350
2.120375
2.215725
2.361675
2.414475
252
