0.002475
0.018375
0.019275
0.019450
0.020625
0.020625
0.021550
0.022075
0.022825
0.025400
0.026900
0.028000
0.034875
0.036925
0.042725
0.048175
0.051350
0.051600
0.055950
0.062850
0.077275
0.081400
0.085850
0.101300
0.103900
0.107500
0.120900
0.125600
0.144475
0.150550
0.154650
0.168175
0.175250
0.181800
0.184950
0.191775
0.200525
0.203375
0.210150
0.214850
0.215250
0.215675
0.220325
0.222125
0.223025
0.223550
0.224225
0.225975
0.226100
0.227525
0.230550
0.233475
0.239600
0.242200
0.243700
0.248625
0.250375
0.262400
0.267075
0.274975
0.275350
0.289100
0.299175
0.301975
0.303400
0.306775
0.308625
0.311400
0.315700
0.322975
0.323975
0.330900
0.337550
0.340925
0.344650
0.347100
0.365700
0.387250
0.388725
0.392125
0.392525
0.395875
0.412400
0.422025
0.422125
0.431525
0.445775
0.449325
0.451200
0.465800
0.468100
0.468975
0.469250
0.472400
0.476600
0.478825
0.485425
0.488500
0.489625
0.493175
0.494000
0.496275
0.497600
0.504375
0.523275
0.523875
0.524175
0.526450
0.527175
0.527400
0.534525
0.538200
0.541900
0.546100
0.553950
0.554025
0.554650
0.561950
0.565400
0.565500
0.569650
0.574200
0.583350
0.590050
0.594975
0.596550
0.596675
0.599775
0.603975
0.604550
0.607475
0.647825
0.657250
0.668575
0.675375
0.678200
0.685750
0.686175
0.687975
0.688825
0.699125
0.704725
0.712050
0.717900
0.719200
0.725400
0.728950
0.733050
0.737075
0.738650
0.739400
0.741125
0.750950
0.751100
0.754350
0.754625
0.758550
0.761550
0.762025
0.767650
0.787250
0.790675
0.791825
0.793250
0.794825
0.795550
0.798825
0.807525
0.831875
0.832800
0.838925
0.847425
0.866750
0.870600
0.875050
0.881425
0.885625
0.885675
0.886550
0.891375
0.898825
0.902950
0.904075
0.906750
0.914625
0.917450
0.918125
0.926550
0.931350
0.933975
0.942975
0.962225
0.965275
0.975350
0.999050
1.021750
1.026450
1.027350
1.031550
1.037875
1.040325
1.041525
1.050025
1.055525
1.075025
1.082575
1.084275
1.104300
1.107525
1.124000
1.129900
1.140400
1.140900
1.149925
1.179900
1.185825
1.186750
1.202525
1.218825
1.227700
1.236650
1.251875
1.255975
1.269300
1.270175
1.283200
1.300275
1.300625
1.308775
1.338850
1.352375
1.363350
1.375750
1.464850
1.475950
1.495500
1.568025
1.569850
2.070100
2.167325
2.188950
2.350750
2.356800
2.427425
244
