0.008175
0.011325
0.015475
0.020500
0.022350
0.026200
0.027775
0.031975
0.040925
0.046375
0.046725
0.057550
0.061325
0.061325
0.065050
0.066425
0.073550
0.079775
0.096600
0.100825
0.103000
0.103175
0.119350
0.121600
0.121675
0.124000
0.126650
0.130900
0.147500
0.147725
0.148850
0.152225
0.153150
0.156175
0.156375
0.167675
0.175575
0.178375
0.180200
0.183350
0.184600
0.186050
0.188650
0.194650
0.200550
0.206875
0.211725
0.212225
0.212925
0.220275
0.235950
0.236050
0.250775
0.255575
0.263400
0.264575
0.264900
0.265650
0.274850
0.279275
0.281000
0.312600
0.313250
0.313575
0.317000
0.325025
0.342650
0.349525
0.354750
0.358350
0.361725
0.364525
0.372800
0.373125
0.376675
0.394125
0.394425
0.400800
0.409875
0.418750
0.422850
0.425525
0.426250
0.427350
0.433775
0.434400
0.439075
0.441625
0.448350
0.449275
0.454450
0.455625
0.455925
0.458250
0.465350
0.470300
0.472900
0.474600
0.477725
0.478250
0.479075
0.481050
0.482775
0.487025
0.490200
0.492250
0.497700
0.500200
0.503425
0.506375
0.510725
0.513225
0.530775
0.532350
0.533025
0.537150
0.538375
0.542025
0.542650
0.547300
0.547500
0.552050
0.570000
0.572025
0.576700
0.580225
0.584975
0.585050
0.591900
0.592100
0.595975
0.597250
0.597475
0.600700
0.607850
0.615575
0.620150
0.628200
0.630150
0.630800
0.630900
0.635325
0.646225
0.650825
0.654450
0.660000
0.664750
0.665150
0.667475
0.668325
0.675325
0.677475
0.679925
0.685775
0.688100
0.688325
0.704950
0.705900
0.706625
0.713700
0.714225
0.714575
0.720500
0.721900
0.731750
0.733300
0.739875
0.740575
0.741850
0.751675
0.756375
0.759250
0.759850
0.761350
0.777375
0.789800
0.793275
0.805700
0.820350
0.824200
0.830275
0.836500
0.840475
0.844350
0.852900
0.859800
0.879800
0.881450
0.884375
0.891500
0.896050
0.909025
0.914400
0.914900
0.916275
0.921675
0.928700
0.929225
0.936825
0.939625
0.963200
0.966025
0.972450
0.977725
0.979850
1.005175
1.005950
1.006975
1.023975
1.029975
1.033950
1.044600
1.052175
1.066325
1.068850
1.116300
1.126375
1.161600
1.175850
1.181175
1.197075
1.206150
1.228700
1.253250
1.264175
1.267750
1.271125
1.271200
1.323875
1.344300
1.400100
1.421900
1.426575
1.480425
1.560750
1.566425
1.607200
1.643050
1.719300
1.850475
1.879650
1.890725
2.166850
2.213725
2.479400
245
