0.013150
0.016725
0.019375
0.022100
0.024875
0.028150
0.032900
0.034175
0.038950
0.038975
0.040600
0.045050
0.046875
0.048275
0.049700
0.050925
0.056800
0.058100
0.060350
0.060700
0.060825
0.060825
0.064250
0.065025
0.078600
0.078900
0.082650
0.096850
0.097900
0.102350
0.104825
0.105225
0.109075
0.118225
0.123050
0.123125
0.133000
0.143375
0.163650
0.167400
0.170025
0.171450
0.173075
0.197925
0.198825
0.205350
0.205400
0.209350
0.217825
0.220675
0.221850
0.222200
0.222800
0.226375
0.227575
0.228350
0.235675
0.253000
0.261125
0.262125
0.263450
0.264750
0.265500
0.271825
0.272275
0.273400
0.286125
0.300425
0.303775
0.313250
0.318025
0.328100
0.329575
0.337500
0.339825
0.341200
0.342500
0.344900
0.345150
0.345950
0.346575
0.348725
0.353775
0.361825
0.367125
0.375600
0.381275
0.403300
0.406675
0.408325
0.408500
0.420375
0.421775
0.436775
0.437625
0.438950
0.445700
0.446125
0.447475
0.451425
0.452425
0.470450
0.472425
0.476825
0.492675
0.493050
0.493750
0.497800
0.505825
0.518150
0.519425
0.520025
0.521025
0.522450
0.522825
0.531275
0.531400
0.534175
0.535875
0.539450
0.542950
0.544750
0.544900
0.551850
0.567725
0.573000
0.575150
0.603275
0.603300
0.607875
0.609100
0.623225
0.635825
0.651100
0.652425
0.653525
0.656875
0.676800
0.689825
0.698275
0.698625
0.699575
0.702725
0.703875
0.722550
0.724525
0.726075
0.728300
0.732175
0.733125
0.743825
0.748000
0.748525
0.759550
0.759975
0.765725
0.770225
0.776450
0.785650
0.785925
0.811250
0.816950
0.822300
0.822875
0.824350
0.828150
0.829275
0.834675
0.835350
0.855425
0.855475
0.868550
0.881575
0.883475
0.895925
0.907050
0.908525
0.910575
0.911225
0.911425
0.923600
0.935100
0.975650
0.980750
0.987425
0.991650
0.996825
1.014875
1.018275
1.028900
1.052900
1.057050
1.057600
1.066975
1.079450
1.083125
1.100450
1.120750
1.132225
1.133975
1.136075
1.143950
1.144075
1.180475
1.215950
1.219975
1.221200
1.225325
1.230950
1.247900
1.262275
1.275975
1.276600
1.279225
1.295500
1.307225
1.321875
1.335825
1.388875
1.406325
1.462225
1.533800
1.548100
1.615825
1.661725
1.699800
1.734100
1.776350
1.807575
1.835400
1.846400
1.858225
1.874550
2.002000
2.063425
2.213600
236
