0.008750
0.010000
0.013300
0.013675
0.014600
0.017075
0.019875
0.034425
0.036300
0.048750
0.050750
0.052050
0.053775
0.073775
0.079225
0.087900
0.098525
0.105225
0.105475
0.106700
0.108200
0.111550
0.113075
0.118350
0.125175
0.126625
0.141850
0.142850
0.143050
0.154150
0.156425
0.156800
0.173575
0.174525
0.179675
0.184175
0.191000
0.196275
0.196625
0.201425
0.203950
0.205900
0.219625
0.221575
0.224275
0.227575
0.229025
0.230900
0.241025
0.250575
0.257100
0.257225
0.265400
0.268925
0.287875
0.288375
0.291625
0.294100
0.295450
0.301200
0.303500
0.315100
0.315500
0.316925
0.323725
0.330675
0.331300
0.337400
0.341450
0.343250
0.343800
0.349275
0.349400
0.350600
0.351825
0.352450
0.353575
0.358700
0.358775
0.359900
0.361375
0.367425
0.369775
0.371600
0.379125
0.382475
0.388125
0.389700
0.391450
0.413825
0.417150
0.417850
0.418925
0.422375
0.428550
0.433575
0.439025
0.443850
0.447700
0.459000
0.465275
0.465375
0.472125
0.473325
0.474700
0.496500
0.496825
0.498025
0.499775
0.500100
0.501500
0.511825
0.519250
0.522700
0.522850
0.523050
0.527450
0.528175
0.533425
0.537450
0.539650
0.546000
0.554775
0.556425
0.565475
0.567225
0.567500
0.569475
0.570750
0.578250
0.583100
0.590075
0.593425
0.598575
0.599000
0.604100
0.604525
0.605850
0.606250
0.606925
0.615800
0.620075
0.622100
0.624800
0.629775
0.630550
0.631175
0.640725
0.642375
0.663675
0.680525
0.680950
0.684300
0.687600
0.691325
0.696400
0.700000
0.708050
0.710900
0.711225
0.716900
0.733275
0.734100
0.738025
0.740425
0.740850
0.740950
0.752250
0.752250
0.755075
0.755475
0.756075
0.758375
0.760925
0.763550
0.767900
0.775500
0.780675
0.781500
0.797500
0.799375
0.800475
0.806300
0.810575
0.811925
0.817475
0.818100
0.830000
0.836575
0.845550
0.857350
0.877125
0.880225
0.888225
0.924525
0.928025
0.973625
0.975050
0.982050
0.988775
0.991800
0.996300
0.999000
1.009350
1.023300
1.034225
1.044075
1.067850
1.069525
1.075975
1.079325
1.085100
1.086300
1.135350
1.135825
1.141250
1.143850
1.150175
1.152350
1.170800
1.177925
1.182725
1.193050
1.204250
1.236250
1.269225
1.279225
1.282700
1.316525
1.338650
1.360900
1.371050
1.382900
1.464950
1.471900
1.486025
1.503075
1.514875
1.537125
1.574900
1.622025
1.636225
1.652000
1.673475
1.683975
1.689850
1.877875
1.889825
248
