0.000025
0.004550
0.008000
0.015100
0.029200
0.038875
0.040650
0.040850
0.042050
0.055825
0.061225
0.066875
0.074275
0.097875
0.098275
0.105950
0.116750
0.122575
0.126175
0.129125
0.130350
0.132025
0.132725
0.133400
0.141000
0.142675
0.143250
0.150025
0.157575
0.162925
0.163675
0.168325
0.175200
0.176000
0.179225
0.182975
0.184000
0.190225
0.193525
0.193925
0.194425
0.195100
0.196225
0.196825
0.199175
0.203100
0.206850
0.210675
0.214000
0.221675
0.228025
0.232250
0.251775
0.252875
0.254650
0.258025
0.275625
0.284700
0.285275
0.286350
0.293250
0.294025
0.294375
0.295050
0.299475
0.305875
0.307225
0.311250
0.317250
0.335800
0.338775
0.345500
0.346525
0.347525
0.352600
0.355175
0.357000
0.367050
0.374150
0.374750
0.378750
0.380375
0.388100
0.389750
0.389875
0.390275
0.393275
0.393925
0.396525
0.405525
0.410475
0.411200
0.414450
0.418400
0.435525
0.437725
0.439925
0.462675
0.466075
0.471400
0.478950
0.482125
0.482975
0.495750
0.496475
0.508350
0.509525
0.516150
0.521000
0.521225
0.523700
0.535425
0.541275
0.542275
0.548975
0.551675
0.557450
0.561350
0.562050
0.563800
0.567750
0.573675
0.578625
0.579800
0.586800
0.588300
0.589200
0.589825
0.591075
0.592725
0.597050
0.615150
0.618200
0.618325
0.622600
0.623700
0.624150
0.628675
0.651075
0.653925
0.659475
0.667050
0.678725
0.681350
0.684275
0.684450
0.690000
0.693750
0.702525
0.703600
0.718675
0.723025
0.728425
0.733700
0.734750
0.735800
0.736150
0.749775
0.757575
0.760875
0.763900
0.773625
0.773650
0.773700
0.779850
0.780525
0.781900
0.783950
0.784175
0.787175
0.790050
0.790825
0.791550
0.792500
0.796525
0.801050
0.804875
0.808200
0.818900
0.831600
0.833625
0.839700
0.841900
0.843575
0.850575
0.853425
0.858700
0.859025
0.860150
0.862425
0.862475
0.863775
0.870100
0.880550
0.880875
0.881975
0.913100
0.919250
0.919625
0.920375
0.940400
0.945825
0.950150
0.956725
0.968050
0.969000
0.988400
0.996550
1.010500
1.034750
1.062000
1.091050
1.115175
1.139025
1.139200
1.147450
1.160550
1.168675
1.194775
1.198025
1.205675
1.208825
1.252875
1.276950
1.278850
1.291950
1.301375
1.398950
1.411900
1.413650
1.423950
1.435650
1.442450
1.443850
1.464525
1.482400
1.491800
1.511025
1.532125
1.567250
1.621275
1.647800
1.708750
1.739550
1.832450
2.019700
246
