0.004250
0.004425
0.007825
0.009625
0.009725
0.011975
0.012025
0.014050
0.016250
0.017650
0.023125
0.023525
0.025550
0.028550
0.028600
0.037125
0.046350
0.048350
0.048675
0.050300
0.051500
0.054475
0.054650
0.056725
0.059250
0.060500
0.065150
0.073425
0.075200
0.078625
0.087925
0.089050
0.089200
0.089750
0.091925
0.108975
0.116525
0.117400
0.117975
0.118775
0.119200
0.126500
0.126750
0.134750
0.142950
0.146900
0.154225
0.157225
0.157900
0.160000
0.172700
0.175975
0.177625
0.181075
0.184525
0.188550
0.195375
0.199375
0.200300
0.209650
0.210325
0.219525
0.221025
0.225525
0.234375
0.243775
0.247075
0.251500
0.254925
0.256800
0.282875
0.290275
0.291825
0.303125
0.309600
0.316300
0.318100
0.319800
0.322775
0.331600
0.332125
0.352975
0.360475
0.360600
0.363375
0.364200
0.367525
0.368700
0.369875
0.375725
0.378500
0.380075
0.381300
0.386275
0.387575
0.394600
0.396375
0.397875
0.408275
0.408425
0.411875
0.419950
0.428225
0.428500
0.439350
0.448550
0.450175
0.450625
0.450850
0.451050
0.458600
0.462600
0.463325
0.468950
0.475000
0.478350
0.479775
0.485150
0.486650
0.493075
0.494875
0.496100
0.500500
0.504875
0.509075
0.520975
0.524025
0.526775
0.528500
0.534100
0.536225
0.543875
0.545825
0.554500
0.561450
0.561475
0.562200
0.562975
0.567725
0.571025
0.571575
0.577025
0.577125
0.579400
0.584925
0.590025
0.594600
0.598775
0.599925
0.607800
0.609675
0.616050
0.616550
0.618650
0.626125
0.630550
0.632150
0.632450
0.639150
0.641550
0.642950
0.644425
0.651375
0.667400
0.669350
0.673100
0.674625
0.676525
0.692175
0.695425
0.697575
0.700250
0.700550
0.702750
0.714600
0.723300
0.724200
0.734775
0.736700
0.737125
0.739150
0.748550
0.762700
0.772600
0.778450
0.784875
0.794975
0.803800
0.804775
0.811425
0.823475
0.829725
0.834250
0.848300
0.851200
0.856600
0.863925
0.865950
0.873925
0.878800
0.881450
0.882300
0.893775
0.895350
0.910825
0.912550
0.914525
0.914550
0.919050
0.929975
0.932425
0.932675
0.935825
0.937275
0.939450
0.962975
0.967075
0.972325
0.975575
0.987700
0.991000
0.991425
1.002075
1.003750
1.006925
1.012075
1.012200
1.014925
1.022975
1.030175
1.036550
1.037975
1.059875
1.062050
1.069025
1.075150
1.095600
1.118750
1.120175
1.123500
1.137200
1.150400
1.157625
1.175800
1.203775
1.206700
1.209875
1.223625
1.227875
1.227950
1.244000
1.266500
1.296000
1.321950
1.356350
1.367700
1.376775
1.381825
1.387175
1.389375
1.407000
1.481400
1.489425
1.494450
1.532650
1.577900
1.581225
1.594700
1.647375
1.685450
1.691050
1.825500
1.991675
1.999650
2.029100
2.056650
2.327750
2.433475
278
