0.001200
0.003750
0.010800
0.014475
0.020850
0.021025
0.023975
0.025275
0.030875
0.036100
0.038900
0.043300
0.043475
0.047175
0.047300
0.050200
0.052525
0.054675
0.056475
0.067100
0.074025
0.086575
0.087150
0.098000
0.101025
0.104625
0.119150
0.126975
0.130875
0.131650
0.132550
0.133725
0.142875
0.144200
0.148975
0.150150
0.150375
0.150700
0.151725
0.152800
0.157900
0.161350
0.163150
0.170800
0.172800
0.175075
0.177400
0.190750
0.191075
0.191225
0.195175
0.197275
0.201950
0.205925
0.207125
0.215600
0.215825
0.217625
0.217750
0.223150
0.225925
0.228800
0.236675
0.239475
0.244475
0.245800
0.246800
0.257025
0.259050
0.269675
0.270850
0.273750
0.280025
0.282775
0.282900
0.292975
0.294925
0.303150
0.303450
0.307500
0.308150
0.308650
0.308850
0.314650
0.314700
0.319300
0.324250
0.330875
0.346550
0.357000
0.361375
0.363175
0.369525
0.378675
0.378900
0.422325
0.423750
0.424625
0.435800
0.436425
0.439525
0.447400
0.448200
0.448925
0.450350
0.451775
0.461825
0.465025
0.467300
0.468200
0.478600
0.481125
0.484075
0.488975
0.489050
0.505075
0.505300
0.507875
0.521550
0.526375
0.527175
0.533725
0.538450
0.547775
0.549550
0.550450
0.551550
0.553050
0.553800
0.558275
0.564500
0.569350
0.579800
0.586225
0.586900
0.590825
0.594675
0.595075
0.598650
0.598925
0.603025
0.604350
0.614025
0.620900
0.622500
0.625650
0.628550
0.631400
0.634750
0.635625
0.641625
0.643525
0.644775
0.644925
0.654050
0.657450
0.658700
0.660250
0.667175
0.668050
0.668950
0.675800
0.675950
0.676800
0.688550
0.689350
0.698125
0.698950
0.699100
0.707950
0.711450
0.717525
0.726925
0.728000
0.731600
0.733700
0.736875
0.746800
0.750075
0.751250
0.761100
0.770275
0.770850
0.771550
0.774075
0.774375
0.782525
0.784100
0.785925
0.786800
0.788550
0.792300
0.795300
0.796025
0.796425
0.799500
0.808500
0.808950
0.820100
0.822725
0.833650
0.836175
0.843750
0.851625
0.857375
0.881350
0.899150
0.905575
0.906300
0.916650
0.925425
0.925675
0.926725
0.942150
0.956950
0.965050
0.967500
0.971950
0.974375
0.975050
0.979775
0.981150
0.981475
1.002175
1.013950
1.024850
1.040450
1.044325
1.053775
1.082225
1.113575
1.117200
1.166100
1.183100
1.193500
1.249825
1.274425
1.284025
1.289825
1.305800
1.313425
1.322275
1.352550
1.371800
1.376700
1.385000
1.390450
1.423700
1.457750
1.503250
1.508825
1.539000
1.559800
1.616975
1.649575
1.665875
1.672800
1.729450
1.787925
1.819850
1.885825
1.903825
2.059525
2.221325
2.265375
265
