0.007250
0.011400
0.019900
0.031275
0.031550
0.033175
0.042200
0.045000
0.048425
0.050325
0.054550
0.065075
0.072050
0.077475
0.078050
0.085725
0.097900
0.102275
0.105475
0.107400
0.111200
0.122475
0.132250
0.133650
0.135125
0.136675
0.143625
0.152300
0.155325
0.175325
0.185300
0.190975
0.192400
0.198775
0.198950
0.199000
0.201275
0.204225
0.206125
0.206775
0.206975
0.210250
0.212400
0.221100
0.226200
0.230250
0.231225
0.237950
0.238450
0.239325
0.242075
0.244050
0.245400
0.249375
0.249600
0.249925
0.250500
0.256175
0.256400
0.259300
0.261725
0.264275
0.271000
0.277425
0.280025
0.287600
0.312425
0.314675
0.322700
0.323450
0.323875
0.333600
0.334400
0.345425
0.349400
0.355950
0.357025
0.359825
0.360750
0.361300
0.363300
0.365100
0.365950
0.380850
0.382425
0.387250
0.388875
0.391550
0.396375
0.396525
0.399850
0.403750
0.419800
0.421100
0.422050
0.423350
0.439325
0.441050
0.442400
0.451175
0.458450
0.458725
0.461550
0.467500
0.478000
0.480925
0.484350
0.501200
0.504300
0.520975
0.521375
0.522450
0.523000
0.525700
0.528250
0.529725
0.535525
0.537350
0.545225
0.545350
0.547525
0.551250
0.557825
0.566125
0.570675
0.571100
0.572775
0.581950
0.594900
0.606450
0.607050
0.612975
0.615700
0.616025
0.628525
0.629700
0.634950
0.642350
0.650850
0.651075
0.653850
0.659650
0.661525
0.670950
0.679100
0.681025
0.683900
0.699050
0.701100
0.711050
0.713575
0.713775
0.718025
0.719350
0.720725
0.725075
0.730500
0.731300
0.733825
0.750600
0.758550
0.759475
0.764375
0.765400
0.765900
0.781075
0.785125
0.786600
0.788275
0.795475
0.801900
0.815400
0.829525
0.831225
0.836000
0.837375
0.837725
0.843025
0.845525
0.851875
0.866475
0.879075
0.894000
0.897425
0.906650
0.919900
0.920850
0.923825
0.924075
0.927375
0.931825
0.933250
0.934800
0.936275
0.939975
0.944700
0.946500
0.955000
0.980050
0.984975
0.989300
1.001400
1.009525
1.021175
1.028950
1.032975
1.040425
1.045300
1.074950
1.094250
1.102950
1.109775
1.115675
1.135700
1.154300
1.155975
1.191275
1.200550
1.217500
1.220800
1.267900
1.274075
1.292275
1.303100
1.309425
1.321500
1.334325
1.345975
1.374975
1.378900
1.388825
1.394300
1.436225
1.461425
1.510100
1.554775
1.645900
1.660450
1.882950
1.906050
1.983450
2.112800
242
