0.007675
0.008700
0.018550
0.021625
0.022825
0.024200
0.026725
0.029025
0.031700
0.031975
0.034725
0.040100
0.040925
0.043775
0.047800
0.056575
0.066925
0.068525
0.069800
0.073825
0.074525
0.078600
0.079750
0.095625
0.107000
0.109425
0.111775
0.116600
0.117225
0.129125
0.139400
0.142425
0.156650
0.160300
0.165225
0.167325
0.175925
0.178400
0.179025
0.179100
0.185300
0.186350
0.187475
0.193600
0.197350
0.198650
0.204875
0.205150
0.207225
0.208900
0.213700
0.228250
0.234950
0.238800
0.244725
0.251425
0.252875
0.254750
0.255425
0.258800
0.265375
0.273700
0.276050
0.278700
0.287200
0.292425
0.305825
0.309475
0.309975
0.311225
0.312575
0.322000
0.323575
0.328925
0.336250
0.338000
0.338675
0.353500
0.356050
0.356200
0.359075
0.362325
0.363625
0.366350
0.367450
0.372950
0.374975
0.377350
0.378550
0.380075
0.382750
0.385375
0.386800
0.386875
0.387000
0.398050
0.403375
0.407500
0.409600
0.411000
0.411800
0.416875
0.417425
0.418100
0.418750
0.427775
0.431925
0.437550
0.439850
0.444225
0.445675
0.446500
0.446525
0.448000
0.448275
0.451300
0.453125
0.465925
0.468050
0.469725
0.475325
0.476100
0.484250
0.491925
0.499100
0.500325
0.504675
0.509750
0.511750
0.514925
0.516150
0.520700
0.542725
0.548525
0.550800
0.555025
0.562400
0.565750
0.566400
0.570975
0.572075
0.574275
0.575125
0.579775
0.580225
0.587450
0.594150
0.600175
0.600975
0.601750
0.609850
0.620825
0.621750
0.626025
0.627250
0.636575
0.637775
0.651650
0.666150
0.667200
0.668425
0.670800
0.673525
0.681825
0.683450
0.684625
0.701575
0.702225
0.702300
0.704525
0.706625
0.708525
0.712400
0.717900
0.719650
0.721400
0.725975
0.731025
0.737950
0.740475
0.745175
0.749450
0.750200
0.752700
0.754325
0.758550
0.760325
0.761500
0.762575
0.763025
0.772425
0.775275
0.778225
0.789975
0.791500
0.796700
0.797400
0.812275
0.813225
0.822375
0.827075
0.828500
0.829725
0.832800
0.857050
0.864725
0.869125
0.872575
0.891500
0.892975
0.893650
0.896875
0.898050
0.899625
0.914200
0.918925
0.923425
0.931525
0.942800
0.957350
0.959550
0.977750
0.986350
1.007475
1.016650
1.022200
1.028975
1.030450
1.041875
1.042925
1.052850
1.055550
1.083900
1.087175
1.092400
1.116875
1.147725
1.157475
1.179725
1.206650
1.252800
1.257875
1.259050
1.283450
1.311700
1.329275
1.337775
1.354950
1.376375
1.381175
1.404800
1.408050
1.419275
1.425625
1.434850
1.447125
1.474300
1.499000
1.554375
1.568300
1.590425
1.720475
1.765950
1.796575
1.812750
1.880400
1.880975
2.038200
2.048850
2.413400
270
