0.003450
0.004125
0.004950
0.005075
0.012300
0.014250
0.023700
0.024275
0.039100
0.044550
0.049400
0.050300
0.050450
0.055950
0.058075
0.060900
0.063900
0.070075
0.081825
0.082300
0.085775
0.086775
0.089775
0.098000
0.100425
0.108700
0.109275
0.109450
0.113250
0.122500
0.124025
0.128025
0.133275
0.142775
0.155300
0.157450
0.166200
0.170900
0.171025
0.171375
0.171800
0.176675
0.177225
0.180550
0.183425
0.183725
0.187750
0.191575
0.191700
0.192325
0.192700
0.202175
0.203400
0.206000
0.206300
0.206475
0.209075
0.209950
0.210400
0.218075
0.218675
0.229125
0.229850
0.231775
0.240050
0.241800
0.244025
0.247375
0.249375
0.250000
0.265450
0.273175
0.275825
0.277450
0.279325
0.280200
0.283525
0.284750
0.290825
0.296575
0.305450
0.313775
0.316025
0.318125
0.321700
0.322175
0.323875
0.325975
0.335950
0.339425
0.341450
0.342700
0.349975
0.351550
0.352875
0.356450
0.360900
0.365775
0.371350
0.382325
0.390125
0.394475
0.395150
0.396100
0.398325
0.399000
0.401875
0.403300
0.403700
0.404450
0.405750
0.406750
0.407600
0.411775
0.416975
0.420925
0.421900
0.422525
0.424625
0.425375
0.429450
0.437625
0.438575
0.440125
0.443175
0.443275
0.443300
0.450775
0.464875
0.479150
0.492500
0.492675
0.494175
0.494275
0.494825
0.505150
0.507350
0.513775
0.514000
0.515450
0.517500
0.524975
0.529750
0.560850
0.562725
0.569225
0.569950
0.572075
0.572575
0.581350
0.587100
0.592950
0.596225
0.597725
0.604100
0.607300
0.637825
0.644025
0.644825
0.648775
0.652925
0.653625
0.657350
0.668775
0.675950
0.693825
0.702000
0.706275
0.708250
0.717475
0.720900
0.723225
0.745500
0.746675
0.747725
0.749650
0.750800
0.752700
0.752950
0.754400
0.754750
0.757450
0.760400
0.760900
0.773250
0.773800
0.789900
0.799125
0.799475
0.801450
0.807850
0.820975
0.844875
0.845125
0.845225
0.846750
0.851400
0.851425
0.851900
0.853300
0.859150
0.861475
0.865400
0.866450
0.871600
0.876375
0.878025
0.881975
0.885300
0.888725
0.901125
0.901325
0.915150
0.915350
0.918125
0.918400
0.926950
0.934075
0.953100
0.957375
0.959525
0.965600
0.968600
0.973050
0.975775
0.976950
0.977225
0.977975
0.990950
1.003125
1.009825
1.011150
1.011225
1.026900
1.027425
1.036125
1.060800
1.079475
1.093175
1.105750
1.119475
1.119550
1.119875
1.131925
1.136800
1.145150
1.162225
1.189800
1.194075
1.204875
1.235725
1.238750
1.263850
1.265350
1.269250
1.269400
1.273400
1.278675
1.279475
1.295575
1.319250
1.379475
1.380750
1.414150
1.431550
1.435275
1.460425
1.500975
1.519650
1.551725
1.555850
1.563100
1.579925
1.608075
1.644050
1.711000
1.814075
2.365750
2.389975
279
