0.002800
0.008875
0.010650
0.012725
0.021625
0.034350
0.036450
0.044750
0.046500
0.052650
0.054825
0.058800
0.060325
0.061225
0.069925
0.079075
0.082725
0.083575
0.084450
0.089100
0.089800
0.090075
0.091775
0.099725
0.101750
0.103850
0.106450
0.116375
0.122100
0.133325
0.138275
0.139975
0.141300
0.141950
0.153825
0.155925
0.157075
0.164125
0.167075
0.169200
0.169800
0.170925
0.171200
0.173775
0.173875
0.175350
0.175925
0.177025
0.191400
0.191525
0.195800
0.199175
0.201975
0.202200
0.205675
0.210225
0.213750
0.213900
0.215175
0.215400
0.224350
0.226600
0.228700
0.232300
0.244425
0.245600
0.264850
0.265000
0.268825
0.270075
0.283250
0.284350
0.285350
0.287300
0.297700
0.299150
0.307850
0.312675
0.315125
0.320000
0.324800
0.327675
0.333975
0.334500
0.362225
0.369675
0.369975
0.373150
0.373375
0.375425
0.380150
0.386150
0.387375
0.388050
0.401325
0.403000
0.406700
0.407625
0.412500
0.414625
0.414750
0.419750
0.423350
0.426625
0.431850
0.440375
0.441575
0.445875
0.448500
0.450550
0.456000
0.463425
0.467175
0.468425
0.472300
0.485325
0.487675
0.493650
0.497125
0.499525
0.500675
0.501650
0.501675
0.501850
0.504500
0.506475
0.506525
0.508250
0.510950
0.512400
0.513325
0.515600
0.531175
0.532925
0.541275
0.544500
0.546825
0.548525
0.551400
0.555400
0.556125
0.557250
0.562700
0.564100
0.565575
0.568850
0.571225
0.575250
0.596400
0.599550
0.606250
0.611225
0.625700
0.625850
0.634525
0.635325
0.636000
0.636425
0.647925
0.652050
0.654700
0.655225
0.660650
0.664825
0.664900
0.672500
0.673175
0.681125
0.685200
0.685775
0.686125
0.692625
0.698050
0.700600
0.707050
0.715650
0.731150
0.732725
0.734050
0.736800
0.744475
0.753875
0.754150
0.771250
0.789800
0.789925
0.791150
0.792975
0.793775
0.802250
0.817625
0.822750
0.824325
0.827625
0.828175
0.830725
0.831975
0.834900
0.841400
0.841625
0.844625
0.849025
0.853850
0.858750
0.862950
0.867950
0.869450
0.878850
0.923775
0.930475
0.931625
0.937125
0.947475
0.951350
0.965275
0.966600
0.974275
0.978400
0.997850
0.998375
1.002175
1.003925
1.004625
1.008175
1.028075
1.030400
1.042475
1.068850
1.083525
1.127375
1.143850
1.155325
1.161925
1.166325
1.244950
1.259225
1.282375
1.287350
1.308575
1.308600
1.328300
1.333775
1.366750
1.399500
1.409625
1.474850
1.478375
1.512500
1.531150
1.565375
1.592825
1.602750
1.664100
1.710675
1.748275
1.810625
1.816100
1.939700
2.224875
2.296550
2.412650
261
