0.008325
0.008600
0.015675
0.015875
0.021850
0.033275
0.035600
0.050200
0.050775
0.051225
0.051725
0.057550
0.057875
0.062650
0.071900
0.082975
0.086650
0.087225
0.091275
0.091450
0.093275
0.093475
0.095150
0.095200
0.102375
0.106475
0.106600
0.112700
0.113050
0.122025
0.125275
0.127200
0.129750
0.130175
0.131025
0.138475
0.142800
0.150825
0.151625
0.159525
0.165325
0.168150
0.170425
0.172500
0.172725
0.190100
0.195800
0.203225
0.203525
0.207950
0.212325
0.218075
0.221475
0.235525
0.235725
0.237575
0.242375
0.247025
0.255850
0.264625
0.271000
0.274000
0.275625
0.278200
0.279425
0.285900
0.291950
0.294000
0.295625
0.301200
0.302725
0.304125
0.307625
0.310975
0.311125
0.313100
0.314575
0.317950
0.319125
0.324925
0.327675
0.333575
0.335225
0.335400
0.355800
0.360275
0.364725
0.368050
0.369500
0.371450
0.372350
0.376100
0.381125
0.385600
0.389400
0.391025
0.393750
0.394125
0.398125
0.399125
0.399525
0.400225
0.406950
0.407425
0.415375
0.416275
0.419300
0.429400
0.429650
0.443425
0.444775
0.447975
0.452500
0.456050
0.466700
0.476200
0.478925
0.482050
0.487500
0.491825
0.495850
0.500700
0.502825
0.505175
0.518650
0.520900
0.521450
0.521850
0.522250
0.533750
0.537625
0.539450
0.544000
0.549050
0.556925
0.563300
0.573075
0.579275
0.590375
0.590425
0.602625
0.602950
0.619825
0.626700
0.629550
0.631225
0.640125
0.641975
0.643300
0.645950
0.650175
0.655175
0.655300
0.662275
0.668750
0.670075
0.673075
0.677725
0.679325
0.679575
0.683300
0.685775
0.688525
0.693025
0.693475
0.694400
0.696325
0.697500
0.697675
0.698900
0.701250
0.702350
0.703350
0.708625
0.720200
0.723050
0.730275
0.734800
0.735200
0.738800
0.754200
0.754950
0.769150
0.779175
0.780125
0.790600
0.793900
0.797125
0.801350
0.801475
0.811225
0.811425
0.812775
0.818375
0.831600
0.831650
0.835875
0.836925
0.837525
0.837650
0.840350
0.848100
0.850200
0.858775
0.865225
0.892925
0.893550
0.902225
0.913250
0.915400
0.924000
0.938050
0.953075
0.958350
0.959650
0.964475
0.968325
0.973525
0.975625
0.981075
0.998875
1.000875
1.010725
1.047400
1.061575
1.067375
1.107325
1.110325
1.111650
1.111675
1.125700
1.134925
1.150400
1.181700
1.183775
1.185000
1.189700
1.206050
1.235425
1.238075
1.238775
1.244575
1.253250
1.293350
1.294975
1.353750
1.420425
1.436375
1.463175
1.488225
1.498075
1.504300
1.512500
1.534350
1.540900
1.547525
1.551275
1.579350
1.600975
1.614850
1.663700
1.709175
1.928375
2.068450
2.082600
2.375950
2.424825
267
