0.007225
0.011000
0.012875
0.013325
0.014100
0.024575
0.025075
0.026650
0.032825
0.042425
0.048925
0.050425
0.064175
0.069325
0.069750
0.071850
0.072950
0.075250
0.079575
0.082500
0.082725
0.091650
0.096075
0.100200
0.106975
0.116475
0.125925
0.127950
0.128425
0.133475
0.133975
0.144975
0.148025
0.148500
0.149250
0.151350
0.156375
0.158675
0.159950
0.161600
0.163025
0.171650
0.172800
0.181650
0.183050
0.197850
0.201100
0.202025
0.209825
0.213175
0.215575
0.233175
0.234550
0.239175
0.240250
0.253525
0.259850
0.262200
0.267250
0.267875
0.271625
0.274850
0.287275
0.297625
0.302775
0.304175
0.307200
0.311675
0.320000
0.320850
0.332325
0.332525
0.334800
0.343875
0.352575
0.368225
0.372275
0.391600
0.395100
0.405875
0.411025
0.411150
0.414075
0.414675
0.417050
0.430600
0.432150
0.432200
0.440475
0.443725
0.451975
0.467825
0.476750
0.483525
0.493975
0.495750
0.499350
0.523225
0.524850
0.529650
0.541075
0.562525
0.563400
0.564100
0.568825
0.570100
0.571550
0.574075
0.576050
0.592700
0.601925
0.606825
0.611225
0.611900
0.617875
0.621850
0.622900
0.630775
0.631600
0.633550
0.633975
0.635650
0.636375
0.637150
0.644950
0.648200
0.649375
0.650425
0.655050
0.655125
0.660425
0.665550
0.674250
0.686275
0.687925
0.690200
0.697750
0.707875
0.710700
0.729775
0.738950
0.741050
0.747450
0.747800
0.749600
0.752100
0.753875
0.757975
0.763050
0.764175
0.764625
0.771925
0.776200
0.785425
0.789700
0.791225
0.798675
0.809325
0.818000
0.819450
0.820350
0.826425
0.836050
0.837275
0.841550
0.843825
0.844900
0.846550
0.854675
0.868175
0.882000
0.889525
0.893100
0.899700
0.900200
0.902550
0.909025
0.911400
0.917325
0.918325
0.927275
0.935300
0.935900
0.938000
0.949550
0.957375
0.983600
0.986975
0.992975
0.995525
0.996725
1.003475
1.004900
1.009550
1.010900
1.020150
1.053700
1.069175
1.076000
1.086825
1.093175
1.126675
1.152725
1.155625
1.172450
1.176200
1.224250
1.229250
1.229550
1.241050
1.247375
1.253725
1.255750
1.269925
1.286975
1.326600
1.365100
1.365975
1.404800
1.449175
1.481525
1.525925
1.601950
1.617625
1.620525
1.623550
1.633525
1.704150
1.881750
1.950225
1.962325
1.979825
2.265900
233
