0.007825
0.011425
0.013525
0.014750
0.017800
0.018600
0.027900
0.035125
0.036250
0.059500
0.060825
0.061200
0.064350
0.067825
0.071375
0.072825
0.079725
0.084825
0.088400
0.089125
0.093150
0.096250
0.111100
0.118925
0.119150
0.120800
0.125550
0.127450
0.131375
0.133275
0.133650
0.141625
0.146550
0.157525
0.159550
0.160225
0.160475
0.168600
0.169375
0.171400
0.175600
0.178025
0.178175
0.180650
0.187525
0.192950
0.198725
0.199675
0.205200
0.205200
0.206175
0.207125
0.208950
0.215250
0.216125
0.219125
0.237000
0.238975
0.253925
0.258250
0.259600
0.265425
0.268575
0.270900
0.274750
0.275475
0.288950
0.292725
0.297300
0.301225
0.302850
0.306550
0.311425
0.313400
0.318450
0.318525
0.323025
0.324425
0.324475
0.339950
0.341425
0.347425
0.348900
0.351400
0.370275
0.374750
0.383575
0.393250
0.396450
0.397700
0.405275
0.410150
0.413075
0.419850
0.424050
0.424325
0.425125
0.426450
0.429875
0.430200
0.430400
0.430450
0.436425
0.440225
0.441300
0.441650
0.445225
0.447800
0.449375
0.454025
0.455300
0.457075
0.457575
0.461350
0.461475
0.473600
0.475200
0.476800
0.477900
0.488750
0.490200
0.495950
0.498350
0.504925
0.505200
0.507800
0.508000
0.510650
0.511450
0.515525
0.519025
0.546275
0.550700
0.551375
0.570650
0.570800
0.572275
0.573850
0.589175
0.592275
0.593725
0.593825
0.607175
0.612875
0.613400
0.617275
0.626625
0.631525
0.631600
0.636700
0.637425
0.666150
0.672675
0.673050
0.676700
0.684900
0.685350
0.690075
0.696250
0.697250
0.698100
0.698275
0.701825
0.718800
0.719600
0.726725
0.732100
0.736175
0.736200
0.739275
0.746700
0.747550
0.748675
0.753950
0.754825
0.757600
0.758775
0.769725
0.770450
0.776900
0.776975
0.801775
0.810500
0.822450
0.830000
0.830500
0.839875
0.848850
0.852400
0.878650
0.887875
0.888950
0.895675
0.897650
0.908125
0.917650
0.926600
0.928375
0.930750
0.959250
0.959350
0.974375
0.980750
0.984250
0.991925
1.026350
1.075225
1.086650
1.113000
1.137075
1.151800
1.152300
1.171350
1.175025
1.177375
1.186025
1.211125
1.222475
1.233275
1.234125
1.239650
1.240325
1.244275
1.248000
1.255400
1.272050
1.286250
1.397650
1.416100
1.427675
1.450550
1.484950
1.490450
1.504925
1.579050
1.652325
1.728800
1.740825
1.819475
2.101350
2.104625
2.150475
242
