0.005825
0.006175
0.009825
0.010450
0.015250
0.018900
0.023000
0.033025
0.052550
0.055800
0.058275
0.062300
0.062500
0.062650
0.072575
0.074150
0.074950
0.077375
0.079400
0.079450
0.081000
0.085175
0.087250
0.087825
0.098175
0.098250
0.100000
0.103700
0.103800
0.113350
0.120625
0.122250
0.126275
0.136300
0.140000
0.142950
0.145275
0.149275
0.167375
0.167975
0.183625
0.193775
0.195050
0.195175
0.195750
0.198675
0.200225
0.208100
0.213650
0.216575
0.225775
0.235425
0.238475
0.245775
0.248425
0.250825
0.254575
0.265600
0.266775
0.274200
0.274325
0.275625
0.276400
0.278425
0.279525
0.288150
0.291575
0.293375
0.295250
0.295800
0.296025
0.301500
0.306175
0.309075
0.312575
0.319650
0.324350
0.326625
0.329100
0.341950
0.351025
0.357225
0.363400
0.367150
0.369325
0.373075
0.375075
0.387375
0.388125
0.397275
0.400600
0.401800
0.414725
0.418700
0.419100
0.434525
0.434600
0.440050
0.442400
0.445400
0.449575
0.449625
0.453250
0.457725
0.461850
0.463250
0.473100
0.474025
0.477950
0.482525
0.484375
0.484500
0.493375
0.493525
0.495050
0.496975
0.498550
0.500050
0.502800
0.504700
0.506125
0.507500
0.508700
0.518000
0.525325
0.526450
0.535725
0.537075
0.537300
0.540875
0.545700
0.548450
0.551700
0.556125
0.559075
0.560825
0.571225
0.574075
0.575100
0.576575
0.580125
0.595775
0.608300
0.608350
0.616250
0.626000
0.626625
0.629875
0.633000
0.636650
0.656275
0.676650
0.676825
0.677325
0.681850
0.692025
0.695425
0.701250
0.710725
0.717700
0.726400
0.732175
0.735225
0.737275
0.738550
0.746450
0.747625
0.748125
0.751650
0.754125
0.761550
0.764750
0.777950
0.778850
0.779350
0.780625
0.785050
0.800675
0.801375
0.808975
0.822925
0.825725
0.843850
0.845175
0.851450
0.864800
0.868575
0.892350
0.895275
0.901750
0.905025
0.912225
0.915450
0.922700
0.932675
0.935250
0.942850
0.955300
0.961125
0.970750
0.972075
0.972525
0.972750
0.978700
0.988900
0.992050
1.000350
1.000750
1.008850
1.020875
1.023025
1.032300
1.043675
1.056100
1.057650
1.069125
1.069675
1.097825
1.099600
1.105400
1.106475
1.109575
1.115050
1.124100
1.126200
1.131450
1.179275
1.192250
1.201925
1.207700
1.208625
1.215025
1.239375
1.241700
1.261725
1.266325
1.281325
1.285625
1.300600
1.316350
1.330550
1.336225
1.352925
1.359075
1.376950
1.380100
1.384425
1.400350
1.446250
1.492375
1.565375
1.567150
1.610400
1.636275
1.638400
1.674750
1.692275
1.692675
1.708250
1.752625
1.772175
1.835100
1.860975
1.964425
2.015500
2.143075
266
