0.002400
0.003025
0.013850
0.020675
0.021500
0.024325
0.032900
0.038150
0.039825
0.049550
0.054200
0.054475
0.057700
0.058850
0.060225
0.060250
0.060675
0.065075
0.066000
0.075025
0.087850
0.090775
0.091150
0.100075
0.103700
0.116100
0.116200
0.122500
0.124625
0.126275
0.129125
0.131825
0.131975
0.132675
0.135025
0.141200
0.144700
0.147750
0.152700
0.156150
0.158850
0.166025
0.168050
0.168850
0.173550
0.174350
0.178550
0.179250
0.180925
0.187950
0.201400
0.207375
0.210650
0.214050
0.220275
0.224000
0.231600
0.235550
0.240500
0.242400
0.246050
0.246225
0.247600
0.247750
0.252000
0.263750
0.269950
0.285300
0.288100
0.290125
0.299400
0.301925
0.303575
0.305150
0.313825
0.319800
0.320075
0.320625
0.338275
0.344400
0.351600
0.355750
0.356150
0.367750
0.367875
0.383400
0.391400
0.408075
0.408150
0.408400
0.411150
0.413025
0.420850
0.426975
0.429625
0.432425
0.433075
0.438775
0.452725
0.457475
0.460775
0.462925
0.470775
0.477425
0.487050
0.501575
0.504975
0.513575
0.517275
0.531550
0.535250
0.539575
0.547450
0.558675
0.574350
0.581725
0.586275
0.586500
0.589700
0.594100
0.604450
0.605400
0.611150
0.613550
0.619950
0.620900
0.630500
0.636225
0.636825
0.637150
0.637850
0.639625
0.640550
0.640850
0.645850
0.656575
0.658825
0.660525
0.660625
0.669975
0.675825
0.678150
0.678725
0.681325
0.691575
0.702425
0.706425
0.717075
0.720075
0.723325
0.737875
0.741600
0.743600
0.743625
0.745575
0.749100
0.749650
0.760800
0.769075
0.773750
0.775425
0.789875
0.792275
0.795525
0.820025
0.820650
0.830525
0.832825
0.849275
0.856000
0.860250
0.862950
0.868125
0.868825
0.876925
0.879200
0.893700
0.896150
0.902625
0.905925
0.910925
0.922375
0.941675
0.944525
0.967225
0.970875
0.971150
0.982450
0.984250
1.009375
1.011025
1.020025
1.039775
1.042400
1.047000
1.082725
1.087850
1.093275
1.095625
1.101250
1.101375
1.103500
1.153875
1.157800
1.163425
1.172450
1.176475
1.192350
1.198425
1.214375
1.217350
1.224225
1.234425
1.247475
1.248825
1.260850
1.284425
1.319450
1.319575
1.360450
1.381000
1.390725
1.392450
1.393950
1.397325
1.444850
1.469125
1.474675
1.476500
1.478200
1.507650
1.530975
1.537325
1.629675
1.631950
1.670275
1.679500
1.822200
1.869425
2.002225
2.032650
2.304925
2.366375
243
