0.001100
0.004150
0.005475
0.023850
0.026425
0.031275
0.031325
0.035200
0.035825
0.038900
0.040250
0.040975
0.046000
0.051100
0.052200
0.057575
0.058175
0.061450
0.069150
0.073075
0.074275
0.082850
0.088925
0.104600
0.105425
0.108550
0.117100
0.117825
0.118475
0.125075
0.127350
0.130275
0.141275
0.141450
0.143850
0.172725
0.185525
0.202325
0.210700
0.213250
0.218025
0.229375
0.233050
0.241625
0.243900
0.244250
0.248250
0.252450
0.263500
0.266625
0.270450
0.280250
0.282350
0.285675
0.286750
0.297325
0.305925
0.306050
0.324150
0.324925
0.325800
0.326050
0.335225
0.341450
0.350175
0.350750
0.358375
0.380025
0.385500
0.386450
0.410550
0.421575
0.424050
0.424925
0.425275
0.437275
0.439300
0.439475
0.443525
0.453250
0.456325
0.456500
0.457600
0.459425
0.461100
0.463000
0.471050
0.477250
0.487450
0.493275
0.494100
0.505825
0.506675
0.512400
0.514775
0.518750
0.522550
0.529925
0.537700
0.538675
0.539600
0.542700
0.548350
0.562325
0.565475
0.566500
0.567300
0.568025
0.571525
0.586125
0.589325
0.596300
0.609825
0.611400
0.613250
0.617825
0.618975
0.631450
0.641725
0.642100
0.642625
0.643325
0.644525
0.646000
0.646200
0.647200
0.649325
0.653375
0.659850
0.675200
0.676125
0.684350
0.688250
0.694725
0.695200
0.700275
0.704000
0.704225
0.705500
0.705750
0.706100
0.713650
0.718575
0.722000
0.726225
0.727100
0.732475
0.733050
0.734825
0.737125
0.742250
0.742300
0.745200
0.748100
0.750250
0.753700
0.772050
0.773025
0.773950
0.779325
0.781450
0.783450
0.783700
0.786550
0.811025
0.815775
0.825000
0.825150
0.826250
0.826950
0.829200
0.829525
0.837925
0.851925
0.865950
0.869850
0.872625
0.877025
0.882050
0.882500
0.896325
0.917825
0.918400
0.921025
0.924875
0.931500
0.934050
0.934650
0.941100
0.949275
0.949500
0.949725
0.950175
0.958500
0.966200
0.971575
0.977500
0.985075
0.987875
0.994750
1.011600
1.011750
1.023600
1.042800
1.053425
1.064775
1.089600
1.104475
1.144325
1.165750
1.174600
1.205900
1.245650
1.247175
1.248400
1.258700
1.260650
1.274275
1.287550
1.293700
1.298900
1.304875
1.304875
1.317025
1.361325
1.381550
1.407125
1.447200
1.450050
1.455725
1.483775
1.496975
1.508925
1.511500
1.512000
1.517300
1.522400
1.749450
1.749550
1.756675
1.886250
1.947250
1.955950
2.035475
2.096125
2.127675
2.157575
2.170350
2.233400
249
