0.002725
0.004100
0.010350
0.010875
0.017925
0.019750
0.026300
0.028400
0.049075
0.049225
0.063025
0.063475
0.066975
0.068075
0.068550
0.071675
0.073250
0.080700
0.081725
0.082550
0.083800
0.086800
0.094000
0.094100
0.098600
0.104075
0.104500
0.112525
0.113625
0.116600
0.123375
0.131825
0.133100
0.138200
0.141775
0.147575
0.148525
0.150575
0.151350
0.166700
0.169200
0.174150
0.177025
0.184050
0.185525
0.189100
0.193725
0.210500
0.210975
0.214125
0.215100
0.224550
0.227075
0.237225
0.237550
0.239750
0.244950
0.245175
0.247050
0.248250
0.251850
0.258025
0.258325
0.260975
0.262475
0.263950
0.273325
0.285550
0.286675
0.293225
0.294000
0.294750
0.298175
0.300100
0.309850
0.314675
0.319425
0.322200
0.329250
0.334175
0.334675
0.340575
0.341450
0.342775
0.343625
0.352375
0.360000
0.365750
0.367425
0.385100
0.387225
0.396225
0.398475
0.399075
0.401000
0.406925
0.414125
0.418975
0.422225
0.449675
0.452225
0.455300
0.460200
0.461250
0.462125
0.465625
0.466375
0.469875
0.488575
0.491800
0.491850
0.503850
0.508025
0.512575
0.529200
0.531550
0.542300
0.552275
0.552425
0.560725
0.564825
0.579650
0.584300
0.586400
0.593950
0.597800
0.599000
0.609275
0.616175
0.619075
0.625875
0.629000
0.632575
0.635175
0.639575
0.643600
0.645600
0.646325
0.652725
0.656275
0.664875
0.672425
0.677775
0.684300
0.684600
0.686825
0.690300
0.695975
0.697500
0.700100
0.702050
0.705625
0.706975
0.712225
0.717500
0.725850
0.731400
0.740750
0.742625
0.746525
0.751950
0.753825
0.758975
0.760125
0.765050
0.767050
0.770550
0.782475
0.790975
0.801325
0.802950
0.804450
0.812625
0.813900
0.818750
0.819200
0.835700
0.836100
0.843025
0.845425
0.851025
0.856800
0.858100
0.873500
0.886375
0.895450
0.898600
0.904625
0.925625
0.939425
0.940800
0.945050
0.949850
0.953375
0.959625
0.965000
0.976600
0.978125
0.995000
1.016925
1.047175
1.055775
1.070975
1.081500
1.082875
1.085650
1.095150
1.110250
1.117350
1.132175
1.133025
1.137900
1.157050
1.161675
1.164725
1.188750
1.191475
1.193475
1.211575
1.225925
1.245325
1.266675
1.280125
1.290175
1.290525
1.303125
1.306075
1.308975
1.335000
1.341550
1.374700
1.418425
1.420400
1.435850
1.509750
1.515825
1.532075
1.548900
1.571050
1.603475
1.682175
1.822775
1.870775
1.872250
2.051200
2.386475
2.454875
247
