0.001275
0.004875
0.007175
0.011700
0.018900
0.018925
0.021850
0.023500
0.024075
0.030400
0.032075
0.034850
0.041400
0.053450
0.057875
0.059925
0.060800
0.065650
0.066250
0.072300
0.077725
0.100000
0.100925
0.101075
0.104825
0.106150
0.113050
0.113800
0.118600
0.119450
0.123825
0.124175
0.128825
0.134050
0.137450
0.152400
0.160675
0.169700
0.172650
0.177075
0.181550
0.186225
0.197925
0.198175
0.198950
0.201500
0.203175
0.210275
0.213825
0.219275
0.223300
0.227300
0.238850
0.239675
0.240025
0.241200
0.243625
0.246100
0.247500
0.254950
0.259475
0.259950
0.262125
0.264650
0.265950
0.271925
0.273125
0.274225
0.274975
0.285325
0.290100
0.299300
0.300275
0.306250
0.309200
0.309475
0.310325
0.312375
0.313475
0.315350
0.316175
0.318375
0.322275
0.322725
0.325225
0.328100
0.328600
0.330600
0.331675
0.334825
0.345725
0.348200
0.351150
0.353675
0.362750
0.363550
0.367875
0.369725
0.371025
0.380975
0.393425
0.423575
0.427675
0.430850
0.439725
0.440225
0.444100
0.449650
0.453575
0.461675
0.462475
0.466050
0.470950
0.471750
0.478225
0.478250
0.483225
0.489775
0.490600
0.497675
0.498700
0.498925
0.502925
0.512950
0.531650
0.538975
0.540175
0.552250
0.556250
0.559375
0.571050
0.576375
0.578600
0.583600
0.584925
0.595450
0.597250
0.604950
0.609575
0.611225
0.613000
0.615700
0.616400
0.617050
0.619600
0.620725
0.625775
0.625875
0.626375
0.628300
0.631700
0.632875
0.647350
0.657650
0.660750
0.664150
0.664250
0.667775
0.679100
0.679475
0.679825
0.680025
0.688375
0.695550
0.696050
0.703000
0.704125
0.711050
0.725000
0.727625
0.729450
0.737450
0.759450
0.759475
0.769400
0.778775
0.793175
0.794350
0.806025
0.811850
0.813525
0.835725
0.838200
0.840275
0.846425
0.847300
0.860025
0.861275
0.862025
0.869375
0.871850
0.874000
0.881175
0.885500
0.889050
0.907625
0.907975
0.910125
0.915500
0.918225
0.922650
0.935500
0.973800
0.975025
0.980350
0.985500
0.985700
1.013125
1.013675
1.023075
1.027875
1.032175
1.039900
1.053100
1.075700
1.092925
1.105800
1.111125
1.148975
1.153300
1.155525
1.160250
1.198975
1.200500
1.240300
1.278975
1.303400
1.330675
1.349525
1.373025
1.392300
1.398350
1.402975
1.410050
1.424025
1.441650
1.452150
1.494750
1.520175
1.523625
1.557425
1.588750
1.602875
1.650125
1.682750
1.717050
1.726775
1.753125
1.807325
1.838875
1.846450
1.868550
1.917350
1.937225
1.945800
2.265900
2.425275
257
