0.000425
0.002075
0.021250
0.022300
0.027300
0.031375
0.034375
0.039075
0.050350
0.059600
0.061625
0.061675
0.079325
0.088375
0.092725
0.100825
0.106400
0.110650
0.111175
0.119800
0.128100
0.131675
0.132750
0.134200
0.135925
0.142975
0.150025
0.155975
0.156400
0.158450
0.159925
0.163700
0.166200
0.168350
0.172600
0.174725
0.184125
0.186350
0.197875
0.198025
0.200000
0.201525
0.207625
0.208025
0.209575
0.211625
0.212725
0.216050
0.221075
0.228700
0.251275
0.254900
0.259275
0.261025
0.264875
0.272450
0.275900
0.280425
0.285025
0.285175
0.291400
0.295625
0.301650
0.308675
0.312200
0.313700
0.319225
0.335650
0.339750
0.347350
0.356825
0.358700
0.371400
0.371650
0.375675
0.378375
0.381525
0.385800
0.389200
0.391725
0.394050
0.397950
0.399725
0.400600
0.406250
0.407025
0.410700
0.414125
0.417600
0.418150
0.418925
0.435075
0.438800
0.443025
0.443625
0.444050
0.446575
0.447225
0.447750
0.452950
0.455575
0.464325
0.467100
0.470875
0.477575
0.482675
0.483875
0.484850
0.485250
0.485375
0.489825
0.489975
0.492950
0.511750
0.521625
0.527200
0.531325
0.532950
0.533700
0.535275
0.538425
0.539700
0.548425
0.549950
0.560950
0.563075
0.564325
0.586325
0.589475
0.591425
0.593300
0.593825
0.600975
0.602050
0.603725
0.617175
0.626925
0.628900
0.630600
0.634350
0.635400
0.638525
0.641600
0.641675
0.644050
0.644750
0.645775
0.648175
0.656850
0.660975
0.669025
0.674025
0.677250
0.680600
0.687900
0.690375
0.697625
0.703725
0.711875
0.717950
0.731425
0.738875
0.741725
0.743250
0.743275
0.747750
0.747825
0.752325
0.753125
0.754100
0.754375
0.760175
0.760675
0.761550
0.766625
0.768650
0.768975
0.770725
0.777325
0.782350
0.792675
0.798000
0.807300
0.811800
0.814975
0.822950
0.824975
0.826475
0.836500
0.846575
0.860550
0.860675
0.872550
0.875600
0.879525
0.906775
0.910650
0.911700
0.913950
0.928625
0.929225
0.939750
0.966275
0.975750
0.986075
0.990825
1.015975
1.022225
1.033850
1.040000
1.049500
1.053025
1.055500
1.061475
1.066100
1.068925
1.070550
1.079775
1.081125
1.089650
1.091650
1.098175
1.102175
1.117450
1.128975
1.139050
1.151350
1.171125
1.172725
1.180875
1.186250
1.204975
1.216350
1.221925
1.233575
1.259250
1.265650
1.270675
1.295125
1.313250
1.334950
1.339850
1.452150
1.458400
1.553025
1.681225
1.716575
1.884925
1.943575
2.111275
2.121900
2.257225
2.336500
2.401125
2.445000
255
