0.002900
0.013350
0.017175
0.017800
0.026400
0.028100
0.029450
0.034400
0.040150
0.049600
0.050125
0.052600
0.062200
0.063025
0.063125
0.063450
0.068525
0.070875
0.083425
0.085275
0.085400
0.087650
0.088075
0.089625
0.094925
0.095300
0.096325
0.101075
0.101700
0.103425
0.109250
0.116075
0.117900
0.130850
0.133075
0.141600
0.148125
0.154150
0.159325
0.161025
0.162175
0.165700
0.166275
0.168200
0.170625
0.173675
0.175200
0.178400
0.183725
0.189900
0.190725
0.203750
0.206100
0.214475
0.223425
0.224875
0.225725
0.226325
0.226475
0.227650
0.233775
0.235275
0.240950
0.242950
0.254800
0.261400
0.262325
0.272850
0.273050
0.273250
0.275800
0.275800
0.280575
0.285450
0.287125
0.287525
0.292425
0.294250
0.310200
0.311200
0.321525
0.326275
0.340550
0.342425
0.344125
0.355625
0.367325
0.369925
0.372050
0.372475
0.372775
0.374350
0.385000
0.395525
0.397925
0.401975
0.402300
0.403475
0.404675
0.413825
0.414975
0.417725
0.419550
0.421000
0.421175
0.423825
0.428150
0.433700
0.434900
0.439275
0.440700
0.444250
0.445575
0.452575
0.457825
0.461850
0.462525
0.469800
0.473450
0.476475
0.482325
0.490350
0.495825
0.496000
0.496400
0.496725
0.499125
0.500650
0.510275
0.510600
0.518850
0.524800
0.525850
0.525900
0.530200
0.530500
0.530900
0.534925
0.539300
0.542000
0.547225
0.548450
0.552275
0.553325
0.564050
0.565125
0.565400
0.568025
0.581825
0.584400
0.586025
0.600500
0.606975
0.609000
0.609775
0.610875
0.617950
0.631300
0.643550
0.650925
0.651450
0.651675
0.654650
0.654750
0.655475
0.657300
0.665250
0.667100
0.672150
0.673525
0.674275
0.679775
0.680550
0.682250
0.688975
0.692400
0.693375
0.701850
0.707025
0.707875
0.712100
0.715675
0.716250
0.719975
0.724325
0.725575
0.734775
0.752475
0.753350
0.764275
0.781125
0.786400
0.796300
0.798675
0.802550
0.803150
0.822000
0.822750
0.828800
0.833300
0.834200
0.835775
0.835800
0.836275
0.837975
0.850300
0.853925
0.860975
0.869350
0.883275
0.884525
0.890450
0.897275
0.901350
0.904525
0.905750
0.908775
0.912900
0.919425
0.928575
0.930650
0.934675
0.943400
0.947725
0.978700
0.983300
0.985950
1.001900
1.012525
1.028650
1.044625
1.054075
1.057625
1.075600
1.076900
1.090550
1.093800
1.101175
1.117125
1.139425
1.177500
1.186450
1.194375
1.224175
1.224875
1.257350
1.289325
1.305325
1.309675
1.351975
1.392250
1.414425
1.468200
1.471075
1.483625
1.498275
1.500150
1.500575
1.594350
1.620350
1.624575
1.640125
1.730700
1.777425
1.829250
1.886450
1.907875
1.954650
2.389925
2.438050
270
