0.023550
0.025275
0.026700
0.031450
0.044575
0.049275
0.050000
0.062550
0.067375
0.072100
0.076675
0.078675
0.081125
0.081250
0.082600
0.083975
0.087650
0.088400
0.099875
0.103375
0.105575
0.107200
0.111125
0.115675
0.117725
0.117925
0.127775
0.129275
0.131925
0.135075
0.147125
0.150100
0.152675
0.156125
0.157000
0.158025
0.166400
0.168750
0.171125
0.177225
0.184375
0.189550
0.193650
0.194450
0.199525
0.200300
0.202025
0.208750
0.211925
0.213850
0.214875
0.219150
0.224975
0.227825
0.231475
0.235775
0.238575
0.241900
0.242125
0.247925
0.248000
0.250550
0.255325
0.256475
0.256575
0.270275
0.273000
0.277775
0.280875
0.280925
0.306600
0.306825
0.310950
0.311975
0.315200
0.323225
0.324775
0.332125
0.343650
0.344600
0.346250
0.355625
0.369925
0.372750
0.386325
0.390250
0.391575
0.394000
0.396125
0.400300
0.403075
0.405925
0.407275
0.408525
0.410575
0.412125
0.416100
0.433025
0.436850
0.439100
0.439825
0.440275
0.447700
0.453975
0.457075
0.457650
0.469800
0.476575
0.476750
0.479275
0.480000
0.492625
0.494975
0.497575
0.504700
0.505375
0.505475
0.510350
0.511425
0.511825
0.516075
0.523000
0.544225
0.555075
0.555975
0.563025
0.565075
0.580775
0.582225
0.589750
0.590425
0.594000
0.601200
0.606975
0.609300
0.616275
0.622925
0.629625
0.630225
0.632125
0.640150
0.654475
0.659350
0.665100
0.673825
0.674050
0.678325
0.682475
0.691550
0.693050
0.695750
0.698550
0.709925
0.712025
0.716675
0.724300
0.728050
0.730850
0.734675
0.736625
0.775475
0.787050
0.787325
0.792475
0.795675
0.796600
0.797200
0.803600
0.805900
0.811825
0.818150
0.824300
0.824700
0.828225
0.832950
0.835200
0.859475
0.865850
0.870700
0.881500
0.891550
0.918900
0.933400
0.938700
0.939750
0.961975
0.963975
0.975375
0.976025
0.976425
0.982900
0.983450
0.992125
1.006950
1.016175
1.020925
1.036350
1.054000
1.073975
1.083375
1.086550
1.086600
1.087950
1.093375
1.094000
1.104175
1.115425
1.183600
1.190825
1.195250
1.201075
1.224600
1.229100
1.255375
1.257250
1.338375
1.398175
1.401725
1.411375
1.429275
1.499600
1.522350
1.552750
1.563025
1.672025
1.679950
1.682800
1.781000
1.850650
2.267400
230
