0.000050
0.005625
0.007325
0.015175
0.017625
0.027250
0.029575
0.031125
0.036000
0.038275
0.038975
0.039650
0.043875
0.049225
0.050300
0.052250
0.053225
0.057450
0.073475
0.076325
0.079400
0.085400
0.087425
0.088975
0.097900
0.102375
0.102650
0.102950
0.103000
0.114625
0.130425
0.136000
0.145525
0.150075
0.156625
0.157825
0.160750
0.166000
0.167200
0.167250
0.170850
0.180075
0.189450
0.191025
0.193400
0.194600
0.194900
0.201925
0.202850
0.210450
0.210700
0.217325
0.219275
0.231975
0.245425
0.246775
0.268525
0.273700
0.275850
0.280475
0.282400
0.282725
0.282950
0.283850
0.284075
0.289450
0.292675
0.293625
0.298675
0.299000
0.299875
0.335800
0.338775
0.346650
0.357400
0.358725
0.362650
0.367425
0.370950
0.376925
0.376950
0.381550
0.383025
0.387550
0.388625
0.390250
0.398825
0.399275
0.400000
0.424750
0.436650
0.441500
0.441775
0.450025
0.451125
0.456625
0.459275
0.463250
0.473625
0.474750
0.481675
0.485125
0.488450
0.494400
0.498925
0.501675
0.503450
0.504075
0.506725
0.510650
0.521100
0.526275
0.530175
0.537700
0.538300
0.542875
0.553975
0.556850
0.558325
0.558475
0.561725
0.572775
0.581000
0.581575
0.582325
0.582375
0.584850
0.586250
0.587400
0.588425
0.589750
0.598025
0.600675
0.603800
0.607175
0.616675
0.622150
0.631925
0.633950
0.635100
0.637275
0.638775
0.642700
0.653900
0.656800
0.657125
0.663250
0.667475
0.670225
0.670325
0.675250
0.679300
0.680100
0.687125
0.688600
0.695775
0.706350
0.716075
0.730400
0.731525
0.737050
0.739200
0.748825
0.758625
0.758650
0.759275
0.760700
0.773825
0.775475
0.777675
0.779300
0.781550
0.783475
0.792625
0.800025
0.802150
0.808375
0.817150
0.818050
0.818575
0.831400
0.832450
0.832575
0.834775
0.838375
0.844500
0.848950
0.852325
0.860925
0.863975
0.876675
0.881775
0.887175
0.908075
0.923825
0.929075
0.937225
0.943925
0.945050
0.951425
0.958125
0.972050
0.972350
0.983550
0.993450
1.001450
1.013300
1.017800
1.020050
1.042750
1.043425
1.045675
1.054725
1.058000
1.060975
1.064900
1.107625
1.127800
1.164350
1.179425
1.180700
1.195225
1.246450
1.258150
1.266050
1.289600
1.310725
1.311375
1.320075
1.330225
1.331175
1.331675
1.354175
1.358150
1.360825
1.367725
1.376025
1.385125
1.394600
1.407375
1.407625
1.429225
1.470475
1.472900
1.508325
1.558550
1.584550
1.602775
1.665250
1.674075
1.713275
1.718025
1.914500
1.998300
2.130475
2.169575
2.250800
2.488625
258
