0.001200
0.004175
0.007400
0.008825
0.010275
0.015500
0.024675
0.038000
0.040250
0.043175
0.059200
0.067075
0.074175
0.080325
0.087125
0.100575
0.101525
0.133900
0.138200
0.138500
0.140600
0.151425
0.160175
0.162000
0.171500
0.179825
0.182825
0.185150
0.187250
0.191350
0.194050
0.196225
0.198100
0.202200
0.210525
0.212250
0.213400
0.220525
0.233325
0.234775
0.237875
0.240300
0.248850
0.249475
0.250575
0.253425
0.254075
0.258325
0.265400
0.265975
0.266375
0.269075
0.270325
0.273075
0.273900
0.279075
0.280050
0.281450
0.284125
0.292025
0.293000
0.295850
0.296500
0.305175
0.309100
0.314900
0.324725
0.325900
0.329725
0.337600
0.339250
0.341375
0.341875
0.344775
0.347250
0.358350
0.359900
0.360800
0.364850
0.366350
0.367875
0.384275
0.390400
0.398600
0.399200
0.400900
0.402575
0.422125
0.422775
0.438475
0.443550
0.448250
0.450200
0.451275
0.456900
0.461600
0.463600
0.464325
0.475725
0.484075
0.484800
0.485325
0.487400
0.493000
0.495025
0.499675
0.500650
0.500700
0.504675
0.505725
0.511075
0.513075
0.514250
0.514425
0.527775
0.535375
0.539475
0.544375
0.546275
0.548700
0.556400
0.556900
0.560250
0.569325
0.593850
0.598500
0.629425
0.641625
0.642875
0.645900
0.656650
0.657775
0.660900
0.663650
0.665700
0.667500
0.668400
0.671000
0.677125
0.696625
0.716275
0.718400
0.721550
0.722550
0.723800
0.725350
0.730375
0.738550
0.740850
0.746125
0.754250
0.757400
0.760650
0.766900
0.771425
0.783100
0.787400
0.792125
0.809550
0.830225
0.832525
0.851500
0.853950
0.857575
0.866125
0.867050
0.877325
0.901400
0.909050
0.910875
0.923175
0.924600
0.935725
0.944450
0.947300
0.953075
0.970925
0.972025
1.009025
1.022275
1.031475
1.083600
1.094200
1.103475
1.116250
1.117125
1.126275
1.134075
1.138050
1.145500
1.166075
1.169525
1.178200
1.181100
1.205275
1.250700
1.297425
1.301375
1.301500
1.310975
1.318575
1.380300
1.389750
1.409800
1.446300
1.477825
1.492575
1.501375
1.523800
1.533125
1.560200
1.571175
1.602675
1.680050
1.705950
1.708950
1.740775
1.814600
1.911175
2.268275
2.311975
2.329250
2.450550
223
