0.002850
0.006525
0.008025
0.009225
0.025175
0.039000
0.041350
0.044725
0.046175
0.050825
0.051525
0.052350
0.053600
0.054600
0.060550
0.067825
0.071325
0.073600
0.074975
0.079950
0.083775
0.089200
0.091550
0.092050
0.094400
0.099375
0.101425
0.115125
0.118850
0.125750
0.127500
0.127850
0.135725
0.140275
0.143675
0.144300
0.144925
0.148150
0.153625
0.155850
0.159125
0.159375
0.166100
0.170375
0.171975
0.172600
0.173700
0.177700
0.177975
0.185100
0.186800
0.194575
0.197225
0.198050
0.208950
0.209500
0.212175
0.212425
0.214550
0.218250
0.224825
0.233525
0.233600
0.234975
0.239825
0.242125
0.242175
0.242775
0.245400
0.247025
0.249000
0.253375
0.256300
0.263925
0.266750
0.271250
0.272875
0.273100
0.274750
0.289575
0.293500
0.306050
0.310000
0.314825
0.315625
0.315775
0.317275
0.322350
0.322650
0.343275
0.344600
0.345000
0.345125
0.358400
0.360625
0.367300
0.368250
0.368500
0.371100
0.371150
0.373050
0.376475
0.392050
0.393325
0.393875
0.394225
0.395400
0.416350
0.419125
0.425150
0.426325
0.431900
0.435650
0.437975
0.441025
0.444600
0.448850
0.462250
0.463700
0.465700
0.467050
0.468400
0.478375
0.504700
0.506425
0.509150
0.512175
0.513150
0.514125
0.519725
0.526000
0.530800
0.539450
0.542875
0.543975
0.547100
0.569950
0.578300
0.589300
0.600000
0.607325
0.610375
0.610950
0.614275
0.622850
0.632050
0.647775
0.649050
0.650825
0.651150
0.654450
0.656475
0.663600
0.664550
0.664700
0.677275
0.691225
0.697950
0.699225
0.707000
0.714850
0.715250
0.717100
0.718175
0.720650
0.736375
0.741625
0.741650
0.743600
0.744100
0.750200
0.761025
0.773750
0.774100
0.781975
0.788350
0.792175
0.800750
0.801675
0.803200
0.808975
0.810275
0.810600
0.822975
0.823225
0.826175
0.835600
0.838025
0.842125
0.843525
0.854600
0.857825
0.860200
0.865350
0.867225
0.870500
0.870500
0.875325
0.877250
0.877900
0.880450
0.892100
0.895725
0.932875
0.937350
0.939800
0.941375
0.950500
0.957525
0.990925
1.007150
1.019375
1.029875
1.035275
1.045550
1.100475
1.116200
1.137375
1.162875
1.199025
1.203375
1.225775
1.323100
1.335450
1.342350
1.413850
1.465325
1.465650
1.528300
1.546375
1.660275
1.663650
1.667575
1.673450
1.705900
1.727125
1.760500
1.766300
1.788225
1.795750
1.797500
1.982225
2.298225
2.357100
244
