0.006150
0.014450
0.017750
0.018850
0.019675
0.023975
0.024375
0.039225
0.039525
0.043900
0.051800
0.054900
0.056100
0.056650
0.056650
0.057850
0.061625
0.065425
0.067400
0.079700
0.084450
0.090625
0.094800
0.095950
0.105900
0.113600
0.118000
0.127675
0.132150
0.133750
0.135550
0.135575
0.136400
0.139475
0.140000
0.140825
0.146350
0.150200
0.160225
0.162925
0.164025
0.165250
0.178000
0.179475
0.192475
0.194200
0.194575
0.208475
0.208550
0.211550
0.221125
0.229775
0.232500
0.243400
0.246650
0.256375
0.256975
0.266225
0.267375
0.268825
0.271250
0.281750
0.293350
0.294125
0.294475
0.296850
0.299575
0.306525
0.308500
0.318700
0.323450
0.331925
0.332675
0.336525
0.344400
0.348550
0.353875
0.356650
0.362250
0.373575
0.374450
0.385450
0.385600
0.387675
0.387800
0.404900
0.415500
0.417075
0.423175
0.423625
0.426875
0.431850
0.433625
0.435325
0.444500
0.452925
0.452975
0.455950
0.458575
0.468450
0.469100
0.469725
0.471475
0.479400
0.480625
0.489400
0.503675
0.506950
0.517250
0.528425
0.545725
0.546325
0.547850
0.555450
0.557800
0.563900
0.566575
0.568900
0.571375
0.573850
0.577150
0.582450
0.598175
0.598850
0.605625
0.610400
0.614700
0.619975
0.620375
0.623850
0.637800
0.656000
0.659100
0.660000
0.669250
0.670600
0.683100
0.683250
0.683975
0.685750
0.699150
0.708300
0.722875
0.724225
0.726950
0.727050
0.730225
0.737375
0.747400
0.762925
0.767600
0.768525
0.771375
0.774400
0.776125
0.786975
0.795950
0.798625
0.802050
0.811675
0.817625
0.817925
0.831025
0.836650
0.838825
0.845825
0.847450
0.848250
0.871800
0.876525
0.881075
0.891375
0.891700
0.896600
0.906950
0.914150
0.919675
0.921350
0.923900
0.928775
0.929875
0.951475
0.967350
0.996650
1.009825
1.019450
1.019950
1.034525
1.045975
1.058600
1.069425
1.080675
1.100025
1.121275
1.126250
1.137000
1.161100
1.170175
1.178275
1.185600
1.190400
1.197550
1.198200
1.207700
1.237800
1.249350
1.250000
1.265325
1.311850
1.338475
1.440975
1.482200
1.514025
1.604850
1.673275
1.756850
1.815425
1.842525
1.849400
1.850275
1.874950
1.932900
1.945200
1.996475
2.016100
2.153900
2.188100
2.208125
2.228775
2.238800
230
