0.003975
0.004600
0.006150
0.007750
0.011200
0.014350
0.022500
0.023925
0.031900
0.032025
0.035375
0.038425
0.041400
0.045200
0.053750
0.061575
0.071350
0.072925
0.082575
0.083825
0.086800
0.094650
0.098825
0.105975
0.109775
0.109800
0.112150
0.113700
0.116200
0.116475
0.121550
0.126075
0.126575
0.130075
0.131775
0.132425
0.146400
0.148825
0.162225
0.171600
0.187775
0.191250
0.191925
0.196100
0.205450
0.215300
0.217525
0.223750
0.224725
0.227500
0.227875
0.228650
0.231350
0.232000
0.233375
0.236825
0.236950
0.238550
0.258925
0.272850
0.284925
0.284975
0.288275
0.290700
0.292775
0.302575
0.303225
0.303775
0.310025
0.310375
0.313700
0.318075
0.318300
0.329025
0.330125
0.338375
0.343650
0.343650
0.345675
0.346700
0.348075
0.349100
0.350325
0.362475
0.362950
0.364250
0.369225
0.377200
0.381400
0.385200
0.385325
0.387825
0.391325
0.396175
0.398125
0.399300
0.400400
0.400825
0.408025
0.409525
0.413125
0.414625
0.419425
0.441275
0.444275
0.445450
0.445575
0.446175
0.446800
0.450600
0.451875
0.452450
0.453425
0.465025
0.467475
0.472925
0.476725
0.478875
0.484550
0.485725
0.487400
0.487700
0.492125
0.497000
0.497925
0.500225
0.505825
0.517225
0.521950
0.522500
0.527275
0.528225
0.534025
0.534300
0.538175
0.538550
0.551775
0.556475
0.569950
0.572550
0.578075
0.593600
0.595175
0.603450
0.604450
0.605125
0.606475
0.616150
0.616725
0.631025
0.637725
0.639500
0.645350
0.649175
0.649275
0.649425
0.664550
0.680200
0.684825
0.688675
0.697875
0.697925
0.699450
0.702750
0.704300
0.704950
0.707150
0.707650
0.710450
0.712025
0.718200
0.720075
0.720850
0.725500
0.727350
0.730100
0.730375
0.730650
0.731650
0.754575
0.759750
0.779450
0.785825
0.802325
0.803125
0.805900
0.840550
0.842900
0.843150
0.846025
0.847550
0.848425
0.848975
0.851325
0.852500
0.854675
0.860400
0.893325
0.896275
0.920175
0.920275
0.926825
0.942950
0.959875
0.967875
0.971300
0.983375
0.986375
0.988450
0.991400
0.992550
0.994375
1.009075
1.012400
1.015975
1.022075
1.024550
1.026250
1.027150
1.032300
1.033225
1.045125
1.074700
1.075575
1.077375
1.079875
1.082400
1.088625
1.110325
1.116675
1.149450
1.154350
1.156850
1.167500
1.168400
1.169075
1.176550
1.184950
1.189400
1.213250
1.256650
1.274100
1.286250
1.289900
1.298900
1.310525
1.320850
1.345950
1.380450
1.394025
1.428600
1.432675
1.448175
1.467625
1.500225
1.503675
1.541100
1.577325
1.624000
1.629050
1.631875
1.658450
1.783875
1.802275
1.802925
1.958900
2.038500
2.377025
268
