0.014725
0.014850
0.016275
0.029150
0.030800
0.031300
0.037150
0.038900
0.043075
0.052525
0.062825
0.071275
0.072150
0.073450
0.074100
0.086850
0.087225
0.106350
0.106500
0.115425
0.116350
0.117775
0.118425
0.130275
0.131100
0.132050
0.140025
0.140625
0.145075
0.153100
0.158800
0.172025
0.196875
0.201375
0.206150
0.225025
0.225450
0.238275
0.238975
0.244075
0.248550
0.264775
0.265400
0.284225
0.287100
0.290725
0.301025
0.302225
0.315075
0.315700
0.322950
0.330950
0.332500
0.337300
0.337500
0.347800
0.348425
0.367500
0.368800
0.371325
0.378275
0.378975
0.381425
0.398175
0.402300
0.405650
0.416025
0.441000
0.442450
0.442750
0.443150
0.447825
0.453050
0.465375
0.468050
0.468150
0.468200
0.470250
0.474175
0.479650
0.486550
0.487600
0.492350
0.492775
0.493925
0.496925
0.497050
0.499550
0.504300
0.507325
0.514650
0.534725
0.545175
0.551850
0.560975
0.568750
0.574475
0.576525
0.578150
0.580500
0.582100
0.590650
0.595925
0.604050
0.605950
0.616900
0.620025
0.622500
0.622625
0.624150
0.625675
0.629250
0.631550
0.640775
0.641100
0.654650
0.655575
0.655725
0.660675
0.662225
0.671125
0.679550
0.690925
0.693550
0.700650
0.704925
0.715525
0.716125
0.720075
0.728575
0.732350
0.737350
0.737575
0.740675
0.741725
0.752675
0.766250
0.770200
0.783925
0.789625
0.798975
0.799700
0.800100
0.801075
0.817525
0.820875
0.825925
0.832300
0.837500
0.855275
0.856450
0.864250
0.876950
0.903300
0.905550
0.924550
0.925850
0.926200
0.928875
0.931275
0.931475
0.934325
0.941350
0.944300
0.953900
0.955100
0.956725
0.979475
0.980775
0.981550
0.992125
0.994025
1.003000
1.003800
1.005450
1.011675
1.021000
1.022650
1.029700
1.034425
1.036600
1.112625
1.120275
1.122025
1.124200
1.130000
1.159300
1.166650
1.171925
1.226275
1.227700
1.238450
1.249675
1.254100
1.257250
1.259625
1.262275
1.278475
1.294225
1.357350
1.362075
1.370450
1.376575
1.384600
1.386550
1.397300
1.397625
1.404775
1.423375
1.447275
1.463500
1.483600
1.520375
1.522800
1.619450
1.655750
1.686375
1.716850
1.859775
1.863525
1.944350
2.013400
2.103800
2.185875
2.226575
2.397875
226
