0.004875
0.014825
0.015775
0.016025
0.018825
0.019150
0.019475
0.022000
0.023075
0.031100
0.032900
0.042400
0.046975
0.052950
0.056450
0.057200
0.058400
0.065875
0.066050
0.073025
0.073575
0.075575
0.083325
0.084475
0.085825
0.090225
0.095225
0.101175
0.103125
0.109350
0.117250
0.119425
0.119575
0.120275
0.123675
0.125725
0.128550
0.131200
0.140050
0.141575
0.141625
0.142950
0.147050
0.156000
0.158450
0.158900
0.159850
0.164250
0.172025
0.174125
0.200125
0.229975
0.230875
0.232825
0.245800
0.248375
0.259625
0.263025
0.268975
0.275025
0.275375
0.277750
0.288550
0.289525
0.297500
0.304150
0.308800
0.308850
0.330375
0.331525
0.332375
0.335575
0.338700
0.339375
0.341875
0.352025
0.353575
0.365125
0.366350
0.371450
0.372400
0.373600
0.386400
0.397200
0.397475
0.399825
0.399925
0.407375
0.415375
0.417450
0.423925
0.427350
0.437075
0.439875
0.450250
0.456300
0.460450
0.463550
0.469125
0.471500
0.474550
0.476325
0.481700
0.484325
0.489575
0.490450
0.499800
0.502075
0.511600
0.511650
0.517750
0.525025
0.525800
0.538125
0.541450
0.545325
0.548100
0.551775
0.557375
0.558925
0.569125
0.569525
0.582550
0.585800
0.596975
0.598075
0.600725
0.610950
0.619300
0.619900
0.622175
0.634550
0.641000
0.644500
0.645800
0.646700
0.656725
0.663075
0.666125
0.669250
0.669400
0.682725
0.708425
0.713550
0.719600
0.722900
0.734875
0.736575
0.737550
0.740525
0.743025
0.753325
0.753750
0.755250
0.755375
0.756225
0.760675
0.767225
0.774850
0.779950
0.791075
0.791075
0.793275
0.801875
0.803350
0.806425
0.814375
0.816625
0.817475
0.818450
0.827450
0.843800
0.843950
0.863575
0.872850
0.882400
0.886825
0.894875
0.897525
0.913400
0.915875
0.922825
0.925175
0.925625
0.928225
0.942575
0.947875
0.947975
0.953150
0.953600
0.959750
0.964850
0.977900
0.994550
0.998475
1.008250
1.012725
1.016250
1.021800
1.033275
1.040625
1.045650
1.046225
1.048525
1.052500
1.054475
1.060375
1.065750
1.069375
1.072175
1.088875
1.091475
1.098000
1.119125
1.123700
1.133700
1.166500
1.178925
1.184100
1.193575
1.209450
1.217775
1.223500
1.226450
1.274075
1.276975
1.278700
1.292975
1.364400
1.376075
1.380200
1.390750
1.391950
1.407975
1.435150
1.441675
1.441700
1.455350
1.476400
1.525775
1.550800
1.573950
1.603850
1.657700
1.678150
1.785100
1.786125
1.786675
1.811975
1.846025
1.893450
1.912150
1.951000
2.002850
2.032825
2.107750
2.408925
257
