0.011650
0.031650
0.042350
0.043275
0.048475
0.050725
0.052100
0.063450
0.068150
0.070950
0.091300
0.093000
0.095800
0.096950
0.099200
0.107250
0.108675
0.112875
0.114525
0.121600
0.124075
0.130600
0.136725
0.138450
0.143400
0.158050
0.160275
0.163250
0.165950
0.168375
0.169550
0.169725
0.172950
0.180050
0.181050
0.181275
0.183600
0.186825
0.188975
0.192875
0.202525
0.208675
0.209150
0.218875
0.228000
0.244100
0.247475
0.248750
0.248975
0.257725
0.261475
0.265975
0.267975
0.270500
0.275825
0.276475
0.280075
0.281250
0.286175
0.287550
0.290525
0.290575
0.295625
0.302900
0.302975
0.303250
0.303625
0.306300
0.309725
0.310175
0.314575
0.316725
0.322250
0.330150
0.333650
0.334125
0.343375
0.343950
0.345500
0.346700
0.347150
0.357925
0.371675
0.375850
0.380700
0.384400
0.387525
0.388125
0.391950
0.398025
0.401300
0.408775
0.409200
0.412025
0.419025
0.422725
0.427625
0.432425
0.446075
0.457650
0.466875
0.469000
0.470150
0.481025
0.486825
0.496000
0.496625
0.497075
0.497450
0.511250
0.515700
0.521750
0.521875
0.523125
0.523350
0.523550
0.525325
0.525775
0.528050
0.534175
0.539250
0.545000
0.549800
0.551850
0.552500
0.554375
0.555800
0.556900
0.557400
0.558925
0.570675
0.573150
0.574925
0.583175
0.584800
0.586950
0.589400
0.597500
0.606525
0.607350
0.608875
0.614350
0.618800
0.619775
0.623500
0.632075
0.637300
0.640600
0.642900
0.645975
0.654350
0.659850
0.661475
0.663725
0.684700
0.689450
0.690075
0.693400
0.693525
0.698525
0.701150
0.722450
0.723950
0.726300
0.729050
0.737675
0.738025
0.743575
0.745875
0.746950
0.762200
0.765175
0.774750
0.774850
0.784925
0.786750
0.789200
0.791200
0.797375
0.803925
0.804325
0.809050
0.816275
0.819475
0.830075
0.833325
0.834325
0.839000
0.843675
0.845575
0.850950
0.855475
0.859475
0.860325
0.861200
0.864775
0.869150
0.873050
0.887050
0.888375
0.890175
0.900375
0.905750
0.910500
0.911200
0.915575
0.916700
0.926075
0.945325
0.947575
0.955250
0.960825
0.972175
0.972600
0.975525
0.977400
0.982775
0.985525
0.986450
0.991925
0.994125
1.019300
1.019550
1.027975
1.042200
1.078425
1.079675
1.093125
1.099625
1.122100
1.122425
1.125725
1.142775
1.146275
1.201950
1.208200
1.210025
1.225925
1.244275
1.252575
1.256025
1.258725
1.259375
1.281900
1.285775
1.307400
1.322775
1.327375
1.341950
1.354975
1.358275
1.401250
1.406075
1.437175
1.474400
1.475250
1.476825
1.487850
1.516775
1.527850
1.579000
1.586375
1.605575
1.626225
1.644400
1.694150
1.801425
1.895450
1.923600
1.974425
2.222175
2.301225
2.431950
2.473025
274
