0.000775
0.004350
0.008375
0.008750
0.012950
0.014100
0.017000
0.025375
0.033325
0.033950
0.040450
0.044200
0.050150
0.057775
0.066575
0.077750
0.077825
0.083975
0.085050
0.085675
0.087050
0.087200
0.088600
0.090925
0.097100
0.097775
0.107975
0.114475
0.118075
0.131350
0.137575
0.137750
0.140975
0.142225
0.149825
0.154150
0.159300
0.169175
0.178725
0.185350
0.186650
0.204600
0.210325
0.215475
0.217500
0.222300
0.230550
0.233350
0.243800
0.247525
0.248575
0.253600
0.258000
0.258250
0.265075
0.265650
0.282925
0.285175
0.287275
0.300600
0.305875
0.307625
0.315925
0.318000
0.318350
0.325800
0.326200
0.330650
0.331950
0.337100
0.348000
0.353400
0.353975
0.358850
0.359075
0.372850
0.374625
0.378700
0.382000
0.383450
0.383750
0.386725
0.387450
0.388750
0.389750
0.391475
0.392500
0.394800
0.395900
0.401925
0.404750
0.408700
0.411150
0.411200
0.417200
0.418800
0.420500
0.421925
0.426900
0.450850
0.452975
0.456475
0.457475
0.458475
0.461600
0.467875
0.474900
0.477100
0.483450
0.496100
0.501375
0.502900
0.509075
0.511750
0.512450
0.529725
0.532600
0.537225
0.545850
0.551850
0.552925
0.553300
0.555350
0.559875
0.560250
0.562650
0.566725
0.566750
0.569375
0.586300
0.597075
0.598525
0.599200
0.603425
0.604325
0.604700
0.614325
0.616200
0.618125
0.619650
0.619725
0.620550
0.621175
0.624100
0.625125
0.625250
0.634700
0.636575
0.638950
0.645850
0.647100
0.647925
0.648200
0.649425
0.657800
0.658325
0.671800
0.673025
0.673600
0.678450
0.680125
0.682475
0.689625
0.693775
0.694800
0.695200
0.696750
0.697100
0.703375
0.708850
0.718300
0.718775
0.724325
0.727400
0.733775
0.744350
0.756500
0.764450
0.765000
0.772500
0.789800
0.790850
0.793725
0.795625
0.798900
0.802150
0.825575
0.830300
0.836000
0.843025
0.855075
0.859250
0.860375
0.893125
0.893850
0.902375
0.909100
0.919050
0.946450
0.946500
0.949675
0.950775
0.953550
0.963725
0.977325
1.000075
1.008375
1.018475
1.026400
1.040875
1.052300
1.054825
1.055650
1.057825
1.059700
1.068925
1.069225
1.070450
1.078950
1.082450
1.099275
1.108300
1.117025
1.121475
1.136000
1.153275
1.198925
1.202125
1.218075
1.221350
1.239225
1.243775
1.263475
1.279400
1.287175
1.292425
1.356125
1.358350
1.394200
1.475675
1.478050
1.502900
1.510350
1.526200
1.654275
1.772825
1.776675
1.778175
1.789750
1.790425
1.822350
2.464075
252
