0.006550
0.009950
0.025075
0.027000
0.028400
0.033300
0.037300
0.051175
0.051300
0.052950
0.069925
0.070525
0.071725
0.076050
0.076850
0.081150
0.084375
0.088800
0.089600
0.093725
0.115775
0.131575
0.138350
0.152575
0.154625
0.156775
0.159325
0.170400
0.183025
0.186250
0.190925
0.195250
0.206675
0.212175
0.220375
0.222700
0.226225
0.238450
0.239950
0.245425
0.254225
0.262775
0.268875
0.274475
0.280850
0.284350
0.289150
0.290550
0.291600
0.306075
0.307600
0.325900
0.326725
0.328850
0.330075
0.336125
0.337025
0.338350
0.348350
0.356950
0.362475
0.363575
0.367000
0.373400
0.376800
0.378675
0.380500
0.388800
0.389475
0.393075
0.393225
0.403000
0.408450
0.418250
0.421750
0.425525
0.430675
0.446525
0.454125
0.460250
0.463775
0.465525
0.476925
0.478825
0.482250
0.482850
0.484375
0.486950
0.492000
0.493775
0.495325
0.499250
0.500475
0.500850
0.503225
0.507825
0.511950
0.523200
0.530950
0.532000
0.535975
0.537050
0.538275
0.545650
0.547850
0.554600
0.558200
0.561125
0.572075
0.572950
0.580850
0.587325
0.589750
0.597500
0.599825
0.612200
0.624650
0.625500
0.627225
0.633050
0.633850
0.644600
0.645250
0.648475
0.659525
0.661225
0.663575
0.668675
0.669125
0.671525
0.692925
0.696150
0.697425
0.702675
0.716675
0.718450
0.722700
0.724800
0.730025
0.732625
0.738575
0.740125
0.741100
0.749375
0.755225
0.765575
0.767350
0.773900
0.779600
0.787125
0.796925
0.802200
0.808475
0.809275
0.814425
0.848850
0.859600
0.863200
0.867925
0.870075
0.877350
0.887100
0.890350
0.898525
0.902200
0.911100
0.915650
0.919950
0.923500
0.927575
0.931550
0.933750
0.936625
0.938825
0.948375
0.949275
0.960425
0.960725
0.965175
0.966525
0.977275
0.986075
0.987775
0.993800
0.999800
1.002475
1.024225
1.026025
1.027950
1.028400
1.028725
1.084275
1.089150
1.099200
1.102850
1.106525
1.116375
1.118650
1.162350
1.164250
1.180975
1.194725
1.197825
1.213350
1.214875
1.239875
1.259450
1.274575
1.288375
1.306025
1.306075
1.317925
1.326500
1.345375
1.365725
1.369525
1.379750
1.386275
1.410550
1.412000
1.438025
1.455500
1.482375
1.535050
1.578600
1.625450
1.645875
1.670875
1.671525
1.691575
1.730525
1.837050
1.839000
1.922475
2.067275
2.069075
2.148100
2.153200
2.240800
2.291425
240
