0.001575
0.011250
0.014475
0.016000
0.025925
0.029050
0.034475
0.034650
0.043500
0.045650
0.059200
0.064875
0.065200
0.078425
0.090275
0.092900
0.095750
0.116000
0.123000
0.139875
0.140825
0.154400
0.159100
0.168575
0.168650
0.169675
0.172300
0.180300
0.181875
0.182925
0.185875
0.189125
0.190475
0.191200
0.197275
0.200150
0.204675
0.211300
0.222900
0.227400
0.228100
0.231925
0.236025
0.247150
0.254225
0.255325
0.259025
0.264200
0.286475
0.290725
0.292575
0.295925
0.299225
0.299400
0.301300
0.303700
0.314450
0.320650
0.325375
0.327875
0.334100
0.336525
0.336625
0.347100
0.350550
0.350675
0.352825
0.354675
0.355075
0.356250
0.367425
0.367525
0.378325
0.380950
0.384875
0.388150
0.388550
0.389100
0.395625
0.410325
0.417125
0.429675
0.432225
0.432325
0.435775
0.440275
0.440725
0.445000
0.448275
0.451725
0.456225
0.467850
0.469425
0.470825
0.472950
0.485150
0.490025
0.491125
0.494025
0.494925
0.498450
0.498775
0.511000
0.520675
0.521950
0.523525
0.525725
0.526700
0.530225
0.536150
0.540850
0.542250
0.545700
0.551875
0.557400
0.557625
0.558150
0.563200
0.568050
0.571000
0.581000
0.587825
0.599700
0.600700
0.602525
0.604150
0.605475
0.607550
0.608950
0.613750
0.617150
0.618700
0.629725
0.629775
0.631075
0.640050
0.651025
0.653575
0.656850
0.659725
0.660175
0.663200
0.674425
0.675875
0.685675
0.687050
0.698500
0.700925
0.702625
0.706125
0.710025
0.711600
0.711825
0.713275
0.734575
0.738725
0.739800
0.741450
0.760175
0.771075
0.771475
0.776675
0.778125
0.780125
0.786600
0.787600
0.795500
0.795900
0.798425
0.805425
0.809800
0.810975
0.815950
0.819925
0.820975
0.827275
0.829225
0.837375
0.837750
0.838375
0.849700
0.850475
0.855675
0.875450
0.878275
0.881075
0.892125
0.901475
0.906525
0.919550
0.919925
0.921175
0.926475
0.932975
0.937900
0.940950
0.941250
0.941875
0.944375
0.950450
0.965550
0.990400
0.995275
0.997075
1.002275
1.019500
1.021325
1.031925
1.036800
1.040575
1.045200
1.048325
1.053500
1.060575
1.066325
1.071550
1.076025
1.091175
1.095475
1.125950
1.140200
1.140500
1.142075
1.142550
1.183575
1.198125
1.222725
1.228050
1.240725
1.242500
1.266100
1.287650
1.342875
1.344900
1.371650
1.412300
1.419700
1.436500
1.437825
1.474875
1.518350
1.525850
1.542850
1.547275
1.565350
1.654300
1.665175
1.699450
1.706675
1.794775
1.927550
2.006150
2.065950
2.069125
2.076525
2.123000
2.303575
2.324650
258
