0.006075
0.009025
0.018600
0.022225
0.030850
0.032275
0.040900
0.045100
0.049425
0.049700
0.055000
0.067325
0.072450
0.087875
0.091250
0.092250
0.097325
0.099675
0.104700
0.114575
0.120400
0.124125
0.124950
0.127300
0.128775
0.134750
0.138725
0.146375
0.151775
0.153225
0.154275
0.156925
0.157500
0.162825
0.163900
0.164625
0.165150
0.165250
0.168875
0.175550
0.179800
0.181525
0.191475
0.195700
0.207425
0.217200
0.220950
0.221400
0.226625
0.234975
0.247550
0.248350
0.255250
0.260700
0.265975
0.266900
0.271550
0.274275
0.275150
0.276025
0.287900
0.288050
0.291200
0.291875
0.297075
0.302100
0.320600
0.321825
0.329875
0.330000
0.330125
0.340175
0.342925
0.345325
0.348050
0.350800
0.352950
0.357600
0.364125
0.364225
0.366100
0.372950
0.374975
0.376600
0.381825
0.381975
0.383300
0.384125
0.388100
0.396350
0.399550
0.406775
0.406775
0.426350
0.428525
0.440475
0.461525
0.465075
0.474350
0.476650
0.479850
0.481275
0.493250
0.500150
0.504525
0.504550
0.505200
0.506000
0.508325
0.513350
0.513725
0.519450
0.522775
0.525075
0.526625
0.533175
0.543175
0.544525
0.546175
0.546700
0.555500
0.559125
0.569375
0.574700
0.576575
0.579275
0.581900
0.586050
0.586925
0.589050
0.594225
0.598275
0.601625
0.603200
0.615425
0.616325
0.636900
0.641775
0.648925
0.650625
0.662700
0.664125
0.667675
0.672725
0.676500
0.676650
0.678650
0.681525
0.684225
0.688500
0.693475
0.693575
0.693650
0.697275
0.704100
0.707875
0.710250
0.714200
0.716725
0.719375
0.728750
0.737275
0.738325
0.747575
0.755675
0.771550
0.779050
0.779800
0.782225
0.782900
0.796625
0.820075
0.822400
0.849250
0.860500
0.864625
0.872800
0.876825
0.888500
0.895100
0.896025
0.899450
0.901425
0.903100
0.915425
0.924300
0.928725
0.936175
0.940850
0.945800
0.979000
0.987150
0.989650
1.003825
1.008225
1.019625
1.036050
1.040550
1.040650
1.056125
1.056600
1.059225
1.087575
1.090600
1.100225
1.101625
1.106450
1.136000
1.138250
1.176250
1.188625
1.210650
1.217925
1.231825
1.236250
1.247900
1.250450
1.258075
1.263075
1.269300
1.294075
1.312800
1.324450
1.341250
1.352200
1.353800
1.399575
1.436750
1.463325
1.472475
1.478750
1.553700
1.595625
1.609525
1.617125
1.641175
1.664950
1.670450
1.720825
1.748250
1.807200
1.858575
2.024250
2.043725
2.148850
2.228475
2.477700
247
