0.006200
0.006950
0.013550
0.018750
0.024125
0.030300
0.038750
0.039375
0.047225
0.054725
0.062175
0.069350
0.070725
0.080950
0.083900
0.092750
0.093275
0.102700
0.105575
0.109450
0.109625
0.116925
0.122225
0.124325
0.124875
0.126625
0.126725
0.133975
0.140975
0.141500
0.147950
0.157500
0.158225
0.163275
0.175950
0.176675
0.182725
0.183900
0.192850
0.195800
0.200575
0.202500
0.202975
0.203975
0.209875
0.213475
0.213600
0.214300
0.218675
0.220275
0.223750
0.225750
0.240475
0.248075
0.248925
0.252425
0.253450
0.253500
0.256225
0.258100
0.260025
0.260150
0.263875
0.272450
0.275175
0.282425
0.283725
0.284425
0.284600
0.287050
0.288450
0.289725
0.292300
0.300625
0.305500
0.321600
0.324000
0.328725
0.331575
0.332625
0.334975
0.343525
0.344100
0.346800
0.350675
0.350875
0.350950
0.359500
0.362625
0.363750
0.367725
0.391750
0.397750
0.401375
0.402250
0.417350
0.420125
0.421500
0.434675
0.435850
0.438500
0.438750
0.441725
0.441875
0.442700
0.447325
0.451100
0.454575
0.455900
0.460200
0.467750
0.475650
0.477400
0.488575
0.495875
0.505100
0.505725
0.509500
0.518325
0.525050
0.526650
0.531425
0.539875
0.545375
0.546025
0.550825
0.558125
0.566975
0.567275
0.574925
0.583350
0.584675
0.587875
0.599000
0.608150
0.608650
0.612025
0.621800
0.624150
0.626875
0.630850
0.633700
0.640275
0.648075
0.653250
0.653675
0.666800
0.669825
0.673175
0.678575
0.680450
0.684025
0.686200
0.694650
0.695000
0.698175
0.698450
0.701675
0.702325
0.716775
0.717750
0.720850
0.730450
0.734625
0.744225
0.745625
0.754100
0.755475
0.763300
0.764150
0.768550
0.774700
0.785750
0.789425
0.792225
0.793250
0.813925
0.814425
0.815575
0.830850
0.834450
0.836625
0.837850
0.841375
0.852075
0.853575
0.854050
0.855950
0.864575
0.873950
0.892575
0.916500
0.918125
0.918200
0.962200
0.964825
0.972350
0.974300
0.984225
0.998875
1.001425
1.015750
1.032150
1.046850
1.088850
1.110725
1.111800
1.119175
1.138300
1.144250
1.150025
1.159175
1.228225
1.241350
1.248600
1.252125
1.255100
1.269200
1.303000
1.317625
1.331750
1.376225
1.495025
1.524975
1.539750
1.598575
1.616550
1.659825
1.687050
1.716775
1.723300
1.848100
1.885250
1.952300
2.318700
235
