0.010375
0.012950
0.013000
0.019475
0.021800
0.035650
0.036100
0.045700
0.053275
0.053400
0.057275
0.059725
0.073775
0.074850
0.075025
0.083200
0.085350
0.085925
0.090650
0.093275
0.102700
0.108800
0.113925
0.115375
0.118250
0.118625
0.132425
0.132575
0.135325
0.137925
0.140425
0.140450
0.141400
0.149225
0.153275
0.159700
0.165250
0.169125
0.169700
0.173525
0.174025
0.175100
0.187925
0.192000
0.196250
0.207975
0.209450
0.212400
0.216225
0.223900
0.224650
0.231150
0.236425
0.248525
0.248600
0.251275
0.252350
0.260075
0.263850
0.269125
0.269425
0.278175
0.278675
0.286175
0.287225
0.288250
0.301825
0.302825
0.310750
0.316950
0.319975
0.328775
0.340575
0.354500
0.371000
0.372800
0.375950
0.380350
0.383450
0.385900
0.388600
0.393525
0.396325
0.399600
0.407225
0.409525
0.409625
0.423875
0.425375
0.425800
0.433225
0.433475
0.442675
0.443250
0.450800
0.450850
0.450850
0.453100
0.453325
0.473425
0.475950
0.476350
0.478150
0.498725
0.499050
0.499225
0.503475
0.508750
0.513800
0.518500
0.520625
0.521125
0.534250
0.538350
0.540125
0.551275
0.554400
0.557725
0.558300
0.561950
0.565025
0.565825
0.567325
0.567625
0.569500
0.583375
0.585375
0.592250
0.593550
0.599850
0.613700
0.624575
0.627575
0.630850
0.639400
0.643925
0.646575
0.646925
0.649150
0.651525
0.652675
0.659950
0.664550
0.668500
0.672025
0.672800
0.680000
0.683225
0.689750
0.692625
0.700750
0.702425
0.703575
0.713475
0.714425
0.720625
0.724825
0.727900
0.733300
0.745475
0.757775
0.759625
0.760000
0.766750
0.774600
0.794150
0.794675
0.795425
0.833525
0.836925
0.848350
0.849325
0.849950
0.853000
0.856575
0.859450
0.865200
0.867950
0.868000
0.869425
0.873700
0.879300
0.887850
0.890025
0.896825
0.929600
0.936100
0.959300
0.964800
0.970250
0.987875
0.989650
0.989925
0.990875
0.999100
1.003200
1.003775
1.007425
1.017425
1.026525
1.039325
1.045100
1.047225
1.059950
1.070675
1.077725
1.081000
1.110375
1.123625
1.125850
1.141175
1.143325
1.169700
1.176125
1.177450
1.177925
1.180200
1.184275
1.187700
1.197525
1.198350
1.215650
1.220075
1.221200
1.224800
1.257575
1.267875
1.280850
1.287350
1.290650
1.310800
1.321375
1.327100
1.342550
1.358800
1.369750
1.388575
1.399900
1.465950
1.471400
1.480100
1.534650
1.559725
1.600225
1.678000
1.696825
1.852050
1.915825
2.123575
2.126575
2.171475
2.407875
2.422250
253
