0.000600
0.015100
0.016350
0.020550
0.022025
0.031050
0.031625
0.038050
0.040225
0.045050
0.049175
0.057650
0.062575
0.067900
0.076550
0.077225
0.077500
0.078375
0.086750
0.090650
0.107600
0.110525
0.111850
0.112625
0.117550
0.123475
0.130900
0.132200
0.133725
0.136200
0.138575
0.140375
0.146625
0.147925
0.150600
0.152675
0.157500
0.159025
0.160200
0.163225
0.165550
0.167200
0.169175
0.170725
0.178300
0.183350
0.186975
0.190150
0.191350
0.191625
0.193525
0.196850
0.198425
0.199250
0.206925
0.212550
0.216025
0.221325
0.223025
0.229600
0.234275
0.234700
0.236200
0.240150
0.243450
0.245050
0.245300
0.248375
0.248700
0.249675
0.250175
0.254800
0.270975
0.271450
0.271525
0.273550
0.273850
0.282050
0.284000
0.285525
0.291550
0.295600
0.296100
0.296575
0.297350
0.299825
0.300400
0.303300
0.320575
0.325325
0.328375
0.335975
0.337500
0.342625
0.350600
0.350800
0.351250
0.357300
0.369450
0.369700
0.379925
0.383425
0.386475
0.387875
0.391450
0.397725
0.403800
0.408175
0.409025
0.410300
0.414475
0.415975
0.417350
0.426550
0.430975
0.432475
0.433525
0.433775
0.450275
0.452200
0.457650
0.466800
0.466825
0.467075
0.472400
0.472650
0.482075
0.484000
0.484075
0.485800
0.495750
0.526575
0.528225
0.531850
0.532025
0.533400
0.534500
0.542875
0.546375
0.547175
0.547650
0.553500
0.553925
0.557725
0.563400
0.563450
0.564150
0.571950
0.575575
0.578075
0.578150
0.582675
0.601625
0.603525
0.604125
0.604600
0.605800
0.613750
0.617175
0.620425
0.628875
0.636375
0.637025
0.637925
0.651175
0.666525
0.668950
0.673800
0.674950
0.675100
0.679900
0.681575
0.681600
0.682375
0.696575
0.697200
0.703775
0.704575
0.704625
0.708550
0.709350
0.715075
0.717700
0.719975
0.721175
0.726800
0.731350
0.731850
0.739225
0.739775
0.745525
0.747400
0.755375
0.756550
0.757950
0.759725
0.775075
0.775400
0.775475
0.776450
0.778025
0.781425
0.784700
0.786400
0.805925
0.809050
0.810425
0.814625
0.820275
0.834050
0.847950
0.853900
0.861525
0.890400
0.896200
0.896850
0.898225
0.904600
0.905700
0.908800
0.921750
0.933900
0.934700
0.942825
0.944525
0.948500
0.955075
0.990100
0.991725
1.023150
1.028650
1.041975
1.042975
1.044500
1.058200
1.079950
1.094475
1.096750
1.098475
1.101250
1.111250
1.124475
1.129000
1.130700
1.167975
1.173225
1.177825
1.193500
1.230900
1.234600
1.254300
1.256875
1.257500
1.298175
1.320150
1.336100
1.435925
1.439550
1.470550
1.486275
1.490200
1.570800
1.604250
1.648300
1.650875
1.768300
1.797950
1.834975
1.869800
1.872900
1.962725
2.058375
2.073175
2.123700
2.142575
2.193025
2.306650
2.321050
2.337775
279
