0.002300
0.002825
0.004000
0.014675
0.016950
0.020650
0.023150
0.029425
0.037600
0.054425
0.059500
0.067100
0.071700
0.083150
0.089750
0.093325
0.098125
0.098425
0.101425
0.102225
0.113525
0.114175
0.115100
0.117550
0.119000
0.119075
0.119950
0.120300
0.125825
0.127425
0.128000
0.131525
0.134200
0.146350
0.147150
0.147600
0.149875
0.152700
0.154750
0.156750
0.160500
0.161325
0.165250
0.169900
0.170725
0.171075
0.183675
0.191425
0.195500
0.200525
0.208450
0.209150
0.216550
0.216625
0.217175
0.227925
0.228200
0.232325
0.243200
0.246025
0.251525
0.251775
0.253600
0.254225
0.254350
0.268300
0.271150
0.275275
0.281775
0.283950
0.284025
0.295325
0.304800
0.307125
0.315425
0.324025
0.324375
0.328300
0.330150
0.330350
0.339250
0.345875
0.349075
0.356325
0.359200
0.362625
0.363225
0.367700
0.367750
0.378725
0.382225
0.385825
0.387275
0.393150
0.394700
0.399625
0.401925
0.403200
0.413350
0.418575
0.422575
0.425475
0.429025
0.464100
0.468625
0.473300
0.476075
0.486175
0.487125
0.491525
0.492200
0.496800
0.506325
0.514750
0.516350
0.518425
0.523850
0.524800
0.524800
0.525175
0.529175
0.538925
0.540850
0.541650
0.547350
0.549975
0.550150
0.551475
0.552625
0.554075
0.562775
0.573975
0.575700
0.580525
0.584375
0.588350
0.589800
0.593850
0.593900
0.599575
0.608375
0.610775
0.613150
0.615500
0.631100
0.643525
0.646825
0.652550
0.657250
0.660450
0.667625
0.671225
0.676100
0.676825
0.679000
0.683250
0.686175
0.687525
0.688400
0.688650
0.690075
0.690225
0.694650
0.704875
0.707200
0.707700
0.716750
0.717100
0.719950
0.720000
0.724750
0.732550
0.735525
0.736600
0.741600
0.742475
0.744275
0.750500
0.753975
0.766000
0.770750
0.773900
0.774950
0.777850
0.779300
0.780700
0.781400
0.787500
0.791850
0.792225
0.794675
0.802200
0.808050
0.810550
0.819400
0.831775
0.847800
0.850425
0.854250
0.857350
0.859375
0.859675
0.863075
0.863150
0.869475
0.882500
0.887100
0.890775
0.918875
0.924450
0.930050
0.933625
0.937250
0.943025
0.955875
0.961050
0.984725
0.987725
1.001700
1.006975
1.011175
1.016450
1.017975
1.020200
1.066650
1.079025
1.087275
1.089650
1.092025
1.101500
1.121325
1.124150
1.128475
1.131575
1.141850
1.149300
1.152850
1.170075
1.194800
1.231100
1.261500
1.264200
1.266200
1.270100
1.295850
1.313375
1.328150
1.333100
1.441800
1.473875
1.493650
1.494050
1.495550
1.529775
1.533225
1.569300
1.579350
1.831100
1.924875
2.022375
2.112625
2.128550
2.131500
2.141875
2.142125
2.296875
266
