0.002150
0.007600
0.016000
0.020325
0.025450
0.034775
0.039275
0.039575
0.039700
0.040525
0.042250
0.051950
0.059675
0.066200
0.071375
0.080875
0.081325
0.094300
0.096475
0.096725
0.099125
0.107050
0.110850
0.111000
0.111550
0.117000
0.119250
0.121250
0.122525
0.123700
0.124775
0.131150
0.136800
0.140625
0.148350
0.157700
0.159600
0.165150
0.169125
0.174775
0.179325
0.180975
0.184925
0.186875
0.187250
0.188075
0.192725
0.193025
0.199750
0.199900
0.200175
0.201400
0.209325
0.211950
0.214275
0.221675
0.225725
0.226700
0.235575
0.245700
0.250800
0.251125
0.252725
0.253825
0.262425
0.262900
0.263000
0.266175
0.278250
0.280350
0.285075
0.288275
0.289925
0.291850
0.296100
0.304225
0.316525
0.322600
0.325625
0.330375
0.335525
0.343275
0.350300
0.350975
0.356600
0.372700
0.378400
0.381325
0.381875
0.384650
0.408400
0.408850
0.418050
0.423050
0.423975
0.427575
0.428950
0.437575
0.440225
0.445525
0.448125
0.451600
0.452725
0.462375
0.467675
0.473400
0.478450
0.484050
0.485125
0.493050
0.494550
0.501575
0.505200
0.507100
0.509925
0.520225
0.520650
0.533825
0.534450
0.543150
0.547800
0.548300
0.555600
0.557750
0.563975
0.570600
0.573650
0.576275
0.577075
0.580150
0.589475
0.592650
0.603175
0.608100
0.609950
0.616025
0.617275
0.619625
0.626150
0.630025
0.632125
0.635875
0.643250
0.651800
0.658725
0.659800
0.661350
0.664500
0.665450
0.670325
0.671650
0.675350
0.679825
0.684850
0.688850
0.696725
0.696975
0.698975
0.701925
0.703725
0.706900
0.713925
0.731425
0.746475
0.749550
0.757700
0.766500
0.771200
0.773075
0.776125
0.779250
0.779425
0.781700
0.781800
0.782750
0.786350
0.795350
0.799750
0.800550
0.804500
0.807075
0.811550
0.816450
0.819175
0.819250
0.819625
0.820025
0.826200
0.826450
0.835600
0.836625
0.845975
0.859325
0.862550
0.869700
0.874625
0.884275
0.892775
0.898950
0.903500
0.911900
0.914450
0.918575
0.919000
0.925900
0.930675
0.932675
0.933650
0.936075
0.938075
0.942900
0.979350
0.993500
0.996875
1.000325
1.009150
1.039525
1.048825
1.054000
1.058025
1.059350
1.076100
1.078700
1.091575
1.093425
1.094850
1.097775
1.099875
1.102675
1.111050
1.112650
1.115850
1.123000
1.185225
1.207500
1.221675
1.242575
1.258425
1.309400
1.313800
1.346950
1.364875
1.369125
1.404575
1.472350
1.483900
1.509275
1.593650
1.610750
1.661625
1.663625
1.777125
1.808025
1.874125
1.932950
1.984175
2.035925
2.146525
2.155200
2.303650
260
