0.000400
0.003550
0.011475
0.014575
0.015275
0.025300
0.027150
0.035375
0.036000
0.036625
0.037975
0.039825
0.046875
0.048750
0.052950
0.054250
0.067350
0.071750
0.077600
0.083725
0.084250
0.085325
0.092875
0.094900
0.098475
0.100025
0.102250
0.117475
0.120075
0.123525
0.125450
0.137775
0.150225
0.168650
0.169675
0.180425
0.193075
0.203175
0.203825
0.215100
0.215350
0.219325
0.223525
0.230200
0.231225
0.235100
0.236275
0.239550
0.239600
0.240725
0.247700
0.249300
0.250575
0.256700
0.261100
0.262350
0.262475
0.263550
0.274600
0.284875
0.289900
0.289925
0.301950
0.303525
0.327900
0.330100
0.332450
0.337725
0.338050
0.341175
0.345625
0.349625
0.350600
0.359000
0.367050
0.378450
0.379800
0.385725
0.399425
0.403775
0.406500
0.408400
0.422600
0.423575
0.433100
0.433800
0.434700
0.436800
0.444450
0.449275
0.449900
0.460250
0.463050
0.486125
0.511225
0.513575
0.522450
0.525200
0.528475
0.534975
0.534975
0.540075
0.542000
0.545925
0.556625
0.562025
0.564825
0.566850
0.574150
0.574625
0.577425
0.579975
0.582050
0.609150
0.613675
0.619225
0.619925
0.620225
0.626100
0.628000
0.633500
0.634600
0.635625
0.638900
0.640050
0.648075
0.649925
0.651325
0.653975
0.679175
0.679900
0.682625
0.691175
0.691875
0.712400
0.730500
0.734875
0.740075
0.744800
0.757100
0.757525
0.759625
0.767475
0.768100
0.776425
0.779700
0.787600
0.797475
0.809825
0.819925
0.830925
0.844550
0.845300
0.847275
0.848850
0.853925
0.854100
0.857050
0.866725
0.873600
0.874500
0.895300
0.905525
0.907775
0.907850
0.916125
0.916575
0.917375
0.920900
0.925025
0.925900
0.934800
0.944650
0.947500
0.952450
0.952500
0.954525
0.965400
0.972200
0.973675
0.976850
0.979525
0.986375
0.988650
0.990825
0.996500
0.999375
1.023750
1.024075
1.048675
1.053325
1.054800
1.058975
1.063625
1.071575
1.073100
1.089950
1.110825
1.112100
1.114475
1.122375
1.158850
1.160800
1.170900
1.183350
1.202225
1.239725
1.240525
1.245550
1.247375
1.253250
1.255950
1.258075
1.260475
1.316625
1.319375
1.325775
1.337800
1.423375
1.435100
1.441900
1.483575
1.539050
1.540225
1.542850
1.546525
1.555475
1.603900
1.607875
1.610475
1.622225
1.667675
1.801225
1.866925
1.869275
1.874575
2.069175
2.072025
2.100400
2.117325
2.119350
2.365275
2.371475
243
