0.019100
0.024600
0.026400
0.030250
0.034475
0.035825
0.045175
0.050100
0.053625
0.057625
0.059825
0.064075
0.068775
0.072300
0.073400
0.074600
0.075700
0.077275
0.080650
0.090900
0.095775
0.100925
0.105500
0.105525
0.109825
0.110375
0.115175
0.121075
0.123100
0.124775
0.125700
0.137450
0.140025
0.143450
0.145575
0.147550
0.156500
0.156775
0.161650
0.162925
0.172100
0.173500
0.180500
0.183625
0.187425
0.195450
0.195575
0.201750
0.202475
0.202850
0.204825
0.215675
0.224550
0.227750
0.230950
0.231775
0.244400
0.247350
0.250300
0.258175
0.260625
0.262150
0.262200
0.268250
0.273325
0.275450
0.277375
0.286600
0.286700
0.287575
0.291575
0.299225
0.302325
0.316425
0.317350
0.318850
0.320225
0.324175
0.341000
0.343050
0.343300
0.347325
0.349650
0.360725
0.364475
0.364825
0.368425
0.373250
0.383800
0.391375
0.392650
0.396925
0.398825
0.399725
0.400325
0.421600
0.429150
0.440050
0.444025
0.444800
0.447575
0.468200
0.471825
0.474700
0.477200
0.479275
0.479400
0.482925
0.489250
0.493975
0.495550
0.509475
0.510050
0.512000
0.514000
0.519775
0.526225
0.531300
0.532250
0.539525
0.540350
0.550175
0.551275
0.566725
0.580675
0.587675
0.588500
0.591525
0.605525
0.610525
0.614625
0.617650
0.621200
0.622925
0.630775
0.637500
0.638275
0.638650
0.641875
0.648725
0.649175
0.658075
0.660575
0.661575
0.662600
0.664625
0.664850
0.667400
0.668150
0.670400
0.673375
0.682400
0.683825
0.685425
0.687025
0.687250
0.689175
0.690875
0.692725
0.700450
0.726550
0.730100
0.732900
0.738675
0.748450
0.750925
0.763625
0.774700
0.782825
0.789950
0.796575
0.799600
0.801775
0.802850
0.807950
0.809100
0.815150
0.817700
0.820950
0.821825
0.831375
0.832750
0.837875
0.838150
0.839825
0.843875
0.845600
0.850775
0.852675
0.855950
0.858400
0.859350
0.862375
0.874625
0.885550
0.888250
0.892825
0.893300
0.900200
0.917575
0.920575
0.927250
0.932925
0.951000
0.970300
0.975425
0.993650
1.004500
1.005225
1.017450
1.034600
1.039225
1.046575
1.047650
1.055250
1.058500
1.062025
1.095500
1.102625
1.107425
1.139250
1.178025
1.180050
1.180925
1.202800
1.220725
1.247675
1.283375
1.322025
1.324550
1.327700
1.341825
1.362725
1.369625
1.370400
1.395625
1.418675
1.435850
1.450725
1.534225
1.553275
1.562475
1.567425
1.601850
1.633575
1.640200
1.655750
1.657350
1.671350
1.852275
1.990675
2.103725
2.180925
253
