0.003700
0.005100
0.011700
0.019250
0.020775
0.021775
0.023200
0.025025
0.031350
0.036950
0.038050
0.049925
0.053975
0.056550
0.064825
0.071375
0.077850
0.078775
0.080825
0.084900
0.091500
0.094575
0.095100
0.099325
0.099625
0.106400
0.106925
0.108975
0.109650
0.114500
0.116600
0.116800
0.117175
0.128275
0.129725
0.131250
0.133475
0.137025
0.137775
0.148525
0.157050
0.160025
0.160275
0.170225
0.170675
0.172725
0.174925
0.181725
0.182950
0.183800
0.187450
0.190075
0.191075
0.192450
0.196725
0.199050
0.207050
0.216900
0.223525
0.230125
0.230325
0.240750
0.250150
0.251650
0.254250
0.257050
0.261450
0.264250
0.271175
0.275725
0.282550
0.288500
0.297800
0.299725
0.301500
0.301925
0.306725
0.310775
0.318275
0.323750
0.324150
0.332000
0.333650
0.335850
0.337325
0.346875
0.347500
0.347950
0.348300
0.353025
0.353550
0.356125
0.358350
0.370975
0.370975
0.375575
0.376525
0.379325
0.379325
0.381525
0.382225
0.384875
0.385450
0.386975
0.394825
0.396900
0.397725
0.397800
0.397875
0.400100
0.400775
0.402475
0.404500
0.409425
0.414300
0.415450
0.422175
0.423675
0.423875
0.429075
0.437650
0.442075
0.446125
0.446550
0.448775
0.451075
0.454100
0.472350
0.476600
0.477475
0.478650
0.479350
0.479350
0.492025
0.493600
0.494575
0.496000
0.498750
0.504250
0.504875
0.508100
0.508775
0.514475
0.517750
0.520350
0.521025
0.523050
0.525600
0.532825
0.533025
0.538950
0.539575
0.541675
0.561675
0.581650
0.582475
0.592200
0.592750
0.596025
0.601375
0.614550
0.622900
0.631525
0.637475
0.654925
0.660950
0.675075
0.677825
0.678675
0.684700
0.686825
0.688775
0.692325
0.693075
0.702175
0.718800
0.723800
0.727050
0.728475
0.730925
0.736350
0.736675
0.738350
0.748050
0.750475
0.752700
0.755300
0.755600
0.756275
0.756425
0.764800
0.766300
0.766600
0.768000
0.770075
0.776650
0.785900
0.786300
0.787325
0.787650
0.804700
0.808550
0.824300
0.825250
0.829375
0.830275
0.830575
0.843425
0.853575
0.859150
0.871900
0.873225
0.883750
0.891200
0.896300
0.898150
0.902500
0.904700
0.912875
0.919425
0.926125
0.934500
0.948350
0.964675
0.965075
0.983125
0.987050
0.987825
0.994175
0.996825
1.001350
1.011275
1.014425
1.021125
1.032250
1.051500
1.077600
1.081825
1.086200
1.086275
1.098125
1.099400
1.104050
1.113925
1.126900
1.128875
1.142900
1.146675
1.164925
1.179100
1.187150
1.187775
1.216950
1.220900
1.254825
1.259250
1.264525
1.342150
1.343650
1.376250
1.452275
1.485250
1.508400
1.591025
1.600025
1.600875
1.647200
1.657225
1.710175
1.760375
1.761775
1.803050
1.845725
1.854975
1.866800
1.943775
1.996775
2.412575
2.443050
279
