0.000675
0.003850
0.008475
0.010025
0.016825
0.016925
0.019325
0.024125
0.026050
0.029325
0.030250
0.033625
0.037800
0.047025
0.048700
0.061875
0.070325
0.071400
0.082550
0.087275
0.091525
0.111000
0.114125
0.121850
0.122850
0.135850
0.143500
0.145075
0.146275
0.149725
0.153425
0.154275
0.156925
0.160200
0.161850
0.168075
0.175550
0.183775
0.189700
0.191800
0.193350
0.194550
0.198000
0.207100
0.214750
0.216725
0.217075
0.218600
0.218925
0.219200
0.231725
0.240575
0.242200
0.244875
0.256650
0.267225
0.273100
0.274275
0.275800
0.283700
0.291000
0.292300
0.309225
0.310100
0.313025
0.328650
0.329325
0.331950
0.333000
0.335550
0.339400
0.351675
0.354100
0.357625
0.368825
0.374325
0.378950
0.382300
0.407350
0.411200
0.412850
0.414650
0.416900
0.418625
0.426000
0.429825
0.430650
0.437025
0.440075
0.445500
0.450125
0.476550
0.476950
0.483100
0.487875
0.489850
0.492875
0.501700
0.503800
0.514350
0.523450
0.537100
0.541000
0.559525
0.561575
0.562275
0.563250
0.563500
0.566850
0.567175
0.587800
0.590525
0.594325
0.606600
0.606700
0.610625
0.611575
0.613275
0.613600
0.615175
0.619700
0.628025
0.630375
0.631825
0.636150
0.641025
0.641925
0.647300
0.649525
0.655225
0.658175
0.658575
0.659500
0.665100
0.666150
0.669275
0.671600
0.673675
0.674250
0.679475
0.683100
0.683925
0.690650
0.696675
0.702975
0.705150
0.713725
0.720700
0.726350
0.726675
0.727800
0.730525
0.733000
0.735650
0.761150
0.761925
0.767575
0.775175
0.779825
0.782575
0.782700
0.783075
0.789925
0.790125
0.796050
0.800175
0.805225
0.809075
0.812275
0.814900
0.825925
0.830225
0.833475
0.845600
0.850150
0.860000
0.864325
0.879525
0.892375
0.925575
0.934825
0.938650
0.955625
0.957475
0.961750
0.963925
0.969225
0.972100
0.973100
0.986700
1.004225
1.007025
1.008475
1.029175
1.040000
1.058500
1.062375
1.080750
1.090275
1.100700
1.116700
1.132875
1.135175
1.137825
1.146250
1.156625
1.169800
1.213225
1.221825
1.223775
1.244250
1.285200
1.299500
1.320550
1.354750
1.359575
1.362850
1.371125
1.396500
1.411425
1.424250
1.425475
1.428950
1.442750
1.446775
1.492650
1.502175
1.567850
1.604425
1.624775
1.639325
1.685100
1.793050
1.899050
1.899525
1.917375
236
