0.003250
0.005325
0.007700
0.008050
0.021075
0.024725
0.026550
0.028625
0.032200
0.033375
0.039675
0.043275
0.045050
0.045100
0.045825
0.046125
0.046525
0.049325
0.052150
0.054900
0.056275
0.056600
0.057250
0.057600
0.066225
0.076150
0.076325
0.087025
0.093900
0.105925
0.105975
0.110325
0.112325
0.116475
0.123750
0.125775
0.127850
0.136225
0.142075
0.145575
0.147750
0.149375
0.157175
0.167175
0.169025
0.170175
0.170850
0.187575
0.195150
0.206300
0.213175
0.215450
0.222125
0.223075
0.230725
0.234350
0.239550
0.249225
0.249900
0.259850
0.274950
0.275475
0.282850
0.284825
0.287425
0.288275
0.291100
0.295125
0.297650
0.299250
0.302475
0.306175
0.333100
0.340750
0.350025
0.351450
0.354375
0.358675
0.369175
0.373725
0.376525
0.377275
0.378000
0.382975
0.384250
0.387725
0.392350
0.392475
0.392900
0.398400
0.400600
0.402150
0.403850
0.412425
0.417775
0.419200
0.427950
0.429050
0.433900
0.434800
0.439250
0.451700
0.454125
0.463900
0.468175
0.487750
0.498050
0.498550
0.503075
0.504725
0.504850
0.505900
0.507100
0.514700
0.515250
0.515750
0.516675
0.516700
0.521575
0.525200
0.535050
0.536375
0.538225
0.541700
0.542350
0.545500
0.552275
0.570275
0.571825
0.574925
0.580450
0.583450
0.591350
0.591550
0.597250
0.600925
0.602925
0.604675
0.606500
0.627250
0.627375
0.629375
0.630725
0.637900
0.642200
0.643950
0.656450
0.658775
0.685775
0.688525
0.689675
0.692600
0.697500
0.699175
0.699400
0.701950
0.709300
0.712550
0.718350
0.721350
0.723325
0.728900
0.731550
0.734750
0.742475
0.753475
0.758575
0.759000
0.759350
0.761875
0.763800
0.766875
0.774725
0.778100
0.779400
0.785900
0.787025
0.794550
0.796275
0.797025
0.797600
0.804500
0.813675
0.814400
0.827700
0.829275
0.831225
0.833650
0.846850
0.846850
0.852575
0.863300
0.886650
0.892725
0.898425
0.901650
0.902625
0.905450
0.907600
0.910525
0.913600
0.917925
0.923850
0.933325
0.940500
0.947875
0.955325
0.958325
0.958925
0.961200
0.963650
0.968625
0.977075
0.983875
0.992375
0.995100
1.008250
1.021750
1.032425
1.039125
1.047550
1.050050
1.060100
1.071975
1.079050
1.080100
1.094725
1.095150
1.100075
1.127800
1.132450
1.155300
1.157275
1.157600
1.172750
1.180825
1.187625
1.190575
1.210500
1.242500
1.259750
1.270825
1.279275
1.294875
1.306175
1.312600
1.346400
1.355500
1.374400
1.391600
1.411875
1.420375
1.441375
1.463100
1.508175
1.570925
1.602000
1.635450
1.654250
1.661675
1.713625
1.752000
1.816050
1.950225
2.011375
2.374675
266
