0.003175
0.004325
0.007500
0.010950
0.015125
0.026975
0.036675
0.037275
0.043550
0.055125
0.055825
0.059625
0.065275
0.067375
0.075725
0.090475
0.108525
0.113825
0.120225
0.124400
0.125700
0.128000
0.129300
0.130375
0.144100
0.153250
0.159100
0.162225
0.163050
0.165900
0.188200
0.190650
0.192425
0.194000
0.201150
0.204950
0.214975
0.215950
0.221925
0.223700
0.224175
0.230825
0.246475
0.247100
0.268500
0.270025
0.270950
0.277025
0.285500
0.289300
0.291050
0.315975
0.316350
0.322300
0.337150
0.343700
0.353375
0.356825
0.357800
0.357850
0.360025
0.366200
0.381075
0.382425
0.396425
0.398025
0.399750
0.400175
0.408200
0.413800
0.414500
0.415475
0.423925
0.426125
0.432250
0.433850
0.436850
0.437775
0.439050
0.440375
0.452900
0.453275
0.455250
0.457900
0.466925
0.467075
0.471825
0.474375
0.475850
0.484475
0.484800
0.488525
0.494775
0.496925
0.499050
0.500500
0.505000
0.509075
0.516200
0.517425
0.518350
0.519875
0.528475
0.545450
0.546050
0.546425
0.546725
0.547450
0.549325
0.553475
0.555025
0.560925
0.567450
0.571200
0.573600
0.573800
0.586300
0.606025
0.611125
0.612250
0.618175
0.627450
0.630475
0.632700
0.634350
0.636525
0.637300
0.637325
0.646725
0.646725
0.650325
0.650700
0.657550
0.663575
0.665625
0.667600
0.679575
0.683550
0.684000
0.684475
0.690825
0.692125
0.697925
0.706375
0.708975
0.709875
0.717600
0.719475
0.722175
0.722800
0.723725
0.724650
0.726875
0.727600
0.736800
0.737700
0.741175
0.742175
0.752850
0.757550
0.758375
0.768650
0.769650
0.784850
0.785875
0.788550
0.793625
0.803100
0.805400
0.816975
0.831225
0.845650
0.847950
0.853200
0.860350
0.862800
0.862850
0.865525
0.868725
0.876175
0.883825
0.887350
0.890775
0.891125
0.912025
0.914775
0.932375
0.940000
0.955925
0.957725
0.963075
0.981725
0.999175
1.002200
1.002300
1.004300
1.009300
1.034800
1.039500
1.041825
1.042250
1.047300
1.104450
1.109650
1.117250
1.125225
1.136750
1.149100
1.149350
1.152950
1.158775
1.163050
1.199450
1.204650
1.212125
1.218025
1.227200
1.233750
1.241725
1.243525
1.258425
1.391600
1.404150
1.418500
1.438800
1.447775
1.510100
1.548425
1.704150
1.731150
1.838575
1.841625
1.843175
1.876900
1.943275
1.980375
2.103350
2.109450
2.138625
2.419900
240
