0.004300
0.005575
0.013900
0.017000
0.017750
0.027825
0.029750
0.029950
0.030025
0.032175
0.039975
0.047325
0.055725
0.056750
0.057075
0.059725
0.073575
0.074925
0.076250
0.077975
0.078600
0.079200
0.082225
0.098700
0.100875
0.103350
0.105025
0.117100
0.125025
0.132550
0.134425
0.136075
0.146050
0.148600
0.149900
0.151125
0.155550
0.159300
0.162075
0.163350
0.174675
0.177375
0.186350
0.188625
0.189150
0.190525
0.191800
0.191875
0.192450
0.193725
0.197325
0.202450
0.204675
0.207800
0.214350
0.230050
0.231225
0.237700
0.247375
0.247975
0.254225
0.264400
0.265525
0.270575
0.275950
0.284400
0.286125
0.288675
0.288850
0.289625
0.296625
0.304000
0.310100
0.316625
0.324025
0.332775
0.333150
0.337625
0.341825
0.345325
0.349725
0.354000
0.359275
0.363125
0.366125
0.372575
0.374600
0.383975
0.385125
0.387625
0.389975
0.408900
0.411175
0.411825
0.412875
0.420950
0.424775
0.425475
0.428750
0.432100
0.435875
0.441125
0.442525
0.446050
0.448475
0.448550
0.453150
0.457000
0.457675
0.470600
0.481400
0.485425
0.485750
0.488950
0.503700
0.504100
0.504125
0.505550
0.508375
0.511175
0.519500
0.522625
0.524550
0.527675
0.527800
0.528725
0.544300
0.547350
0.549125
0.551100
0.551650
0.557275
0.571150
0.573875
0.579825
0.582425
0.584775
0.585625
0.585700
0.589300
0.592500
0.602250
0.602600
0.603425
0.606100
0.610450
0.614225
0.614250
0.614300
0.627450
0.631450
0.632875
0.637925
0.642575
0.653925
0.659425
0.663100
0.668300
0.669075
0.669875
0.671775
0.677475
0.692225
0.693925
0.694350
0.697725
0.699950
0.706475
0.706625
0.708650
0.712050
0.717050
0.726500
0.733400
0.734775
0.740925
0.741950
0.756475
0.757750
0.762225
0.762225
0.777100
0.785775
0.792950
0.797800
0.802400
0.814350
0.820525
0.823975
0.826800
0.835550
0.837975
0.843225
0.846050
0.846650
0.850750
0.851825
0.852700
0.857475
0.857975
0.863175
0.866725
0.866975
0.885375
0.885425
0.886475
0.890300
0.901250
0.921325
0.934825
0.936350
0.941375
0.951125
0.964125
0.966175
0.966550
0.974100
0.975525
0.992175
0.993200
1.012550
1.047800
1.049500
1.059475
1.080675
1.083050
1.093175
1.130750
1.145825
1.151000
1.156450
1.161050
1.176675
1.181075
1.184450
1.191000
1.192200
1.203775
1.223900
1.231725
1.243925
1.251325
1.252675
1.254275
1.272500
1.290125
1.303850
1.324975
1.334975
1.339275
1.372475
1.400100
1.410100
1.431725
1.457200
1.464050
1.506800
1.539150
1.696775
1.735825
1.829700
2.024725
2.078625
2.295925
2.430275
265
