0.000650
0.011625
0.015925
0.017800
0.024900
0.030200
0.036600
0.043225
0.046775
0.055075
0.057725
0.064950
0.074200
0.081600
0.084775
0.084975
0.089050
0.092375
0.093525
0.099975
0.105900
0.106550
0.112625
0.119275
0.123175
0.125525
0.130750
0.135525
0.139225
0.143375
0.144050
0.145075
0.149675
0.156775
0.156900
0.157725
0.178025
0.184650
0.186550
0.201175
0.202625
0.204150
0.205725
0.210125
0.224925
0.225300
0.239200
0.239975
0.240300
0.242125
0.258425
0.260875
0.263300
0.268575
0.269150
0.269650
0.273950
0.280200
0.283350
0.287075
0.288175
0.292800
0.301875
0.302775
0.319225
0.330775
0.342625
0.346900
0.350250
0.371925
0.373150
0.378050
0.384075
0.385500
0.386675
0.389475
0.397900
0.399900
0.431850
0.432125
0.434450
0.434500
0.437800
0.441450
0.443350
0.453475
0.454675
0.455775
0.456375
0.469250
0.470575
0.472850
0.474000
0.477950
0.482250
0.487650
0.488850
0.490625
0.490875
0.504075
0.512300
0.513850
0.518300
0.521900
0.523000
0.526050
0.531975
0.541800
0.545150
0.548500
0.557600
0.562775
0.569925
0.570525
0.583475
0.583825
0.596275
0.596775
0.602850
0.603050
0.603550
0.610700
0.612075
0.613625
0.618225
0.619200
0.635500
0.645450
0.646900
0.647875
0.649575
0.658125
0.659850
0.661775
0.676525
0.681875
0.685375
0.685700
0.690550
0.697900
0.698925
0.700025
0.703875
0.714850
0.719125
0.723650
0.724875
0.728200
0.731425
0.733625
0.745975
0.747250
0.757450
0.759950
0.769500
0.773025
0.777875
0.785600
0.787675
0.788650
0.797375
0.799175
0.807100
0.815225
0.823750
0.823775
0.824425
0.833900
0.835000
0.848925
0.849900
0.861675
0.869900
0.878750
0.879125
0.887375
0.890350
0.894175
0.903425
0.908400
0.920975
0.940450
0.944200
0.954850
0.967000
0.967875
0.977250
0.987625
0.990275
0.994900
1.004475
1.011825
1.030500
1.033775
1.058975
1.085800
1.092575
1.095850
1.116175
1.126200
1.137300
1.200475
1.253950
1.262775
1.263700
1.265500
1.280550
1.293375
1.318700
1.320450
1.323975
1.336250
1.384975
1.448450
1.482900
1.507175
1.550575
1.569500
1.572775
1.576850
1.577000
1.604425
1.710450
1.715900
1.759050
1.798300
1.835625
1.862800
1.891100
1.986575
2.019300
2.063375
2.204800
2.250100
234
