0.000525
0.002875
0.005425
0.006125
0.009950
0.020825
0.035100
0.036425
0.040775
0.042325
0.052000
0.057250
0.061225
0.064150
0.071850
0.083375
0.091225
0.096450
0.108025
0.113625
0.114425
0.115325
0.116100
0.121325
0.123325
0.128350
0.130800
0.130875
0.145525
0.149625
0.152325
0.160925
0.163075
0.165575
0.171525
0.173875
0.182200
0.183825
0.188825
0.193700
0.196825
0.197375
0.199150
0.204050
0.205250
0.209000
0.210100
0.216725
0.228800
0.228925
0.231075
0.234475
0.237425
0.237500
0.239550
0.243350
0.243550
0.244075
0.254575
0.263550
0.264825
0.264850
0.273000
0.274450
0.277500
0.279675
0.286350
0.293675
0.302350
0.321150
0.324300
0.335950
0.342900
0.343100
0.346850
0.349500
0.363250
0.365300
0.373775
0.377500
0.380700
0.383375
0.389825
0.390550
0.391050
0.391775
0.392975
0.398525
0.405375
0.405400
0.406875
0.407775
0.408175
0.408950
0.415700
0.417775
0.425375
0.425500
0.427425
0.427775
0.428075
0.430050
0.442400
0.444425
0.445475
0.458600
0.464100
0.480000
0.484300
0.508525
0.513325
0.513575
0.519475
0.524050
0.529350
0.530175
0.535400
0.547650
0.555400
0.557700
0.561700
0.567825
0.569600
0.570525
0.576750
0.580550
0.580625
0.593625
0.598625
0.600650
0.601300
0.603425
0.604950
0.629300
0.630875
0.642075
0.643450
0.644500
0.647150
0.649700
0.654575
0.655400
0.657400
0.665525
0.676550
0.677975
0.679950
0.688475
0.699700
0.706275
0.708300
0.708400
0.719250
0.728125
0.729525
0.735400
0.737300
0.756300
0.762825
0.763550
0.764225
0.770875
0.779500
0.782200
0.785975
0.788625
0.792175
0.807875
0.812700
0.816200
0.835125
0.854700
0.857950
0.861125
0.864225
0.876200
0.885725
0.888425
0.892800
0.894900
0.901775
0.903675
0.905750
0.911200
0.924300
0.930525
0.943750
0.952425
0.955075
0.955875
0.956500
0.957400
0.971975
0.974600
0.978325
0.985900
0.986200
0.992300
0.993600
0.995025
0.999000
1.005950
1.011725
1.014275
1.019225
1.043925
1.044550
1.045275
1.047675
1.067050
1.073950
1.077800
1.081075
1.087525
1.091375
1.145650
1.163225
1.163275
1.166775
1.167150
1.216200
1.259250
1.265125
1.270500
1.287775
1.291550
1.294675
1.301050
1.317300
1.353200
1.378325
1.399825
1.453800
1.470100
1.521600
1.546600
1.570775
1.574250
1.590075
1.638825
1.684950
1.844000
2.043825
2.071275
2.087125
2.225075
2.451700
247
