0.000500
0.009400
0.010525
0.014725
0.016050
0.019250
0.021150
0.023875
0.038525
0.043650
0.049075
0.053850
0.060250
0.060500
0.062425
0.065900
0.074650
0.075225
0.077900
0.092375
0.101625
0.105600
0.114800
0.116800
0.137050
0.137500
0.137650
0.145025
0.151125
0.154975
0.159150
0.159800
0.160525
0.162775
0.167675
0.177675
0.180225
0.184575
0.187775
0.189850
0.203050
0.211800
0.218575
0.222175
0.222200
0.229050
0.231800
0.233200
0.237575
0.238600
0.241050
0.242100
0.246000
0.251600
0.256550
0.256825
0.257025
0.258625
0.259900
0.263675
0.265200
0.265850
0.269850
0.272975
0.275725
0.283025
0.284175
0.291000
0.291225
0.294650
0.296750
0.300375
0.308550
0.313250
0.314475
0.318200
0.319775
0.326450
0.326500
0.330875
0.346150
0.346775
0.352500
0.352925
0.354450
0.365425
0.365475
0.370275
0.377225
0.378150
0.380225
0.383225
0.386150
0.389025
0.389800
0.391975
0.397775
0.399050
0.402275
0.403325
0.404225
0.408025
0.408625
0.417100
0.421050
0.430825
0.430975
0.434275
0.436700
0.443225
0.446275
0.446875
0.449200
0.467100
0.470775
0.471425
0.479550
0.483425
0.488400
0.490700
0.498825
0.501175
0.504325
0.509625
0.526150
0.533850
0.533925
0.534350
0.548275
0.551575
0.552200
0.564675
0.567375
0.569500
0.571050
0.579875
0.580200
0.588475
0.593600
0.599975
0.611350
0.614925
0.618450
0.639575
0.646925
0.648175
0.651825
0.655225
0.660625
0.667475
0.683050
0.683100
0.687925
0.689725
0.690600
0.691500
0.693125
0.693150
0.699625
0.700500
0.705700
0.708400
0.712775
0.733175
0.733900
0.736825
0.744750
0.744775
0.750975
0.766050
0.767100
0.769700
0.775750
0.792000
0.792900
0.797475
0.798275
0.804725
0.804850
0.807725
0.808900
0.813775
0.817225
0.828150
0.830150
0.834025
0.844325
0.852175
0.860775
0.861775
0.862025
0.870000
0.872275
0.888775
0.891525
0.898625
0.934250
0.939025
0.948850
0.953825
0.964875
0.965875
0.967650
0.968775
0.972825
0.973275
0.987425
0.995825
1.002425
1.014175
1.026350
1.038275
1.040775
1.045625
1.047225
1.055275
1.073825
1.080525
1.089925
1.093450
1.118650
1.125825
1.151200
1.178550
1.196500
1.206725
1.240825
1.250100
1.269525
1.274350
1.276450
1.295150
1.308150
1.335725
1.336000
1.343500
1.356425
1.384825
1.398450
1.430800
1.437600
1.470075
1.522725
1.540375
1.612800
1.639125
1.721000
1.793525
1.880825
1.936225
1.967950
2.191925
2.325975
253
