0.002975
0.004575
0.005125
0.008175
0.008825
0.009525
0.011825
0.012950
0.016525
0.019875
0.023675
0.025675
0.026150
0.027550
0.036425
0.037350
0.042300
0.042575
0.044125
0.044925
0.051400
0.056675
0.058850
0.059225
0.062350
0.066000
0.075175
0.080825
0.091000
0.095050
0.098075
0.100725
0.102375
0.102525
0.107650
0.108700
0.121575
0.122375
0.124300
0.125100
0.128900
0.129150
0.138300
0.146750
0.157700
0.158200
0.171625
0.173175
0.174325
0.174550
0.180825
0.194950
0.196100
0.205775
0.215600
0.218500
0.226025
0.228650
0.235425
0.235775
0.238375
0.244300
0.247575
0.252975
0.281775
0.292600
0.294350
0.294375
0.303550
0.304000
0.309525
0.313325
0.325050
0.329750
0.350050
0.359150
0.372500
0.382550
0.396400
0.398875
0.405025
0.406950
0.410875
0.412525
0.413500
0.420600
0.422425
0.424125
0.428300
0.447400
0.457375
0.468975
0.472800
0.487000
0.488600
0.495300
0.495900
0.507550
0.510500
0.516175
0.525800
0.528200
0.530275
0.532600
0.535125
0.535650
0.550775
0.552275
0.553900
0.554875
0.559275
0.562200
0.563525
0.571400
0.572925
0.578100
0.579175
0.580325
0.584250
0.591625
0.595075
0.607425
0.626800
0.631475
0.636200
0.636275
0.639575
0.655125
0.657900
0.658250
0.660925
0.664975
0.666975
0.667425
0.673250
0.687825
0.695900
0.721000
0.732600
0.732850
0.735750
0.740025
0.743325
0.746325
0.752175
0.755200
0.759600
0.760075
0.762450
0.769250
0.776100
0.781625
0.782900
0.790275
0.801325
0.808400
0.810950
0.814775
0.821525
0.833475
0.853175
0.854775
0.862575
0.872550
0.873325
0.874675
0.876000
0.879500
0.879875
0.883775
0.890325
0.905000
0.909525
0.910625
0.916900
0.927575
0.952550
0.953975
0.955500
0.956900
0.965550
0.977350
0.980575
1.009400
1.020775
1.050050
1.050225
1.050600
1.051900
1.053375
1.057000
1.058375
1.129950
1.138850
1.149575
1.157025
1.176150
1.188350
1.199200
1.215825
1.270950
1.312975
1.324575
1.338225
1.411275
1.437400
1.459250
1.498975
1.517900
1.544625
1.546450
1.551325
1.633275
1.676925
1.688700
1.738475
1.770975
1.826250
1.915750
1.970350
220
