0.015250
0.026475
0.034500
0.048625
0.057900
0.058200
0.059875
0.063625
0.064125
0.067800
0.069075
0.070600
0.071250
0.073525
0.076150
0.078075
0.082750
0.083750
0.083975
0.085275
0.089175
0.094200
0.094900
0.096400
0.106550
0.108175
0.109050
0.109500
0.115325
0.126875
0.132525
0.135425
0.146450
0.146675
0.167950
0.174900
0.175050
0.180050
0.194375
0.199100
0.205000
0.213950
0.214450
0.217900
0.220475
0.228000
0.236975
0.238325
0.238475
0.245050
0.255175
0.263525
0.264600
0.270900
0.276725
0.291125
0.291450
0.303400
0.312100
0.315425
0.330675
0.343650
0.346900
0.354875
0.358275
0.358850
0.362225
0.368475
0.373100
0.375100
0.381050
0.396950
0.399950
0.411500
0.412475
0.417225
0.426600
0.428700
0.430000
0.430400
0.437950
0.440575
0.455775
0.460225
0.464075
0.465700
0.466675
0.467350
0.473150
0.474500
0.480375
0.483025
0.483575
0.487850
0.488300
0.491650
0.492225
0.493650
0.497825
0.499475
0.523600
0.531075
0.531475
0.538850
0.543325
0.548850
0.551950
0.554100
0.555000
0.557400
0.559700
0.560400
0.561425
0.570450
0.570600
0.571925
0.573300
0.579150
0.581075
0.588325
0.596700
0.601725
0.603700
0.603750
0.608900
0.615175
0.617625
0.622875
0.625150
0.627450
0.636225
0.642350
0.644700
0.644850
0.647050
0.648850
0.651050
0.652225
0.653350
0.655950
0.656275
0.657525
0.666475
0.667200
0.670075
0.670950
0.673700
0.686225
0.686575
0.688875
0.693250
0.699000
0.699650
0.701200
0.701750
0.705625
0.707825
0.710725
0.712900
0.713125
0.714675
0.714925
0.721725
0.731050
0.733325
0.733500
0.739225
0.746300
0.749125
0.752450
0.757700
0.757775
0.759425
0.759925
0.761625
0.764300
0.765075
0.765725
0.766075
0.780100
0.793550
0.799800
0.806100
0.816600
0.821850
0.842825
0.843600
0.846150
0.848675
0.851800
0.857250
0.858725
0.861150
0.867100
0.869800
0.876700
0.879825
0.883725
0.885325
0.885675
0.886800
0.887550
0.887650
0.898300
0.898525
0.903725
0.908000
0.912725
0.917375
0.918775
0.927400
0.928675
0.950150
0.963200
0.985875
0.991100
1.002425
1.008100
1.013550
1.030900
1.030925
1.043725
1.047725
1.050375
1.056125
1.059850
1.067250
1.091125
1.101050
1.110425
1.111925
1.164325
1.166100
1.181525
1.190775
1.223350
1.231600
1.232575
1.237850
1.251975
1.302125
1.318950
1.341775
1.347125
1.355700
1.366000
1.407175
1.412675
1.452425
1.473700
1.485275
1.518700
1.565100
1.573975
1.596275
1.596850
1.638125
1.764475
1.844550
2.218175
2.374625
2.411475
262
