0.009925
0.010675
0.012325
0.024050
0.024975
0.030775
0.032250
0.037175
0.048975
0.049025
0.054125
0.057675
0.062225
0.072350
0.081375
0.086500
0.089800
0.092325
0.096975
0.105025
0.113050
0.114550
0.127800
0.151400
0.167825
0.171375
0.177775
0.194850
0.197050
0.206150
0.209025
0.212200
0.213525
0.217175
0.219250
0.226800
0.226825
0.228425
0.232950
0.239925
0.253700
0.254775
0.255450
0.255925
0.261600
0.272950
0.281850
0.282550
0.296400
0.303950
0.312125
0.314100
0.314250
0.314425
0.316200
0.321150
0.324350
0.324650
0.325300
0.336150
0.343500
0.348800
0.354150
0.355600
0.355900
0.360725
0.366250
0.369425
0.374100
0.378675
0.379475
0.379550
0.380625
0.389425
0.391125
0.391400
0.397800
0.402450
0.407875
0.417725
0.436075
0.438450
0.445000
0.446025
0.453550
0.453750
0.457100
0.463925
0.464700
0.465900
0.472100
0.473825
0.483650
0.484350
0.487700
0.488775
0.490300
0.496200
0.506950
0.509025
0.513150
0.513550
0.517825
0.518225
0.522600
0.522625
0.525875
0.527475
0.536400
0.537600
0.555850
0.557050
0.557475
0.560450
0.561050
0.573550
0.574500
0.580650
0.585725
0.588550
0.599775
0.602200
0.606600
0.611150
0.619625
0.623600
0.623625
0.624925
0.626000
0.627625
0.632525
0.635000
0.641475
0.644300
0.646000
0.647025
0.651675
0.655700
0.658350
0.658900
0.662175
0.670450
0.676300
0.677175
0.691000
0.692800
0.695500
0.695575
0.700975
0.707100
0.709475
0.714125
0.716675
0.718100
0.722100
0.722700
0.728600
0.732200
0.732600
0.737575
0.761175
0.763175
0.767325
0.771725
0.772675
0.773150
0.783275
0.785150
0.786400
0.787875
0.790575
0.792675
0.795775
0.797750
0.808025
0.815725
0.817425
0.821025
0.821200
0.832675
0.833075
0.837850
0.843475
0.846150
0.856950
0.860325
0.867375
0.868400
0.881575
0.883300
0.885700
0.886275
0.915525
0.932150
0.937825
0.941750
0.949550
0.955550
0.957575
0.993275
0.999200
1.007675
1.009275
1.009875
1.016100
1.017575
1.029975
1.033850
1.043650
1.056975
1.069500
1.072725
1.073300
1.076125
1.078750
1.079325
1.091675
1.092025
1.108475
1.130025
1.136375
1.141475
1.145950
1.182925
1.192550
1.200200
1.204550
1.216550
1.255400
1.259300
1.271325
1.272225
1.276100
1.284300
1.286200
1.286250
1.309050
1.323725
1.341075
1.442750
1.467350
1.467475
1.471475
1.480700
1.545300
1.572000
1.574425
1.582800
1.607400
1.631850
1.636225
1.641275
1.682350
1.740375
1.826375
1.935100
2.422525
257
