0.008475
0.014175
0.015325
0.020550
0.027675
0.031300
0.037050
0.039625
0.054700
0.061975
0.065075
0.067625
0.070125
0.073450
0.083125
0.087125
0.091450
0.111125
0.116175
0.121850
0.133500
0.137325
0.140050
0.144175
0.145250
0.145450
0.145450
0.147225
0.150375
0.157525
0.167275
0.168325
0.168625
0.170475
0.171550
0.182550
0.188550
0.207375
0.208575
0.210000
0.211325
0.216425
0.220075
0.220650
0.229375
0.229875
0.231025
0.232225
0.233575
0.234750
0.241225
0.242675
0.246125
0.247250
0.252125
0.254125
0.256225
0.263850
0.271250
0.272225
0.283150
0.283375
0.284275
0.293275
0.297225
0.297250
0.300225
0.302175
0.305475
0.307825
0.316750
0.320050
0.320925
0.323850
0.325025
0.332625
0.334675
0.341200
0.343575
0.346325
0.348525
0.354475
0.368175
0.375800
0.376300
0.377725
0.383125
0.385700
0.394725
0.394825
0.399950
0.400100
0.405150
0.406575
0.407625
0.417625
0.423325
0.436725
0.442775
0.448450
0.455825
0.461825
0.463350
0.471725
0.472425
0.483350
0.483725
0.485425
0.492475
0.493575
0.499850
0.500350
0.502650
0.505850
0.507750
0.511525
0.514550
0.514625
0.515300
0.532125
0.534050
0.534500
0.536600
0.538225
0.541400
0.545375
0.545850
0.548925
0.551475
0.552275
0.560550
0.561050
0.561500
0.567625
0.575575
0.578450
0.582850
0.594100
0.608725
0.618900
0.625650
0.633425
0.633825
0.639775
0.641000
0.641150
0.642375
0.642450
0.647150
0.666400
0.668000
0.669525
0.669650
0.678275
0.681300
0.684400
0.693375
0.698775
0.715100
0.718300
0.725700
0.730700
0.745025
0.755825
0.756775
0.760475
0.763900
0.768775
0.770575
0.779200
0.783550
0.785700
0.796825
0.798275
0.803925
0.806100
0.818850
0.828175
0.837850
0.842275
0.843625
0.845100
0.855375
0.863775
0.875175
0.876975
0.882250
0.893875
0.896675
0.910675
0.912875
0.920575
0.920975
0.932875
0.934750
0.940300
0.941550
0.947950
0.948375
0.949100
0.961975
0.975975
0.977475
0.983525
0.983650
0.994650
1.001150
1.010125
1.011850
1.018050
1.032300
1.054375
1.106200
1.116350
1.120300
1.125100
1.127875
1.137500
1.144675
1.160425
1.170650
1.186750
1.266525
1.282875
1.331400
1.367600
1.402900
1.435800
1.453125
1.460075
1.504850
1.569575
1.624150
1.627400
1.663450
1.684250
1.693250
1.749175
1.765825
1.815625
1.877075
1.980275
2.106175
2.476225
244
