0.012950
0.021525
0.042775
0.044000
0.071850
0.073775
0.074750
0.075125
0.088225
0.093025
0.096825
0.096950
0.101225
0.106975
0.108575
0.110475
0.116200
0.116550
0.117450
0.118350
0.123650
0.125900
0.129175
0.132675
0.145375
0.145675
0.149875
0.158675
0.161775
0.162400
0.164175
0.167675
0.171550
0.173850
0.173900
0.178900
0.191375
0.195100
0.195400
0.196500
0.197275
0.199900
0.200375
0.224100
0.229200
0.236600
0.241475
0.242825
0.244075
0.246950
0.253750
0.255150
0.260750
0.271325
0.272100
0.272675
0.273900
0.275600
0.285200
0.286800
0.292750
0.293675
0.300500
0.311425
0.311725
0.312625
0.318575
0.321700
0.322025
0.323200
0.336400
0.339425
0.341700
0.346800
0.351650
0.356925
0.359700
0.366125
0.370950
0.376775
0.382925
0.384900
0.385350
0.386000
0.387500
0.389775
0.391200
0.400475
0.400900
0.414775
0.416725
0.422950
0.430425
0.435500
0.440800
0.447850
0.451825
0.454325
0.458850
0.462550
0.474250
0.481925
0.484375
0.496800
0.499425
0.504400
0.504975
0.505175
0.510675
0.516775
0.518725
0.522575
0.529475
0.530300
0.534750
0.539975
0.547275
0.567100
0.567350
0.570100
0.570975
0.581050
0.583425
0.594025
0.595350
0.597875
0.602875
0.627450
0.636175
0.639650
0.639700
0.643575
0.659700
0.660425
0.666025
0.669875
0.672125
0.681925
0.683700
0.684875
0.688125
0.689850
0.690075
0.690175
0.697950
0.699075
0.699200
0.699475
0.700675
0.716250
0.719775
0.722325
0.732600
0.737225
0.739025
0.743950
0.745200
0.747750
0.747900
0.749200
0.750200
0.750225
0.754400
0.755100
0.762125
0.766200
0.771225
0.774850
0.779600
0.779950
0.800575
0.802750
0.811975
0.815800
0.818575
0.832275
0.832325
0.841150
0.852575
0.854225
0.863675
0.867625
0.873475
0.873825
0.895775
0.898725
0.898850
0.912925
0.913000
0.914575
0.914925
0.921025
0.921050
0.926800
0.937375
0.942975
0.951275
0.955625
0.958850
0.960575
0.966850
0.970500
0.983650
0.986225
0.995850
1.004475
1.021750
1.027050
1.033900
1.037300
1.038825
1.042925
1.051075
1.051600
1.053200
1.064250
1.101450
1.115400
1.117575
1.125350
1.131375
1.139875
1.140050
1.146900
1.147550
1.198625
1.212675
1.214350
1.215425
1.232725
1.271250
1.273625
1.287475
1.291300
1.318750
1.341800
1.342275
1.346275
1.390425
1.390775
1.406625
1.412475
1.435100
1.459075
1.467375
1.485725
1.498400
1.629100
1.700325
1.771025
1.916100
1.980325
2.183575
2.198075
254
