0.002800
0.008675
0.010375
0.020450
0.020475
0.021175
0.027925
0.028200
0.040350
0.042050
0.044050
0.048425
0.048725
0.050175
0.052975
0.059000
0.059525
0.061950
0.067000
0.075475
0.081275
0.081575
0.090175
0.091050
0.093250
0.095150
0.099450
0.107950
0.114000
0.116375
0.117625
0.118650
0.119675
0.122125
0.127850
0.128775
0.130975
0.135525
0.141575
0.146850
0.160200
0.161125
0.165675
0.168450
0.174350
0.175350
0.185600
0.187100
0.192625
0.197375
0.201150
0.212025
0.213450
0.217300
0.225725
0.230300
0.231025
0.231200
0.236225
0.250475
0.251875
0.254800
0.255825
0.256550
0.259775
0.263800
0.269700
0.274825
0.287250
0.288025
0.299175
0.312250
0.316775
0.316950
0.316975
0.319375
0.325075
0.326475
0.328500
0.332050
0.336075
0.341850
0.344650
0.347000
0.348375
0.349100
0.350250
0.360275
0.365075
0.392150
0.396600
0.399375
0.401875
0.405450
0.411900
0.414575
0.414600
0.416550
0.417900
0.418850
0.422250
0.422500
0.424425
0.425525
0.429900
0.432500
0.444300
0.448525
0.449200
0.493350
0.493825
0.511950
0.512975
0.516000
0.524025
0.525900
0.533425
0.539525
0.541700
0.557275
0.569825
0.573575
0.579325
0.582075
0.584350
0.598925
0.600100
0.600825
0.604200
0.604525
0.612425
0.624600
0.634675
0.636450
0.640175
0.643800
0.644025
0.647525
0.661800
0.673750
0.681250
0.684800
0.685200
0.685600
0.688325
0.692725
0.693000
0.711350
0.718625
0.726700
0.734325
0.741550
0.744950
0.754575
0.756150
0.757600
0.759750
0.760775
0.763875
0.766125
0.775825
0.780475
0.782575
0.785400
0.786875
0.798275
0.802775
0.804275
0.810000
0.815525
0.817250
0.819675
0.825275
0.827275
0.832250
0.836675
0.840250
0.840725
0.848675
0.849125
0.858575
0.862975
0.881275
0.892275
0.902375
0.907225
0.912075
0.925075
0.937150
0.939125
0.943025
0.944650
0.946925
0.952325
0.963475
0.969950
0.976425
1.004250
1.013925
1.021450
1.031100
1.040175
1.070525
1.080550
1.086400
1.091950
1.096275
1.121050
1.130200
1.152900
1.160275
1.163300
1.172400
1.178425
1.190350
1.191600
1.241625
1.259525
1.263025
1.283925
1.290475
1.306275
1.364825
1.376750
1.380400
1.393875
1.424000
1.471500
1.574550
1.597300
1.635250
1.670175
1.677800
1.678825
1.697925
1.746000
1.780450
1.831800
1.864150
1.882900
1.973425
2.292975
242
