0.004075
0.004525
0.008525
0.015000
0.015700
0.017000
0.017175
0.022075
0.042725
0.043450
0.046000
0.055425
0.056200
0.057625
0.059800
0.062750
0.068150
0.069725
0.073875
0.074400
0.077000
0.086125
0.090825
0.091725
0.098950
0.104750
0.106725
0.113150
0.116000
0.116275
0.122050
0.139200
0.140725
0.146550
0.149300
0.154225
0.154650
0.158600
0.161275
0.161925
0.167925
0.170750
0.178350
0.191475
0.195750
0.207800
0.211650
0.214700
0.217175
0.221600
0.230700
0.239850
0.252925
0.255725
0.257775
0.265050
0.284675
0.287550
0.292425
0.301175
0.302700
0.313000
0.315350
0.328625
0.329875
0.333100
0.337400
0.344650
0.347175
0.348175
0.348275
0.348675
0.354175
0.359350
0.361025
0.362350
0.362950
0.365025
0.387225
0.398800
0.413475
0.421150
0.422625
0.426950
0.430275
0.433750
0.438325
0.440600
0.444300
0.454100
0.455700
0.458950
0.460050
0.460825
0.465000
0.466400
0.470900
0.471050
0.482525
0.488675
0.491400
0.502650
0.503450
0.503725
0.505025
0.505300
0.506600
0.507475
0.519175
0.523400
0.531450
0.532900
0.536250
0.539050
0.539850
0.540225
0.541225
0.542050
0.543725
0.545550
0.552825
0.552925
0.553650
0.555175
0.556475
0.560875
0.563200
0.565825
0.574925
0.577975
0.592425
0.596250
0.598625
0.601175
0.601525
0.612025
0.615625
0.622750
0.636275
0.641750
0.647650
0.656175
0.671175
0.671975
0.682475
0.683600
0.690350
0.692825
0.696850
0.697125
0.701400
0.701775
0.705825
0.706825
0.716150
0.729450
0.731725
0.737450
0.740900
0.749575
0.751725
0.755300
0.757225
0.763425
0.771200
0.773350
0.779000
0.781475
0.785975
0.817625
0.818975
0.822700
0.829600
0.840650
0.841125
0.845350
0.848425
0.848925
0.854850
0.870325
0.875025
0.897700
0.900250
0.911675
0.913975
0.922450
0.925700
0.942025
0.950250
0.955250
0.957575
0.968700
0.971825
0.988250
0.991400
0.994700
1.011175
1.012900
1.055525
1.059025
1.062325
1.063350
1.068375
1.087825
1.116850
1.118775
1.130025
1.136400
1.145425
1.146050
1.179975
1.191150
1.227375
1.238450
1.268550
1.270625
1.290050
1.294925
1.322200
1.331125
1.366500
1.385400
1.391750
1.416275
1.443075
1.448425
1.508500
1.749300
1.813675
1.829175
1.860350
2.107875
2.115775
2.176650
2.334225
235
