0.010450
0.011600
0.012575
0.013725
0.015050
0.020675
0.031525
0.036675
0.046925
0.056425
0.076450
0.077050
0.079925
0.080375
0.092025
0.094575
0.099100
0.100850
0.110400
0.111050
0.113925
0.113975
0.115450
0.120100
0.132325
0.135450
0.135875
0.136025
0.143175
0.147075
0.149200
0.155600
0.160725
0.181675
0.183550
0.195375
0.204450
0.213075
0.216200
0.225500
0.226250
0.236550
0.238575
0.247875
0.252175
0.254100
0.254725
0.257625
0.259000
0.260950
0.268675
0.280450
0.288725
0.295225
0.296600
0.297700
0.306150
0.307700
0.311650
0.312825
0.314150
0.319125
0.321550
0.321750
0.328475
0.335800
0.336800
0.339700
0.342100
0.346050
0.347225
0.355475
0.360775
0.365600
0.365700
0.383525
0.387600
0.392350
0.393750
0.394575
0.405175
0.405550
0.407675
0.408300
0.411875
0.418400
0.424425
0.425800
0.432775
0.439475
0.443275
0.444050
0.453800
0.455725
0.469175
0.489100
0.491400
0.499225
0.499825
0.505400
0.510200
0.512100
0.512100
0.513750
0.513800
0.516675
0.517075
0.523000
0.524825
0.535450
0.536300
0.539850
0.540175
0.540925
0.550275
0.551900
0.554375
0.555425
0.558900
0.569000
0.571900
0.573000
0.577800
0.577975
0.580275
0.581725
0.596550
0.602200
0.613825
0.618200
0.618300
0.625300
0.626000
0.626700
0.627025
0.628725
0.632675
0.633600
0.634925
0.635800
0.640400
0.641825
0.644700
0.647700
0.649050
0.652025
0.652550
0.654300
0.654675
0.655750
0.657475
0.659825
0.660825
0.669025
0.670925
0.673075
0.673725
0.674125
0.678150
0.695950
0.706450
0.706700
0.710575
0.720500
0.721450
0.724525
0.731725
0.734625
0.738850
0.744225
0.746225
0.747300
0.750525
0.752000
0.756800
0.760000
0.761300
0.765200
0.765200
0.767475
0.769700
0.772975
0.774950
0.777800
0.779150
0.794025
0.798725
0.807200
0.811550
0.811875
0.812200
0.815175
0.815675
0.818150
0.819475
0.841850
0.846225
0.852350
0.865700
0.870825
0.872600
0.873950
0.879750
0.884650
0.890600
0.897375
0.911275
0.932675
0.941550
0.950475
0.952375
0.954225
0.955600
0.956750
0.960000
0.976050
1.019475
1.036150
1.036300
1.048100
1.062800
1.075450
1.091650
1.093750
1.095700
1.111300
1.142775
1.145250
1.148075
1.160700
1.161725
1.195775
1.213925
1.215375
1.226950
1.262800
1.278775
1.293475
1.343050
1.353800
1.386350
1.474975
1.488650
1.529300
1.556475
1.556800
1.609325
1.621725
1.673900
1.796850
1.839575
1.911100
2.035650
2.127275
2.303800
255
