0.001625
0.008775
0.009125
0.014250
0.017425
0.017750
0.022050
0.023500
0.027475
0.029225
0.030975
0.033650
0.034675
0.037525
0.041325
0.042050
0.044950
0.047875
0.047975
0.049500
0.049675
0.051250
0.053200
0.058750
0.059950
0.064200
0.065425
0.066525
0.068900
0.077400
0.079375
0.080500
0.083900
0.087175
0.090375
0.095425
0.096450
0.101600
0.105075
0.105775
0.110100
0.115975
0.124225
0.129225
0.133375
0.135675
0.136650
0.141475
0.148400
0.163100
0.164575
0.174125
0.183150
0.184175
0.193175
0.194000
0.204100
0.205300
0.206600
0.209325
0.213100
0.213625
0.218050
0.218400
0.219200
0.219600
0.224675
0.229875
0.242825
0.262300
0.265950
0.267100
0.270150
0.280050
0.283075
0.293800
0.296375
0.296700
0.303225
0.304525
0.311875
0.312425
0.315150
0.315325
0.316525
0.318250
0.318675
0.320550
0.324200
0.336725
0.339825
0.348050
0.348900
0.353000
0.355800
0.356025
0.362425
0.366750
0.370275
0.372450
0.379850
0.382575
0.384000
0.384950
0.394925
0.395100
0.396675
0.401800
0.401850
0.403125
0.411375
0.428325
0.429900
0.433775
0.434500
0.436250
0.446500
0.455300
0.455500
0.458975
0.470300
0.476150
0.477350
0.477725
0.481375
0.485750
0.490100
0.491375
0.492425
0.506200
0.506750
0.508350
0.513525
0.517325
0.522125
0.522300
0.523475
0.527750
0.528925
0.545775
0.551150
0.552600
0.552900
0.557450
0.560475
0.562525
0.570200
0.585600
0.589250
0.591025
0.599850
0.600325
0.602300
0.605050
0.610650
0.613500
0.620950
0.621875
0.623200
0.631000
0.636975
0.639400
0.642600
0.642625
0.654325
0.663000
0.674125
0.681000
0.685700
0.699000
0.703525
0.708525
0.710675
0.715125
0.721575
0.721850
0.722675
0.725125
0.729275
0.744575
0.745425
0.750175
0.751600
0.755050
0.759975
0.769900
0.770200
0.776625
0.776725
0.782750
0.785550
0.789450
0.799025
0.810075
0.815000
0.817600
0.823625
0.824100
0.832625
0.833075
0.834775
0.841350
0.843000
0.856925
0.868450
0.870800
0.875575
0.891325
0.910925
0.914975
0.934950
0.936475
0.937650
0.937775
0.949725
0.954475
0.976350
0.985500
0.996575
1.018775
1.021625
1.029300
1.031425
1.055000
1.058000
1.064025
1.074975
1.076700
1.090275
1.092675
1.093350
1.114400
1.117250
1.118225
1.124900
1.192150
1.202450
1.211200
1.213250
1.214850
1.215375
1.225275
1.247800
1.256975
1.266575
1.323550
1.337750
1.341350
1.365300
1.372150
1.427250
1.458075
1.466975
1.507250
1.532875
1.535650
1.561975
1.576950
1.582600
1.653800
1.707675
1.725750
1.784375
1.919800
2.092025
2.266375
2.489175
267
