0.010500
0.012100
0.016225
0.017675
0.020175
0.022900
0.034650
0.036200
0.038500
0.038550
0.043900
0.050325
0.056575
0.057550
0.059050
0.059600
0.063775
0.067375
0.076050
0.089225
0.090375
0.090900
0.095575
0.101075
0.103425
0.109525
0.110925
0.120000
0.128050
0.130025
0.131700
0.137375
0.142525
0.150800
0.154500
0.158175
0.186450
0.187925
0.190525
0.198675
0.199525
0.199825
0.210375
0.212000
0.219000
0.219075
0.220400
0.221550
0.223550
0.235200
0.237075
0.244050
0.245100
0.251750
0.253825
0.260125
0.269500
0.272125
0.276475
0.281150
0.285625
0.301350
0.305025
0.305200
0.312175
0.316750
0.318725
0.320100
0.326225
0.330300
0.332125
0.335000
0.337125
0.337475
0.346100
0.357350
0.358600
0.359525
0.367275
0.371925
0.373050
0.379950
0.389000
0.397800
0.402500
0.408875
0.409425
0.410075
0.413025
0.420800
0.422100
0.433700
0.436600
0.439150
0.442900
0.448075
0.450600
0.457575
0.459225
0.464600
0.464875
0.467975
0.471450
0.471600
0.474575
0.478925
0.478975
0.482725
0.482775
0.492550
0.494825
0.502475
0.503025
0.516125
0.517750
0.518300
0.520200
0.524725
0.528650
0.531900
0.536975
0.538775
0.540175
0.543725
0.560600
0.564050
0.571625
0.574475
0.575275
0.578950
0.579650
0.588925
0.589400
0.598200
0.601275
0.605275
0.611450
0.612900
0.613500
0.613500
0.623425
0.624000
0.628625
0.628875
0.634125
0.638050
0.648350
0.649775
0.651675
0.651900
0.652625
0.673250
0.675500
0.682550
0.685075
0.685375
0.685425
0.690850
0.693900
0.694975
0.695225
0.695425
0.695750
0.703650
0.704450
0.709975
0.711925
0.715675
0.716625
0.726250
0.728600
0.731750
0.734375
0.737375
0.741425
0.741775
0.750375
0.753050
0.761125
0.767950
0.771750
0.792075
0.795975
0.805625
0.810700
0.816525
0.816850
0.822975
0.827275
0.827975
0.832250
0.832525
0.833025
0.835775
0.839575
0.854300
0.856500
0.870075
0.879225
0.896850
0.902525
0.907375
0.935700
0.951275
0.961025
0.964575
0.972225
0.977875
0.977950
0.985200
0.991775
1.000625
1.004200
1.009800
1.012475
1.017350
1.025300
1.050225
1.102375
1.106725
1.109650
1.119000
1.120275
1.153900
1.161075
1.188325
1.206350
1.212825
1.213900
1.226900
1.297750
1.311425
1.313150
1.404150
1.414750
1.438725
1.450850
1.452150
1.469925
1.530675
1.571775
1.584975
1.709850
1.851775
1.875050
2.101325
2.119200
2.228725
2.267800
2.314875
250
