0.000475
0.001150
0.007425
0.008150
0.024700
0.028925
0.028950
0.035375
0.043825
0.047275
0.047400
0.055775
0.070450
0.075650
0.077625
0.085725
0.086075
0.086925
0.089550
0.095450
0.098325
0.102750
0.120575
0.127575
0.129425
0.131800
0.134800
0.136375
0.137850
0.139275
0.146450
0.148600
0.148650
0.149975
0.150100
0.154350
0.154650
0.168325
0.171425
0.172300
0.176600
0.177400
0.185425
0.186800
0.189475
0.197375
0.199325
0.202575
0.214375
0.216775
0.220325
0.222275
0.223975
0.224800
0.232725
0.232875
0.233275
0.234375
0.234800
0.245850
0.246175
0.247650
0.255200
0.256650
0.257800
0.258525
0.258675
0.260775
0.262375
0.262850
0.270425
0.271650
0.278075
0.283125
0.285850
0.286500
0.289550
0.289725
0.295150
0.303950
0.304525
0.307850
0.326950
0.328775
0.337500
0.342300
0.343775
0.345075
0.347475
0.352850
0.361150
0.363350
0.366975
0.372200
0.372575
0.373450
0.375975
0.384375
0.400025
0.401950
0.413750
0.414650
0.414900
0.416375
0.417250
0.418425
0.420500
0.425850
0.427025
0.428175
0.428325
0.428375
0.431575
0.431775
0.450350
0.453025
0.457325
0.459950
0.466875
0.469100
0.475175
0.475525
0.491350
0.500525
0.506875
0.517800
0.527300
0.534775
0.536550
0.546500
0.552250
0.553725
0.554125
0.554275
0.554625
0.562825
0.564400
0.572775
0.572825
0.579550
0.580150
0.580975
0.581475
0.583675
0.586500
0.588000
0.588150
0.591275
0.592550
0.596750
0.597500
0.615350
0.615525
0.615800
0.617650
0.624575
0.631225
0.641500
0.647450
0.648600
0.651500
0.657425
0.665300
0.669050
0.677250
0.682075
0.688775
0.695200
0.696500
0.696725
0.697325
0.699875
0.699900
0.704450
0.715775
0.722450
0.734850
0.736175
0.740925
0.748575
0.749175
0.771450
0.780025
0.781975
0.792775
0.794350
0.797950
0.799575
0.808000
0.812000
0.821825
0.827800
0.835325
0.847900
0.863775
0.871000
0.883400
0.893875
0.899475
0.900600
0.902250
0.903050
0.923050
0.923525
0.963200
0.968325
0.982225
0.998350
1.006000
1.015000
1.042000
1.058250
1.062475
1.064950
1.073225
1.077300
1.083625
1.092175
1.096850
1.102175
1.123575
1.170850
1.219150
1.219600
1.224700
1.229150
1.249300
1.261725
1.266975
1.267550
1.282800
1.293675
1.310475
1.322675
1.344000
1.348800
1.397100
1.405225
1.433750
1.455725
1.618925
1.623375
1.655900
1.667225
1.711225
1.878325
1.884400
1.970075
2.012200
2.049350
2.138950
2.237300
252
