0.007300
0.008850
0.010675
0.021950
0.026900
0.034350
0.040175
0.044550
0.051900
0.056200
0.056500
0.056550
0.057400
0.057550
0.059150
0.070675
0.071975
0.074925
0.077000
0.090800
0.097025
0.097925
0.120075
0.122775
0.131925
0.143275
0.148675
0.150325
0.151050
0.166875
0.189225
0.189450
0.191600
0.191675
0.197025
0.217675
0.222650
0.223850
0.224575
0.229575
0.230900
0.231175
0.235825
0.237125
0.237900
0.240850
0.245500
0.268075
0.268850
0.270675
0.271075
0.271525
0.275125
0.278450
0.283200
0.291100
0.294750
0.299100
0.302225
0.302300
0.307250
0.310475
0.312600
0.317650
0.319525
0.320400
0.323275
0.323725
0.333000
0.336250
0.347700
0.350550
0.352200
0.355450
0.356825
0.366500
0.373950
0.378500
0.378525
0.379950
0.388050
0.392350
0.392700
0.396275
0.396900
0.397200
0.399950
0.403425
0.404050
0.404575
0.409225
0.414100
0.415450
0.419400
0.421525
0.422550
0.427975
0.429200
0.431125
0.435500
0.438075
0.440550
0.442725
0.454925
0.459600
0.468500
0.476875
0.483025
0.497850
0.499275
0.507100
0.520850
0.540475
0.543975
0.544325
0.546200
0.546550
0.548725
0.557600
0.560225
0.561075
0.565525
0.571475
0.572000
0.575975
0.578800
0.581750
0.583175
0.583500
0.585025
0.589225
0.593325
0.604600
0.606525
0.624525
0.626825
0.628700
0.629725
0.634600
0.635600
0.638275
0.640350
0.643900
0.655875
0.656975
0.661250
0.662225
0.666075
0.670175
0.672850
0.676125
0.677225
0.680550
0.680975
0.682800
0.687625
0.688950
0.694150
0.701725
0.703075
0.715975
0.718100
0.718750
0.721900
0.729800
0.732525
0.733075
0.743675
0.745175
0.745600
0.755775
0.761150
0.762575
0.762700
0.763675
0.770550
0.778325
0.781975
0.782650
0.786800
0.791750
0.795525
0.797800
0.797850
0.807025
0.808325
0.822225
0.826450
0.838150
0.859150
0.861875
0.864725
0.881575
0.892300
0.902125
0.916475
0.919525
0.930400
0.932900
0.940700
0.943725
0.945650
0.956550
0.957375
0.982400
0.995150
1.009375
1.016475
1.016900
1.031800
1.060225
1.067800
1.069400
1.074775
1.090350
1.097575
1.100850
1.119875
1.120250
1.154750
1.172375
1.188500
1.191550
1.233025
1.251350
1.263900
1.275250
1.291925
1.292300
1.308025
1.309300
1.315825
1.315825
1.391700
1.395450
1.474800
1.483375
1.509950
1.516600
1.529950
1.532225
1.535575
1.612575
1.653575
1.655375
1.839675
2.107550
2.193525
2.195750
2.281150
250
