0.001275
0.003150
0.006725
0.012175
0.013225
0.015175
0.016475
0.020750
0.023850
0.025900
0.035925
0.036475
0.037300
0.039425
0.040275
0.044250
0.052300
0.056225
0.060350
0.083325
0.088325
0.092475
0.092875
0.100650
0.103375
0.110150
0.115425
0.119750
0.120725
0.134675
0.136475
0.136500
0.138950
0.141300
0.148175
0.148325
0.152425
0.160175
0.166125
0.188375
0.189225
0.189850
0.192325
0.192950
0.193325
0.203225
0.203475
0.211000
0.211475
0.215925
0.220300
0.226475
0.226925
0.227825
0.233675
0.234125
0.237350
0.238425
0.242525
0.252075
0.254675
0.258475
0.262250
0.269675
0.280550
0.286375
0.288500
0.289800
0.292875
0.293925
0.295850
0.302625
0.307225
0.309150
0.317500
0.325225
0.327050
0.336325
0.337400
0.340525
0.345575
0.345700
0.361525
0.364225
0.368150
0.368975
0.372125
0.376775
0.377925
0.379500
0.384850
0.387850
0.388000
0.391850
0.395425
0.396975
0.397725
0.407325
0.413525
0.415600
0.417400
0.424300
0.427150
0.427725
0.430775
0.431650
0.435800
0.436950
0.437550
0.466000
0.474000
0.476625
0.481050
0.482250
0.482550
0.483300
0.485225
0.505950
0.506000
0.510850
0.513350
0.513625
0.519300
0.523350
0.525825
0.526200
0.537450
0.538925
0.539400
0.548575
0.549925
0.567825
0.567925
0.579000
0.580200
0.594100
0.595625
0.606650
0.611225
0.614925
0.615100
0.624475
0.626250
0.636725
0.636950
0.644900
0.644950
0.645050
0.645100
0.646475
0.646925
0.648775
0.651475
0.653550
0.654000
0.659800
0.671200
0.679050
0.680350
0.683150
0.684950
0.689250
0.692450
0.695900
0.696150
0.698600
0.700225
0.708175
0.713725
0.714800
0.722925
0.723175
0.736675
0.752075
0.755750
0.758350
0.761025
0.768975
0.769600
0.770300
0.770625
0.779750
0.786575
0.789150
0.790850
0.801150
0.801375
0.819775
0.820325
0.822950
0.823350
0.824075
0.829150
0.832900
0.840575
0.845675
0.869150
0.869825
0.873450
0.873675
0.874625
0.888700
0.895850
0.897300
0.901825
0.918625
0.924375
0.924625
0.995250
0.999350
1.012975
1.017050
1.060750
1.090525
1.111750
1.129000
1.140425
1.144775
1.146550
1.153425
1.157525
1.179325
1.187075
1.217900
1.233325
1.259925
1.267550
1.272375
1.280375
1.311950
1.331500
1.352300
1.369900
1.403350
1.416650
1.510650
1.538325
1.638575
1.700400
1.706950
1.762675
1.770075
1.861975
1.984325
1.993675
2.301250
2.355000
2.492300
248
