0.000750
0.004775
0.026125
0.026125
0.029975
0.041300
0.044475
0.049350
0.050725
0.063025
0.065600
0.079575
0.086225
0.088500
0.088600
0.090625
0.097350
0.099250
0.107700
0.107925
0.114600
0.121950
0.127275
0.129125
0.143800
0.143925
0.154400
0.157250
0.162700
0.168725
0.170250
0.172725
0.176200
0.180400
0.184875
0.192500
0.199800
0.204325
0.204575
0.211075
0.219750
0.219950
0.229050
0.229400
0.231525
0.233225
0.237475
0.237925
0.241450
0.244600
0.245100
0.247300
0.248500
0.256975
0.258450
0.259200
0.261525
0.266125
0.268425
0.269975
0.272325
0.281625
0.284300
0.296250
0.297650
0.298100
0.298850
0.300600
0.317300
0.321400
0.325925
0.326600
0.331975
0.353475
0.354750
0.360000
0.363125
0.364600
0.367875
0.368300
0.369200
0.370000
0.376900
0.387025
0.393500
0.396350
0.400550
0.401975
0.403950
0.421050
0.422350
0.423450
0.427525
0.439725
0.454525
0.458000
0.466100
0.466675
0.481825
0.492075
0.492350
0.492600
0.501400
0.504875
0.508000
0.513050
0.521225
0.521825
0.523650
0.537425
0.538175
0.539125
0.539700
0.544350
0.552925
0.559325
0.565800
0.573575
0.578975
0.579175
0.580625
0.583000
0.585950
0.589550
0.605275
0.606675
0.608175
0.613475
0.622100
0.632425
0.636700
0.643000
0.648725
0.650425
0.652125
0.662650
0.672275
0.675850
0.676775
0.689125
0.697575
0.698625
0.701850
0.708575
0.711475
0.711950
0.713275
0.714750
0.718575
0.718675
0.721825
0.728175
0.729375
0.731250
0.737875
0.746275
0.746675
0.755600
0.756225
0.758250
0.760000
0.767400
0.781175
0.781550
0.785350
0.785475
0.801700
0.807425
0.812500
0.818675
0.822675
0.827075
0.828525
0.831025
0.853900
0.853975
0.877650
0.911350
0.914100
0.926100
0.933550
0.947075
0.950075
0.958350
0.958850
0.959825
0.965250
0.975400
1.023625
1.024425
1.031450
1.032175
1.040000
1.076425
1.093350
1.095150
1.120925
1.128475
1.139400
1.161675
1.173800
1.175550
1.181200
1.191450
1.236350
1.266000
1.370625
1.377850
1.407750
1.447350
1.465550
1.493425
1.566825
1.568600
1.587150
1.648775
1.680500
1.703825
1.710600
1.731125
1.763575
1.826725
1.861425
1.911550
1.967675
2.161750
2.187475
2.270975
228
