0.004375
0.009375
0.015200
0.016950
0.019225
0.022400
0.024075
0.026550
0.027500
0.030100
0.032050
0.032300
0.033100
0.035575
0.041075
0.049350
0.052100
0.052725
0.055625
0.055950
0.067750
0.076425
0.083675
0.094475
0.097950
0.098850
0.099950
0.100225
0.106425
0.110400
0.111150
0.116275
0.119225
0.120975
0.124450
0.124725
0.124825
0.127075
0.132100
0.137675
0.139200
0.142350
0.145275
0.151225
0.153250
0.157225
0.168375
0.176800
0.179375
0.182500
0.186225
0.192525
0.195500
0.202675
0.206150
0.210700
0.216900
0.221600
0.222175
0.238675
0.242275
0.247200
0.248025
0.252425
0.253875
0.272600
0.279625
0.280675
0.296025
0.303975
0.304750
0.310100
0.319925
0.323025
0.338575
0.345325
0.348375
0.356525
0.358250
0.359650
0.361075
0.362300
0.364700
0.376250
0.384500
0.384800
0.390175
0.391075
0.397025
0.402650
0.403675
0.404125
0.417225
0.419550
0.421325
0.421875
0.426000
0.430900
0.432025
0.437050
0.441125
0.443450
0.451350
0.460175
0.460500
0.466775
0.467100
0.468600
0.469950
0.473025
0.478950
0.492100
0.492250
0.497600
0.499425
0.506375
0.514975
0.519400
0.520100
0.526100
0.527525
0.528975
0.534125
0.535700
0.542700
0.545600
0.549425
0.565350
0.567950
0.568150
0.571250
0.575650
0.576400
0.579075
0.583600
0.586250
0.590325
0.590925
0.597375
0.597550
0.598800
0.600125
0.603100
0.609800
0.612550
0.615775
0.620875
0.622450
0.626025
0.628400
0.631625
0.632525
0.633475
0.638775
0.646375
0.650075
0.650375
0.652675
0.653475
0.656125
0.664000
0.667275
0.667525
0.668625
0.671775
0.674200
0.675125
0.678425
0.685475
0.686450
0.693200
0.694150
0.697475
0.701200
0.706050
0.707200
0.717625
0.719825
0.720875
0.730200
0.737200
0.740900
0.741150
0.743100
0.744925
0.747100
0.749350
0.756375
0.757725
0.759825
0.766150
0.766450
0.767725
0.768450
0.768900
0.771250
0.775025
0.777250
0.780025
0.781050
0.781625
0.783200
0.784475
0.785175
0.790350
0.793200
0.795375
0.796750
0.819525
0.828350
0.830650
0.835700
0.841100
0.860575
0.861600
0.880550
0.888525
0.907775
0.917975
0.918650
0.920825
0.930025
0.930800
0.953775
0.967950
1.010450
1.014375
1.016800
1.026825
1.037775
1.044250
1.047075
1.047300
1.051950
1.056700
1.062375
1.071800
1.074325
1.088175
1.114625
1.120875
1.127175
1.129475
1.142325
1.152875
1.169425
1.171600
1.176075
1.186625
1.256200
1.292425
1.302800
1.331325
1.438725
1.454900
1.501575
1.505400
1.590375
1.599875
1.638300
1.648025
1.687475
1.701900
1.733750
1.842925
1.850250
1.870475
1.888800
1.917500
1.994600
270
