0.000900
0.005125
0.007800
0.023825
0.025325
0.040575
0.061775
0.066350
0.066575
0.086225
0.097575
0.104000
0.105000
0.112050
0.113850
0.122600
0.124850
0.125275
0.126450
0.132975
0.137275
0.145075
0.146600
0.150825
0.157375
0.162925
0.164050
0.167775
0.168850
0.175775
0.176950
0.182825
0.187475
0.190050
0.195575
0.196800
0.202950
0.204125
0.206200
0.210325
0.211975
0.215325
0.217250
0.225975
0.230975
0.231775
0.233025
0.235050
0.236700
0.248500
0.248825
0.255550
0.256175
0.265500
0.265900
0.271650
0.272875
0.277675
0.289475
0.291875
0.295025
0.301375
0.305600
0.309175
0.313425
0.317625
0.318700
0.319925
0.324650
0.325000
0.325325
0.329775
0.334075
0.337100
0.340725
0.342225
0.346125
0.346950
0.364800
0.368750
0.375075
0.385175
0.385825
0.388950
0.397525
0.398775
0.399450
0.407875
0.413600
0.417450
0.426750
0.427275
0.433350
0.439925
0.439950
0.440475
0.443300
0.447175
0.451850
0.451925
0.455850
0.463200
0.463650
0.465025
0.467175
0.469050
0.473675
0.476875
0.492000
0.494075
0.503475
0.512100
0.512175
0.518325
0.521625
0.525200
0.528725
0.531875
0.540175
0.543350
0.543775
0.547425
0.549425
0.549775
0.574175
0.578350
0.582625
0.583750
0.585250
0.585975
0.595375
0.600725
0.603325
0.605900
0.615000
0.617250
0.631325
0.634075
0.637525
0.644950
0.654550
0.658650
0.659000
0.669325
0.679950
0.692925
0.693275
0.694100
0.695375
0.697200
0.704825
0.708925
0.709750
0.711200
0.717800
0.721250
0.721575
0.723150
0.726550
0.738650
0.747675
0.754350
0.763125
0.765425
0.770875
0.774875
0.776775
0.784000
0.790925
0.793900
0.794400
0.797250
0.799250
0.806525
0.808000
0.809900
0.815675
0.821300
0.830375
0.835050
0.837100
0.839275
0.843200
0.843875
0.844475
0.846375
0.846675
0.851200
0.853975
0.856900
0.894700
0.896025
0.897725
0.900700
0.906425
0.917175
0.920850
0.924750
0.928725
0.933400
0.933825
0.937700
0.947075
0.971900
0.974250
0.976825
0.994175
0.995850
1.000400
1.018125
1.041725
1.055375
1.073250
1.094975
1.101500
1.103150
1.119300
1.123900
1.153250
1.156075
1.164525
1.182625
1.187350
1.215600
1.225025
1.228625
1.263150
1.273775
1.285025
1.289825
1.290800
1.291175
1.367475
1.381625
1.407475
1.412400
1.417125
1.424925
1.493675
1.494000
1.515150
1.562775
1.566975
1.575225
1.595550
1.612450
1.788275
1.922250
1.936700
1.972825
2.036250
2.166150
2.333925
2.395000
2.431925
255
