0.010075
0.014825
0.016475
0.022225
0.026850
0.027475
0.031275
0.033275
0.044375
0.052125
0.053350
0.056375
0.059300
0.061625
0.069300
0.075800
0.078125
0.081425
0.084875
0.090950
0.096100
0.101550
0.102650
0.108575
0.126625
0.130850
0.143050
0.144450
0.149100
0.150575
0.162000
0.162200
0.162875
0.163075
0.163350
0.164025
0.167100
0.171275
0.177225
0.181500
0.182325
0.185475
0.188250
0.200725
0.201875
0.202075
0.202250
0.204025
0.205575
0.207200
0.208725
0.209800
0.210625
0.213750
0.215275
0.216800
0.221250
0.221700
0.234775
0.241325
0.243850
0.246200
0.252400
0.253700
0.272850
0.273425
0.287225
0.301625
0.304500
0.307025
0.311025
0.327325
0.327725
0.339625
0.346300
0.351125
0.353375
0.354550
0.356450
0.366675
0.370875
0.372150
0.390900
0.395825
0.399675
0.400825
0.414750
0.417350
0.418050
0.420275
0.423725
0.437425
0.437775
0.443950
0.444100
0.450950
0.459275
0.459450
0.463500
0.468950
0.473575
0.480800
0.481025
0.483125
0.484325
0.484425
0.488800
0.489000
0.497300
0.503150
0.503625
0.522375
0.532025
0.533825
0.536775
0.545000
0.557325
0.557325
0.563025
0.568650
0.570700
0.570825
0.583600
0.584750
0.585525
0.601275
0.604725
0.605375
0.609800
0.616275
0.618825
0.618900
0.622775
0.628025
0.628600
0.630900
0.631425
0.632975
0.634400
0.635950
0.636550
0.639850
0.647700
0.649525
0.651200
0.653025
0.658375
0.671875
0.679850
0.680875
0.685900
0.689850
0.694475
0.695800
0.697225
0.699575
0.704625
0.705300
0.705400
0.705525
0.717100
0.717800
0.719300
0.719825
0.721125
0.726750
0.729125
0.740975
0.742500
0.742650
0.746275
0.756750
0.763075
0.778700
0.782775
0.788650
0.791075
0.791100
0.796850
0.802350
0.802850
0.826275
0.827375
0.830625
0.832675
0.838225
0.854125
0.854200
0.858075
0.860275
0.869600
0.886975
0.896550
0.910375
0.914200
0.914675
0.918025
0.934725
0.947050
0.955600
0.965375
0.974150
0.979575
0.986575
0.991175
1.002775
1.004100
1.017000
1.017800
1.020075
1.025575
1.031925
1.033075
1.034550
1.036125
1.036850
1.045825
1.052350
1.056425
1.060325
1.063750
1.065200
1.083500
1.088200
1.102175
1.104800
1.111400
1.111775
1.114400
1.118600
1.136225
1.148750
1.181750
1.203275
1.218150
1.223550
1.276675
1.299625
1.300300
1.322150
1.326800
1.330175
1.341000
1.376825
1.396450
1.413425
1.432825
1.467725
1.500750
1.502850
1.504825
1.505050
1.515900
1.522400
1.526700
1.530075
1.545850
1.570000
1.571625
1.620450
1.625375
1.645725
1.689375
1.800025
1.867650
1.886025
1.918550
1.939525
2.237750
269
