0.000800
0.005525
0.015900
0.041800
0.042475
0.046650
0.051100
0.053675
0.057300
0.065950
0.072875
0.077025
0.090550
0.092250
0.094800
0.108425
0.114450
0.116025
0.118525
0.119250
0.122800
0.125775
0.131725
0.134350
0.146775
0.157000
0.160875
0.169500
0.173125
0.188850
0.192525
0.195000
0.195550
0.201125
0.207725
0.213100
0.222675
0.223900
0.228275
0.235725
0.240975
0.244875
0.245450
0.253700
0.253925
0.275500
0.278525
0.283600
0.285175
0.289075
0.295600
0.298725
0.306575
0.314000
0.317275
0.318525
0.322600
0.323650
0.327000
0.328775
0.329350
0.332800
0.336350
0.336625
0.336950
0.342525
0.343725
0.349450
0.373100
0.375950
0.379525
0.392225
0.394350
0.396375
0.399625
0.401875
0.405550
0.409250
0.410700
0.412825
0.418575
0.421675
0.429450
0.429850
0.431375
0.433900
0.434500
0.437000
0.437900
0.440700
0.444950
0.447150
0.447525
0.455150
0.457900
0.463200
0.464275
0.471175
0.478150
0.483425
0.489550
0.502875
0.514200
0.528125
0.528550
0.530350
0.533575
0.544950
0.545325
0.546600
0.547025
0.549675
0.557450
0.566325
0.571225
0.577350
0.577375
0.580475
0.582225
0.595250
0.598200
0.606025
0.607325
0.609750
0.610900
0.613600
0.621325
0.623275
0.623675
0.624650
0.625175
0.627450
0.643750
0.650600
0.651350
0.657975
0.659475
0.660450
0.672500
0.674925
0.688050
0.698775
0.701500
0.701775
0.702325
0.707575
0.711825
0.715625
0.743575
0.747325
0.747450
0.748225
0.756950
0.761825
0.762500
0.767225
0.770500
0.772125
0.773650
0.775700
0.775950
0.781725
0.783750
0.790100
0.796525
0.797625
0.799400
0.800475
0.803725
0.805050
0.806875
0.813525
0.829575
0.847400
0.857075
0.857600
0.858100
0.860275
0.860775
0.862275
0.867425
0.870025
0.879975
0.880500
0.900650
0.905025
0.907725
0.913550
0.915100
0.916150
0.918850
0.919725
0.920075
0.923225
0.924425
0.927200
0.929775
0.932050
0.932550
0.956500
0.971875
0.973500
0.983875
1.004975
1.008975
1.048900
1.052275
1.061050
1.064600
1.069025
1.071525
1.080775
1.114025
1.115150
1.148550
1.153800
1.228625
1.245475
1.260350
1.290350
1.301000
1.306775
1.319825
1.327900
1.332300
1.442325
1.455425
1.476525
1.480750
1.491300
1.577700
1.615950
1.654025
1.686175
1.748575
1.754100
1.795425
1.820975
1.966775
1.978525
2.048875
2.103800
2.224950
2.259675
2.271250
2.439025
246
