0.002125
0.005725
0.010175
0.015650
0.016450
0.017225
0.022925
0.025050
0.026700
0.039125
0.044950
0.046925
0.048750
0.054525
0.065575
0.073200
0.074525
0.080875
0.089850
0.094200
0.099850
0.101775
0.111850
0.114000
0.114150
0.121875
0.122025
0.125300
0.131325
0.134100
0.137725
0.148600
0.156275
0.159650
0.165550
0.173300
0.174700
0.174800
0.189900
0.195950
0.201025
0.206125
0.214775
0.231750
0.233350
0.240175
0.243900
0.258000
0.260725
0.262700
0.262750
0.267525
0.279475
0.281325
0.284675
0.291125
0.294275
0.304175
0.308275
0.314500
0.315050
0.318875
0.321900
0.323975
0.328325
0.333525
0.337025
0.340075
0.344775
0.351100
0.353500
0.366875
0.367225
0.376825
0.378375
0.387600
0.390650
0.392800
0.393550
0.402500
0.402950
0.404125
0.407025
0.408700
0.410850
0.425475
0.429225
0.430075
0.435850
0.438050
0.439250
0.458950
0.462625
0.476425
0.477050
0.479225
0.479250
0.483275
0.484200
0.485250
0.485275
0.485450
0.485625
0.485675
0.493825
0.495875
0.496350
0.498025
0.501850
0.505650
0.508150
0.512075
0.516325
0.521750
0.534750
0.538700
0.539700
0.543175
0.544275
0.544475
0.544625
0.546875
0.551200
0.553550
0.555200
0.569275
0.569850
0.576225
0.582075
0.583575
0.584925
0.588475
0.594450
0.595000
0.595250
0.598950
0.600725
0.605450
0.617625
0.623425
0.624725
0.627825
0.643100
0.643850
0.648450
0.653700
0.654100
0.664275
0.666300
0.668800
0.673400
0.674150
0.690150
0.700500
0.700925
0.702525
0.702675
0.702750
0.705025
0.706425
0.711725
0.715950
0.719800
0.722075
0.724000
0.725275
0.727225
0.737175
0.741950
0.768825
0.769750
0.771425
0.773650
0.774475
0.774775
0.776125
0.784300
0.792350
0.804500
0.809075
0.816925
0.822825
0.831675
0.840950
0.842875
0.847875
0.853300
0.857175
0.868175
0.871625
0.890950
0.891150
0.894150
0.901125
0.911825
0.938200
0.953075
0.954875
0.967025
0.969325
0.979100
0.980025
0.981425
0.983125
0.985525
0.994050
0.995475
1.012700
1.012900
1.023225
1.025525
1.029375
1.035575
1.050050
1.055300
1.064625
1.073025
1.080450
1.091700
1.095625
1.106525
1.111425
1.118250
1.132100
1.133200
1.141050
1.160975
1.188325
1.195325
1.196575
1.204600
1.207425
1.209125
1.211900
1.217950
1.222525
1.234100
1.262525
1.266025
1.269150
1.340825
1.346075
1.380650
1.381600
1.429325
1.498825
1.568725
1.590675
1.644650
1.708225
1.708875
1.728975
1.770625
1.886550
1.903500
1.938775
2.005425
2.288675
2.292625
2.328375
260
