0.026675
0.031475
0.036275
0.037275
0.037275
0.045400
0.046975
0.048050
0.048150
0.054350
0.056150
0.061550
0.063700
0.072050
0.075675
0.076575
0.080100
0.081575
0.082200
0.093350
0.097525
0.099850
0.100950
0.104500
0.104600
0.114900
0.118375
0.125675
0.128675
0.136700
0.140200
0.141350
0.143975
0.146375
0.154600
0.162700
0.163225
0.165725
0.171475
0.175925
0.182775
0.198275
0.202500
0.208025
0.208450
0.209850
0.216650
0.225575
0.228550
0.231750
0.231800
0.231900
0.244175
0.247700
0.250950
0.251375
0.252250
0.255400
0.255950
0.262700
0.267125
0.274000
0.275700
0.279425
0.281550
0.284700
0.288950
0.294525
0.297525
0.301475
0.302275
0.304800
0.311250
0.318700
0.332975
0.333125
0.338450
0.344650
0.345550
0.346200
0.349525
0.351600
0.353050
0.356425
0.360375
0.362775
0.364200
0.371075
0.373825
0.374650
0.378825
0.394650
0.394925
0.395250
0.401150
0.403450
0.405325
0.408725
0.411800
0.418225
0.419725
0.421825
0.431475
0.433575
0.441875
0.444500
0.451025
0.454325
0.455600
0.471550
0.480050
0.483850
0.485725
0.486275
0.490475
0.492400
0.494850
0.500300
0.501150
0.505375
0.510475
0.511200
0.516650
0.524850
0.528350
0.528650
0.530375
0.531150
0.533475
0.547650
0.550100
0.564500
0.565875
0.579225
0.582325
0.583275
0.586300
0.586325
0.591600
0.605575
0.612650
0.617175
0.628075
0.632775
0.641275
0.643875
0.645275
0.649950
0.652550
0.655500
0.661850
0.669350
0.669850
0.673800
0.674400
0.677175
0.689350
0.698500
0.712875
0.716100
0.717050
0.719475
0.722600
0.727775
0.731025
0.736450
0.738950
0.740300
0.740300
0.740750
0.746925
0.748450
0.749750
0.752625
0.756450
0.760000
0.761200
0.763525
0.770575
0.772950
0.779400
0.792475
0.793000
0.806075
0.807950
0.822025
0.822575
0.824950
0.828075
0.836325
0.840625
0.844250
0.845500
0.846025
0.847900
0.854525
0.856675
0.863800
0.892975
0.898350
0.909425
0.914475
0.920125
0.920550
0.924025
0.943275
0.944500
0.945425
0.946100
0.950450
0.950675
0.987675
0.988050
0.992875
0.995000
0.998950
1.005050
1.013225
1.016950
1.019950
1.021750
1.022450
1.027375
1.037475
1.055750
1.086550
1.105375
1.108225
1.115025
1.116400
1.140800
1.141425
1.143275
1.149425
1.151150
1.160250
1.178950
1.190225
1.190275
1.228625
1.249950
1.251150
1.259025
1.271875
1.274775
1.281725
1.297275
1.298475
1.310550
1.364450
1.406550
1.443075
1.459400
1.480975
1.540950
1.549050
1.558600
1.564125
1.565350
1.580200
1.580450
1.680125
1.776675
1.798175
1.905050
1.921850
1.960600
2.047350
2.299925
269
