0.001275
0.010650
0.017225
0.017250
0.025700
0.047075
0.048150
0.053025
0.055725
0.056125
0.061825
0.066950
0.070900
0.079900
0.081775
0.090725
0.101175
0.102500
0.103775
0.107425
0.108800
0.109475
0.109575
0.124825
0.126425
0.129725
0.143400
0.152350
0.154825
0.156750
0.159350
0.163225
0.168150
0.172100
0.172725
0.175250
0.180275
0.181825
0.196250
0.206250
0.210675
0.213500
0.214300
0.215700
0.218025
0.218675
0.220325
0.224625
0.228725
0.232000
0.234100
0.236975
0.238200
0.244850
0.252025
0.266675
0.268175
0.269600
0.270075
0.271475
0.281850
0.282275
0.286025
0.287000
0.307550
0.310125
0.310425
0.314100
0.316950
0.322100
0.326500
0.330325
0.337050
0.339075
0.340050
0.340525
0.348025
0.348075
0.350875
0.356250
0.356950
0.358125
0.359425
0.369450
0.372025
0.376650
0.384450
0.384750
0.385700
0.385850
0.391950
0.394850
0.395175
0.396775
0.399250
0.403250
0.407575
0.411675
0.415150
0.416100
0.424825
0.439400
0.443975
0.444625
0.446325
0.458400
0.459150
0.463050
0.469300
0.471400
0.485725
0.492750
0.500450
0.502275
0.528125
0.541000
0.546000
0.554475
0.557575
0.557850
0.566050
0.568275
0.579450
0.581175
0.586175
0.588250
0.588500
0.593400
0.596100
0.604500
0.607675
0.611200
0.611425
0.617375
0.618650
0.627175
0.631575
0.633275
0.635475
0.639425
0.643225
0.647875
0.663150
0.665500
0.665750
0.677350
0.681050
0.682925
0.683375
0.687025
0.694125
0.704650
0.709375
0.716475
0.717200
0.731200
0.736450
0.746475
0.752100
0.754700
0.759025
0.762325
0.762675
0.768850
0.791025
0.798100
0.800125
0.801725
0.808850
0.810025
0.810150
0.818300
0.818450
0.836950
0.837850
0.838150
0.841175
0.848300
0.871025
0.886050
0.886350
0.889900
0.891375
0.894025
0.896500
0.910400
0.913650
0.925525
0.927125
0.930050
0.944150
0.954700
0.956525
1.017425
1.019825
1.023175
1.029925
1.058525
1.061650
1.067525
1.072400
1.076825
1.082125
1.084975
1.099850
1.108950
1.113000
1.113225
1.143325
1.152800
1.175375
1.192925
1.201925
1.214300
1.216800
1.218300
1.262500
1.273250
1.299700
1.323925
1.326200
1.395675
1.399700
1.405775
1.408650
1.419225
1.433975
1.450275
1.458625
1.487200
1.501575
1.592825
1.624050
1.660875
1.684275
1.739875
1.766575
1.799050
1.822375
1.834000
2.163425
2.257525
2.397350
2.466225
244
