0.005650
0.006050
0.008050
0.009575
0.011125
0.029100
0.032000
0.037875
0.038000
0.043625
0.047325
0.052825
0.053700
0.061350
0.063325
0.069275
0.070475
0.070775
0.082225
0.089050
0.091100
0.092775
0.097700
0.098075
0.099325
0.101125
0.102825
0.111225
0.112400
0.114750
0.117200
0.118450
0.120875
0.122275
0.124650
0.129400
0.140050
0.142125
0.142925
0.152225
0.162850
0.164325
0.165300
0.171800
0.175825
0.176550
0.180375
0.197675
0.202750
0.206200
0.209225
0.209350
0.213625
0.225350
0.227475
0.238275
0.243375
0.247750
0.253150
0.254025
0.258100
0.260950
0.273175
0.274375
0.287475
0.292225
0.294425
0.295775
0.302025
0.303800
0.309850
0.312500
0.316300
0.322200
0.323125
0.332525
0.335000
0.336100
0.336625
0.339275
0.339850
0.344025
0.350625
0.353450
0.358625
0.367325
0.372675
0.375400
0.382975
0.384325
0.389275
0.394350
0.400800
0.403525
0.404775
0.415050
0.419200
0.421675
0.422925
0.423300
0.424350
0.425925
0.432175
0.434575
0.437850
0.439125
0.450175
0.457025
0.462100
0.469025
0.470925
0.473175
0.474650
0.476550
0.476675
0.477600
0.478325
0.479025
0.479625
0.480250
0.481850
0.485400
0.497500
0.498125
0.505850
0.525150
0.529075
0.531075
0.533825
0.536275
0.538900
0.542250
0.544875
0.545925
0.573125
0.576925
0.582125
0.586975
0.587600
0.588200
0.593200
0.593725
0.598925
0.599350
0.601750
0.605925
0.607200
0.611550
0.613675
0.615525
0.615700
0.618800
0.622175
0.623050
0.624950
0.630025
0.634375
0.636450
0.637050
0.644000
0.645450
0.650225
0.652900
0.656125
0.662500
0.665825
0.666675
0.679250
0.683725
0.697025
0.699350
0.699625
0.700175
0.707525
0.708700
0.709525
0.711450
0.713025
0.720050
0.721400
0.723925
0.739175
0.740150
0.742650
0.743400
0.750700
0.754075
0.762300
0.782525
0.787350
0.792200
0.809050
0.822300
0.824375
0.826500
0.828125
0.830800
0.832575
0.839725
0.846850
0.852750
0.857350
0.865975
0.866150
0.866325
0.870175
0.877200
0.891175
0.893150
0.902225
0.930875
0.939550
0.965800
0.967050
0.988275
0.993250
0.999225
1.009425
1.011200
1.016250
1.032275
1.036700
1.067350
1.087650
1.088600
1.104525
1.130775
1.136075
1.136925
1.142675
1.174550
1.177575
1.183875
1.184225
1.184825
1.189125
1.190975
1.195100
1.214825
1.229600
1.233200
1.274875
1.303950
1.312550
1.364250
1.383425
1.393500
1.465650
1.582800
1.618525
1.691050
1.701800
1.738750
1.748300
1.769175
1.816700
1.983800
2.043100
2.143050
2.236975
2.355975
2.431950
262
