0.003375
0.003825
0.009850
0.021075
0.023025
0.023025
0.026700
0.031700
0.039825
0.041625
0.049175
0.052050
0.052775
0.058825
0.060625
0.060900
0.062875
0.070700
0.071850
0.075325
0.077675
0.082075
0.091350
0.094975
0.097475
0.100125
0.101175
0.102050
0.110200
0.110750
0.121375
0.128375
0.130800
0.131525
0.134350
0.148000
0.148200
0.148650
0.156075
0.161525
0.173800
0.175950
0.176700
0.177400
0.182925
0.188375
0.195725
0.199525
0.201900
0.206500
0.206875
0.211375
0.212600
0.213975
0.216150
0.221750
0.226075
0.231850
0.232200
0.234350
0.234900
0.235600
0.237025
0.237350
0.238500
0.239425
0.261825
0.262250
0.263425
0.263900
0.277850
0.278275
0.278400
0.289700
0.294825
0.302200
0.305675
0.309425
0.309825
0.311250
0.323150
0.331075
0.331375
0.332575
0.336525
0.339400
0.339475
0.340600
0.343175
0.343875
0.348325
0.348325
0.352800
0.354425
0.358425
0.377725
0.378650
0.380225
0.380650
0.385875
0.385975
0.393400
0.397600
0.413825
0.415675
0.422775
0.423725
0.426375
0.429175
0.441100
0.442950
0.450050
0.456575
0.457575
0.463675
0.465450
0.470425
0.480875
0.483150
0.484425
0.484450
0.498350
0.505850
0.517500
0.518550
0.523950
0.543350
0.544325
0.547350
0.548125
0.552000
0.557025
0.559075
0.560200
0.561350
0.565200
0.569100
0.571675
0.573725
0.574575
0.576875
0.577250
0.577650
0.595325
0.606575
0.614350
0.617250
0.632900
0.634725
0.637200
0.637200
0.644800
0.651725
0.657700
0.659625
0.660775
0.664775
0.676750
0.680650
0.689050
0.701275
0.703625
0.705325
0.706450
0.716850
0.720825
0.725525
0.727950
0.733900
0.738400
0.743325
0.748200
0.749475
0.754175
0.760425
0.763275
0.764200
0.768875
0.770550
0.772500
0.774850
0.775950
0.775975
0.777975
0.791050
0.793825
0.795950
0.797250
0.800325
0.802625
0.805200
0.806125
0.811000
0.811400
0.817125
0.818475
0.819250
0.827850
0.831225
0.834750
0.850500
0.853100
0.854600
0.857250
0.857300
0.861200
0.861525
0.877025
0.884650
0.890525
0.890550
0.900175
0.904875
0.919700
0.923550
0.928075
0.928700
0.932275
0.942325
0.946850
0.951150
0.952000
0.988650
0.995100
1.004825
1.009100
1.061150
1.066625
1.067700
1.084075
1.087325
1.093900
1.109350
1.122175
1.122200
1.161450
1.164275
1.182275
1.182950
1.212575
1.224075
1.224775
1.238425
1.247050
1.248250
1.281250
1.300250
1.308575
1.336275
1.336575
1.337000
1.351075
1.354700
1.372275
1.372300
1.376000
1.387150
1.396525
1.462750
1.467800
1.477800
1.551150
1.569675
1.578025
1.580875
1.601525
1.606275
1.638125
1.692925
1.739950
1.907700
2.318125
272
