0.001500
0.006025
0.012450
0.015350
0.020100
0.020175
0.024600
0.026550
0.027400
0.032625
0.032900
0.038075
0.044875
0.049475
0.052500
0.053375
0.070075
0.072050
0.080250
0.080500
0.084100
0.085750
0.088200
0.092225
0.096700
0.097475
0.102050
0.107125
0.110450
0.112250
0.114700
0.116675
0.116900
0.124350
0.130600
0.131450
0.132075
0.133575
0.138950
0.145000
0.156275
0.165450
0.165950
0.169025
0.184500
0.185125
0.187825
0.202350
0.212825
0.217275
0.217825
0.222825
0.224775
0.231075
0.234400
0.235025
0.248525
0.255375
0.259025
0.264625
0.270800
0.271075
0.275225
0.280575
0.282200
0.290975
0.295325
0.298850
0.304925
0.308925
0.316375
0.328625
0.329200
0.335475
0.338875
0.339850
0.342000
0.342425
0.348300
0.349925
0.357775
0.369800
0.374650
0.375425
0.376325
0.378300
0.393475
0.401675
0.404300
0.427475
0.429300
0.429625
0.436950
0.440950
0.446425
0.452200
0.457525
0.459500
0.460725
0.462850
0.466975
0.477250
0.480425
0.482550
0.485700
0.489700
0.491075
0.495025
0.497050
0.502475
0.503525
0.510175
0.510400
0.514625
0.525525
0.526125
0.534175
0.538900
0.541075
0.544850
0.545850
0.546900
0.555950
0.567250
0.574075
0.580950
0.585400
0.595750
0.605600
0.619650
0.626925
0.640450
0.642525
0.644100
0.649625
0.658275
0.660875
0.662625
0.665775
0.685200
0.688200
0.691100
0.694925
0.703600
0.715450
0.720925
0.728900
0.729725
0.731500
0.732325
0.736650
0.738250
0.738375
0.739300
0.762075
0.765550
0.772300
0.773975
0.784650
0.790175
0.801850
0.814275
0.818725
0.823225
0.827875
0.828275
0.828425
0.830825
0.834825
0.838575
0.839550
0.845075
0.845650
0.877425
0.887250
0.888150
0.888225
0.890400
0.900075
0.904225
0.910875
0.912350
0.913550
0.915275
0.928500
0.931575
0.945750
0.957575
0.960525
0.961500
0.966125
0.968575
0.971225
0.972375
1.000950
1.014625
1.017225
1.019300
1.020550
1.020800
1.022500
1.023300
1.035200
1.041275
1.064550
1.071275
1.071725
1.105625
1.113400
1.119550
1.156675
1.158300
1.179025
1.189800
1.212825
1.214100
1.215925
1.217925
1.252175
1.276450
1.279025
1.285650
1.298125
1.330250
1.336150
1.342100
1.367450
1.399300
1.410275
1.420950
1.431900
1.454250
1.478225
1.504650
1.508375
1.541750
1.543025
1.545075
1.581750
1.648900
1.708650
1.795850
1.971800
2.020200
2.179475
2.186800
2.201800
2.407225
248
