0.009625
0.012075
0.013325
0.020875
0.028800
0.038825
0.043625
0.044175
0.048625
0.049475
0.054125
0.054975
0.057375
0.062200
0.065675
0.065775
0.069275
0.070050
0.074750
0.079775
0.084050
0.084375
0.094675
0.096950
0.114075
0.117500
0.122475
0.126925
0.126950
0.127125
0.127900
0.129700
0.136575
0.143550
0.149550
0.154000
0.155950
0.157150
0.166500
0.171275
0.177025
0.177650
0.179500
0.184850
0.187750
0.188925
0.193775
0.198425
0.203225
0.205150
0.206700
0.214325
0.220375
0.221400
0.222275
0.223650
0.223700
0.229550
0.231850
0.237500
0.238950
0.240225
0.242550
0.243050
0.243575
0.251425
0.253275
0.253275
0.254275
0.266325
0.273725
0.276825
0.295050
0.295850
0.308125
0.310725
0.312100
0.318450
0.321300
0.322050
0.325375
0.328725
0.337600
0.343575
0.345800
0.346650
0.347075
0.348825
0.350175
0.351875
0.355350
0.362800
0.367000
0.373450
0.373975
0.381725
0.389875
0.393475
0.395775
0.399450
0.409400
0.410425
0.410650
0.410700
0.429800
0.430025
0.433725
0.435175
0.442725
0.446075
0.446725
0.455550
0.456250
0.457650
0.466500
0.470275
0.472900
0.475525
0.482325
0.483075
0.485475
0.489650
0.492325
0.495250
0.496025
0.513650
0.522450
0.524175
0.525500
0.529300
0.532425
0.535025
0.537075
0.549925
0.555375
0.560250
0.560700
0.562800
0.578475
0.581775
0.582975
0.590400
0.604175
0.604675
0.610750
0.640775
0.641975
0.646150
0.655950
0.658025
0.659325
0.668350
0.672850
0.673075
0.675525
0.680300
0.693225
0.700775
0.702650
0.704475
0.712150
0.722000
0.723975
0.726900
0.730375
0.731300
0.742125
0.744650
0.765125
0.777975
0.781100
0.796550
0.800225
0.814000
0.816875
0.817500
0.820200
0.824500
0.828525
0.832175
0.839400
0.843050
0.846500
0.851750
0.853350
0.871400
0.890375
0.905375
0.910450
0.911925
0.916150
0.950800
0.953225
0.954250
0.971225
0.981550
0.990050
0.992875
0.994525
0.997500
1.003350
1.049975
1.111325
1.123925
1.129225
1.133800
1.143025
1.146750
1.150550
1.180825
1.201250
1.201325
1.239975
1.257850
1.288275
1.288525
1.304625
1.332750
1.334150
1.350800
1.354825
1.382925
1.426150
1.441275
1.445450
1.447225
1.454850
1.455750
1.458450
1.458950
1.550725
1.566050
1.597375
1.732275
1.786425
1.799600
1.897100
2.147650
238
