0.000675
0.012325
0.013500
0.015625
0.021850
0.022450
0.027525
0.029475
0.033075
0.034100
0.047500
0.050075
0.059400
0.059750
0.059850
0.065025
0.065650
0.067875
0.074200
0.085200
0.088675
0.091575
0.094175
0.095975
0.097925
0.102175
0.113925
0.118400
0.123400
0.124400
0.125025
0.129625
0.134950
0.138825
0.139525
0.143125
0.151200
0.152900
0.159275
0.162475
0.172700
0.179400
0.180850
0.191100
0.191400
0.204250
0.218375
0.220475
0.228025
0.229300
0.232400
0.233200
0.233200
0.236975
0.239650
0.250250
0.250425
0.250525
0.251575
0.266800
0.285375
0.291150
0.294175
0.297375
0.297400
0.312925
0.313025
0.318500
0.318900
0.323125
0.333125
0.343975
0.350675
0.354800
0.368775
0.390825
0.412125
0.413875
0.423100
0.424900
0.429375
0.429775
0.439300
0.441125
0.441275
0.443125
0.444025
0.445300
0.451350
0.456175
0.458375
0.460775
0.461150
0.465100
0.467625
0.485150
0.493650
0.500575
0.504825
0.516900
0.516950
0.538375
0.543400
0.546450
0.548700
0.550275
0.550725
0.550875
0.551900
0.563800
0.568475
0.569950
0.574075
0.576050
0.579650
0.580075
0.584825
0.591450
0.594675
0.599525
0.603150
0.605200
0.605900
0.606000
0.619375
0.619675
0.626800
0.627500
0.629675
0.633875
0.636175
0.642275
0.648675
0.648900
0.650375
0.655975
0.658050
0.670350
0.672000
0.673850
0.674275
0.674925
0.675325
0.685225
0.688300
0.689800
0.692125
0.692625
0.700225
0.700550
0.708675
0.713125
0.716775
0.724025
0.726025
0.728850
0.732125
0.740925
0.743625
0.749425
0.753000
0.753300
0.753600
0.755900
0.758250
0.787325
0.792150
0.806425
0.809550
0.815200
0.816525
0.818775
0.820200
0.822475
0.824225
0.831925
0.834950
0.844325
0.855100
0.856625
0.864250
0.868825
0.883350
0.902775
0.903225
0.904125
0.912175
0.920575
0.923125
0.924000
0.924850
0.932625
0.936850
0.943475
0.943575
0.948250
0.979975
0.982100
0.984350
0.989150
1.007425
1.026175
1.027500
1.049425
1.066750
1.069675
1.076300
1.080150
1.083475
1.084225
1.099825
1.101425
1.103250
1.106925
1.117800
1.129125
1.166675
1.200975
1.216225
1.245175
1.253875
1.264825
1.266325
1.279900
1.335525
1.343975
1.421250
1.462000
1.483875
1.492650
1.494075
1.551425
1.552125
1.553325
1.605450
1.638075
1.708175
1.739200
1.779725
1.790075
1.961875
1.997425
2.003575
2.186450
2.252375
2.302475
2.347000
247
