0.003900
0.008375
0.009525
0.010175
0.014200
0.017100
0.019600
0.029175
0.033425
0.034300
0.035350
0.036275
0.037300
0.038300
0.038500
0.047600
0.050325
0.050850
0.059375
0.066900
0.067875
0.069325
0.073300
0.075000
0.075825
0.076075
0.078125
0.082275
0.083775
0.084100
0.090425
0.090700
0.094325
0.100050
0.101875
0.101875
0.102225
0.103075
0.104675
0.106075
0.107625
0.108500
0.120300
0.120325
0.125800
0.127475
0.131675
0.145600
0.154750
0.158150
0.162025
0.166950
0.179250
0.180200
0.181650
0.189100
0.189850
0.196025
0.199400
0.201275
0.201775
0.210000
0.214450
0.216600
0.221000
0.231825
0.234325
0.240150
0.243175
0.247550
0.250675
0.253200
0.261000
0.266675
0.267775
0.269400
0.276725
0.284875
0.286025
0.297800
0.297950
0.300300
0.302100
0.307650
0.309425
0.319625
0.328450
0.333675
0.335050
0.341225
0.343350
0.352350
0.371500
0.383125
0.385100
0.388175
0.388775
0.391325
0.396600
0.404125
0.416275
0.417875
0.424075
0.427450
0.435875
0.439350
0.439475
0.454000
0.456425
0.478450
0.478925
0.479525
0.481850
0.482300
0.487400
0.488400
0.488925
0.498025
0.501025
0.503075
0.505275
0.506250
0.509200
0.511525
0.516475
0.529900
0.530950
0.540900
0.541400
0.553050
0.557200
0.562800
0.564750
0.581500
0.589225
0.591800
0.595750
0.604900
0.605625
0.607350
0.620675
0.635875
0.638100
0.645850
0.646300
0.647850
0.652175
0.667875
0.670975
0.674075
0.677700
0.700475
0.709150
0.711075
0.718075
0.721925
0.723325
0.726250
0.730525
0.739350
0.740350
0.746425
0.748275
0.749725
0.757075
0.760950
0.762175
0.763325
0.772000
0.772700
0.775300
0.777050
0.784600
0.794475
0.798400
0.804500
0.811150
0.826500
0.833050
0.840800
0.842100
0.845025
0.858875
0.870325
0.872375
0.875425
0.878625
0.882725
0.884500
0.892875
0.894775
0.909150
0.917025
0.922825
0.933350
0.937600
0.947725
0.953150
0.953900
0.955525
0.965825
0.967750
0.969950
0.972550
0.988525
0.991625
0.992325
1.009225
1.012825
1.018150
1.019650
1.021725
1.038525
1.038950
1.041950
1.047875
1.058400
1.087825
1.091475
1.104600
1.111125
1.133000
1.146100
1.151000
1.193650
1.195900
1.266750
1.272925
1.284400
1.288275
1.298225
1.305250
1.310225
1.314025
1.320750
1.332825
1.349875
1.387800
1.434775
1.439300
1.447775
1.453025
1.481375
1.492300
1.537550
1.542775
1.550950
1.620100
1.765875
1.785975
1.814850
1.859450
2.107900
2.264825
2.282925
2.295975
256
