0.011050
0.015750
0.016700
0.016950
0.021550
0.034975
0.041275
0.043600
0.060075
0.062075
0.063800
0.067975
0.069075
0.076800
0.077250
0.079375
0.082775
0.082850
0.095600
0.100200
0.105900
0.106425
0.110050
0.112025
0.114000
0.115650
0.123150
0.129425
0.132575
0.135075
0.141825
0.158600
0.161700
0.161875
0.163075
0.171825
0.185200
0.186050
0.190775
0.193675
0.194025
0.198600
0.200100
0.200700
0.212250
0.215100
0.216250
0.217225
0.219925
0.222200
0.234975
0.239825
0.241400
0.246250
0.246250
0.249550
0.250675
0.254800
0.258475
0.262850
0.267950
0.275925
0.277075
0.277425
0.284350
0.287550
0.297450
0.298025
0.302125
0.304700
0.305825
0.311375
0.312000
0.317700
0.325325
0.327075
0.332900
0.336975
0.342300
0.351000
0.370425
0.372600
0.375825
0.386000
0.391225
0.397250
0.401225
0.403875
0.404225
0.404750
0.405375
0.409325
0.412025
0.417225
0.426200
0.440775
0.443825
0.445500
0.448500
0.449800
0.462900
0.470700
0.474100
0.480350
0.481900
0.484225
0.486700
0.488475
0.491400
0.492000
0.497200
0.500600
0.501750
0.502475
0.502775
0.508775
0.512550
0.515375
0.515425
0.519100
0.520925
0.529025
0.529325
0.531000
0.541925
0.542175
0.544500
0.544975
0.548275
0.551675
0.552550
0.555550
0.558000
0.559325
0.564350
0.566250
0.566300
0.570475
0.574425
0.574975
0.575175
0.581250
0.581575
0.583675
0.594800
0.605050
0.606550
0.629025
0.631200
0.633050
0.637150
0.648825
0.649850
0.650175
0.656450
0.659175
0.667375
0.667650
0.672025
0.677175
0.681700
0.687175
0.690375
0.690725
0.691525
0.693225
0.693750
0.701325
0.710325
0.723125
0.725650
0.730750
0.740175
0.741500
0.751375
0.770775
0.772325
0.775250
0.777150
0.789225
0.789250
0.791200
0.793100
0.805950
0.810875
0.815225
0.815800
0.816825
0.819300
0.823900
0.827750
0.829200
0.838300
0.843950
0.849975
0.850150
0.852525
0.859550
0.868750
0.878300
0.882650
0.889550
0.896225
0.896750
0.898925
0.899725
0.906500
0.917100
0.927500
0.927875
0.929025
0.935700
0.938425
0.952125
0.955575
0.963500
0.966075
0.966450
0.972600
0.977450
0.979125
0.991450
0.993850
0.997375
1.006700
1.009050
1.010000
1.024725
1.024750
1.030600
1.034225
1.035475
1.047500
1.052050
1.052300
1.054425
1.063250
1.063925
1.067950
1.073400
1.086275
1.128400
1.148425
1.172750
1.201025
1.201125
1.216675
1.239025
1.241925
1.243500
1.289250
1.316800
1.375475
1.396150
1.401950
1.422100
1.424000
1.426075
1.440725
1.464225
1.486500
1.574775
1.595675
1.849225
1.889400
2.007600
2.114625
2.138650
2.226600
2.310925
2.335800
271
