0.017175
0.017225
0.018625
0.024400
0.034325
0.048600
0.050275
0.058000
0.064850
0.072775
0.078375
0.085850
0.103600
0.106375
0.106450
0.107625
0.118200
0.118275
0.119300
0.121475
0.123375
0.131250
0.138850
0.149650
0.151125
0.158400
0.165525
0.168725
0.188500
0.189250
0.190725
0.202975
0.207725
0.210625
0.215650
0.226450
0.230525
0.230925
0.232450
0.236975
0.245800
0.247375
0.248575
0.255950
0.266575
0.272625
0.274750
0.278125
0.282850
0.283550
0.283675
0.285275
0.289775
0.289900
0.299100
0.305075
0.308525
0.313175
0.313900
0.317975
0.318975
0.324075
0.325975
0.332900
0.333475
0.350925
0.356200
0.357675
0.359800
0.366550
0.368725
0.371625
0.379550
0.380275
0.385150
0.389575
0.402550
0.403700
0.405900
0.411525
0.419800
0.422625
0.426525
0.433775
0.434975
0.435600
0.436225
0.436550
0.438050
0.440850
0.442875
0.446575
0.447750
0.450150
0.452200
0.452650
0.463650
0.464175
0.466925
0.476500
0.479350
0.479700
0.487925
0.499600
0.499650
0.503725
0.505900
0.545125
0.550900
0.552125
0.554875
0.560675
0.560775
0.566075
0.567950
0.569875
0.571000
0.574275
0.576350
0.589650
0.595925
0.596075
0.597450
0.599275
0.602750
0.603975
0.612025
0.612225
0.613350
0.613500
0.621525
0.625150
0.627100
0.628700
0.636150
0.636825
0.645800
0.647675
0.653275
0.663675
0.664925
0.669275
0.670450
0.671775
0.672900
0.679050
0.682500
0.685375
0.689725
0.698200
0.699625
0.704550
0.706050
0.722625
0.729050
0.733050
0.738125
0.762600
0.769275
0.769575
0.790400
0.791600
0.795125
0.796000
0.802600
0.803400
0.810400
0.814125
0.815425
0.819050
0.821150
0.821250
0.836475
0.844675
0.845200
0.848075
0.864875
0.865425
0.870625
0.875350
0.878125
0.880900
0.889450
0.890025
0.897125
0.897625
0.898925
0.903950
0.916925
0.919550
0.926450
0.929475
0.947350
0.949525
0.954100
0.954375
0.955525
0.963350
0.981475
0.986350
0.989750
1.000625
1.004475
1.007525
1.012250
1.012925
1.013600
1.031100
1.031600
1.036525
1.054575
1.072225
1.073875
1.077425
1.080050
1.081275
1.088025
1.088700
1.106900
1.118050
1.118100
1.120400
1.123775
1.138875
1.147900
1.151750
1.153725
1.159025
1.161050
1.190800
1.211475
1.255675
1.268775
1.269600
1.288350
1.306200
1.326075
1.352050
1.398275
1.425175
1.435225
1.489225
1.504300
1.520925
1.563925
1.583200
1.656000
1.696200
1.802600
1.824000
1.900150
1.951600
1.977825
2.357925
2.381225
255
