0.007125
0.008350
0.017350
0.020725
0.021725
0.031625
0.040400
0.043000
0.044800
0.045000
0.047525
0.049575
0.050125
0.057975
0.059750
0.068575
0.071775
0.076600
0.084700
0.084800
0.085325
0.097000
0.101550
0.103675
0.104825
0.109200
0.110425
0.114250
0.121150
0.128000
0.130325
0.139850
0.140375
0.142625
0.148925
0.154775
0.155675
0.158000
0.159400
0.170575
0.172775
0.177475
0.179150
0.183025
0.185275
0.194550
0.198400
0.210175
0.215200
0.219525
0.223200
0.223475
0.233725
0.234475
0.238100
0.240000
0.242800
0.243000
0.248450
0.249700
0.253250
0.256100
0.257300
0.258250
0.263475
0.272025
0.279750
0.294450
0.297175
0.301250
0.302300
0.302450
0.309025
0.315875
0.317600
0.324925
0.329400
0.330650
0.338700
0.340250
0.346400
0.350825
0.351000
0.357550
0.357675
0.359850
0.360975
0.363725
0.364675
0.370275
0.388075
0.390075
0.392725
0.393475
0.403475
0.405450
0.418825
0.420375
0.433225
0.437025
0.439025
0.452600
0.453075
0.463050
0.474150
0.476875
0.478650
0.480750
0.489400
0.490100
0.491450
0.497200
0.499375
0.499725
0.500475
0.502700
0.503975
0.505600
0.510600
0.525875
0.525900
0.526625
0.528775
0.533025
0.536725
0.537300
0.540400
0.551725
0.556950
0.559225
0.564350
0.572050
0.573025
0.580775
0.580975
0.587450
0.598975
0.602975
0.604000
0.606225
0.607150
0.613125
0.615325
0.616800
0.617475
0.621025
0.622675
0.635350
0.635650
0.637325
0.640900
0.641000
0.644550
0.652025
0.654400
0.658400
0.667025
0.670200
0.674150
0.674500
0.683075
0.693650
0.700625
0.707825
0.712675
0.714325
0.714750
0.730400
0.733750
0.747650
0.751575
0.756550
0.757050
0.763575
0.775250
0.783575
0.786525
0.791650
0.793100
0.794075
0.798225
0.799400
0.801500
0.812075
0.812900
0.825075
0.827825
0.830475
0.831650
0.838275
0.842125
0.845900
0.848600
0.866875
0.869575
0.874200
0.875625
0.877950
0.902275
0.908150
0.911075
0.913025
0.937325
0.937500
0.942200
0.962850
0.975125
0.987500
1.005325
1.013300
1.015925
1.024750
1.033225
1.034050
1.034675
1.044175
1.052175
1.059225
1.063775
1.064075
1.077850
1.087050
1.114350
1.121825
1.125625
1.144850
1.149625
1.165250
1.171850
1.179175
1.179475
1.188775
1.212125
1.212875
1.228775
1.237900
1.250425
1.256375
1.271450
1.277150
1.301675
1.307850
1.309200
1.320650
1.321525
1.330550
1.365975
1.378325
1.419775
1.432300
1.456075
1.479425
1.529375
1.535300
1.596025
1.612375
1.657775
1.674325
1.675225
1.745650
1.831200
1.946400
1.954600
1.971325
1.976100
2.024675
2.300625
2.343250
2.345700
2.360450
270
