0.004575
0.012600
0.013775
0.022575
0.030375
0.036450
0.037725
0.038275
0.040800
0.041100
0.048875
0.052000
0.054425
0.058025
0.059675
0.070400
0.079250
0.079775
0.085000
0.086350
0.087075
0.095150
0.096300
0.102625
0.105200
0.108750
0.114125
0.115250
0.118800
0.121575
0.123600
0.132400
0.133350
0.134025
0.142550
0.145750
0.148650
0.166375
0.172700
0.172725
0.181850
0.189025
0.197925
0.206450
0.209750
0.210275
0.223175
0.223750
0.227225
0.231975
0.237275
0.244275
0.252225
0.255475
0.262100
0.264225
0.270825
0.277000
0.281375
0.288125
0.307725
0.312125
0.320600
0.329225
0.334625
0.335125
0.335500
0.338400
0.342125
0.343675
0.352700
0.356750
0.365825
0.369575
0.377150
0.381350
0.397525
0.399550
0.402925
0.405200
0.411375
0.413500
0.414800
0.416850
0.419850
0.427350
0.435300
0.435850
0.441750
0.444750
0.451825
0.457250
0.457500
0.461150
0.468650
0.470175
0.473300
0.490625
0.497750
0.514425
0.518625
0.523475
0.524975
0.533075
0.533750
0.535900
0.538425
0.541875
0.547700
0.550350
0.567100
0.590150
0.596400
0.598450
0.599675
0.599800
0.605675
0.614925
0.625600
0.626225
0.627000
0.633725
0.635175
0.635475
0.636400
0.641400
0.646075
0.652875
0.655975
0.657600
0.666100
0.670850
0.682500
0.683375
0.683675
0.687275
0.696050
0.699975
0.712050
0.719175
0.722000
0.725525
0.730575
0.732125
0.732125
0.732950
0.733750
0.734375
0.735525
0.736175
0.738500
0.741200
0.743650
0.744675
0.747125
0.751350
0.752675
0.752775
0.755975
0.768125
0.802200
0.812425
0.813250
0.831650
0.835625
0.845075
0.865950
0.866900
0.867450
0.882100
0.884375
0.885100
0.887425
0.891600
0.906075
0.909650
0.919800
0.920325
0.929225
0.945875
0.946100
0.946350
0.951225
0.957900
0.968475
0.977800
0.981175
0.985050
0.997050
1.022475
1.028550
1.047950
1.056975
1.061225
1.066975
1.082700
1.083525
1.096375
1.108025
1.108350
1.130350
1.175775
1.196200
1.199850
1.202125
1.211300
1.218950
1.269375
1.295950
1.304725
1.322775
1.334725
1.345450
1.374400
1.406425
1.467525
1.476500
1.505775
1.515825
1.660675
1.662650
1.719550
1.729550
1.755000
1.790950
1.792650
1.876225
1.882525
1.905200
1.921225
1.926175
2.082150
2.092500
2.102100
2.226300
235
