0.000675
0.013300
0.024950
0.030725
0.039950
0.046775
0.052350
0.054375
0.062050
0.062300
0.069775
0.080950
0.081050
0.082200
0.086600
0.087975
0.096100
0.097925
0.101700
0.102475
0.103475
0.111175
0.111825
0.119450
0.120825
0.121500
0.123000
0.123500
0.130875
0.133425
0.151325
0.151525
0.152800
0.159125
0.160400
0.162500
0.163300
0.164800
0.168500
0.170600
0.173550
0.183200
0.192175
0.193800
0.199325
0.224900
0.240100
0.244350
0.247475
0.254150
0.258900
0.266050
0.268600
0.268675
0.268850
0.271275
0.282025
0.289425
0.289650
0.290175
0.290950
0.295225
0.297800
0.300525
0.305550
0.309250
0.310850
0.312225
0.316950
0.331975
0.335875
0.337025
0.345450
0.351325
0.353775
0.357325
0.361175
0.371025
0.374275
0.389650
0.396800
0.397100
0.398350
0.401175
0.404925
0.407950
0.408175
0.410025
0.412375
0.415275
0.419650
0.431475
0.436475
0.439225
0.446400
0.448675
0.450500
0.453650
0.454225
0.458700
0.459025
0.460100
0.461200
0.466125
0.467925
0.480475
0.495400
0.502150
0.506900
0.508525
0.514375
0.514850
0.523175
0.524700
0.527700
0.532550
0.538100
0.540275
0.547200
0.553800
0.554875
0.584050
0.585150
0.587250
0.587350
0.588375
0.589450
0.592800
0.596025
0.600250
0.607250
0.615975
0.619150
0.619975
0.624100
0.630125
0.632300
0.634000
0.634525
0.639375
0.640300
0.641950
0.653525
0.658200
0.661200
0.668525
0.669825
0.671850
0.672750
0.672750
0.679525
0.681950
0.691350
0.692875
0.708150
0.714350
0.716150
0.723175
0.723725
0.736425
0.738800
0.745050
0.747775
0.750550
0.754625
0.763825
0.764100
0.768150
0.773350
0.774025
0.779025
0.779175
0.783250
0.783400
0.784575
0.788125
0.792400
0.805600
0.811700
0.814150
0.817675
0.819600
0.822500
0.839775
0.841025
0.842125
0.842925
0.843425
0.868650
0.869650
0.874800
0.899200
0.903425
0.905825
0.906175
0.924050
0.925350
0.928575
0.928775
0.935650
0.945475
0.946100
0.953625
0.959100
0.971325
0.983750
0.993325
0.993625
1.012975
1.019875
1.032400
1.049625
1.058350
1.074725
1.075100
1.098975
1.106625
1.113950
1.128900
1.181175
1.210650
1.210850
1.211075
1.212325
1.232750
1.268150
1.277025
1.279000
1.283350
1.295575
1.306525
1.336075
1.392550
1.429025
1.472025
1.529450
1.572700
1.594175
1.596050
1.620725
1.650025
1.671600
1.733450
1.733975
1.751900
1.795150
1.862350
1.867100
1.880275
1.904600
2.071175
2.172050
2.228425
2.484925
254
