0.000425
0.003425
0.003775
0.007550
0.015375
0.019975
0.021500
0.025425
0.028900
0.037525
0.054250
0.054750
0.059725
0.063625
0.063850
0.064350
0.067475
0.067950
0.069350
0.075725
0.077700
0.083050
0.088350
0.093875
0.098375
0.101625
0.110775
0.111900
0.114100
0.119050
0.126950
0.127350
0.136650
0.139450
0.140000
0.150650
0.151225
0.157450
0.158200
0.160550
0.164450
0.164575
0.164925
0.176875
0.181975
0.184550
0.187900
0.202325
0.206250
0.208100
0.215450
0.217100
0.217675
0.221625
0.230175
0.230450
0.231500
0.232900
0.249500
0.256500
0.257075
0.257425
0.261025
0.269475
0.277175
0.293025
0.293225
0.296750
0.298800
0.300225
0.300350
0.306575
0.306775
0.317575
0.323925
0.325075
0.345250
0.346050
0.347500
0.352425
0.369600
0.375250
0.377950
0.378925
0.380625
0.382500
0.385950
0.386700
0.394925
0.400725
0.404350
0.406900
0.410800
0.414400
0.419350
0.420400
0.429150
0.437750
0.438775
0.441225
0.442325
0.446150
0.450325
0.455300
0.467025
0.468400
0.474450
0.478150
0.479400
0.480175
0.485950
0.487725
0.493650
0.512675
0.522275
0.523475
0.529875
0.531200
0.535625
0.549425
0.549925
0.551125
0.556650
0.559750
0.564850
0.575500
0.582675
0.584700
0.587725
0.593400
0.599650
0.602450
0.603050
0.609125
0.609725
0.614400
0.620425
0.621825
0.625925
0.637000
0.638750
0.643075
0.643125
0.653200
0.673500
0.688350
0.688525
0.696225
0.697625
0.702800
0.703700
0.705500
0.709500
0.715450
0.725750
0.728100
0.729325
0.729400
0.740100
0.742325
0.745350
0.745525
0.746550
0.753450
0.756800
0.757800
0.760600
0.761250
0.764675
0.770475
0.774200
0.774525
0.775650
0.777775
0.779825
0.805425
0.811425
0.813250
0.814425
0.816675
0.817525
0.820150
0.821475
0.822025
0.822375
0.831800
0.834525
0.852800
0.863675
0.866075
0.868775
0.872075
0.876875
0.878925
0.886000
0.913825
0.920850
0.921800
0.926850
0.929375
0.929875
0.932650
0.940550
0.944050
0.954550
0.963075
0.963375
0.974950
0.985875
1.002275
1.004175
1.020575
1.028850
1.091200
1.091950
1.092150
1.093950
1.095350
1.098275
1.113425
1.118225
1.133100
1.137025
1.139175
1.140600
1.151700
1.167350
1.168625
1.176050
1.236525
1.243675
1.253225
1.264900
1.307300
1.312725
1.439600
1.444125
1.451075
1.479550
1.592025
1.600250
1.641175
1.790375
1.800250
1.825100
1.832825
1.856225
1.880350
1.984175
2.038375
2.049375
2.332675
252
