0.000675
0.004000
0.017850
0.024900
0.027425
0.030075
0.031100
0.032675
0.033025
0.036925
0.037275
0.037750
0.039700
0.045200
0.046925
0.054650
0.058275
0.061075
0.066225
0.069800
0.070400
0.077650
0.086325
0.090075
0.094525
0.094650
0.102475
0.105075
0.111000
0.114600
0.117600
0.122400
0.124975
0.125125
0.133075
0.134450
0.143250
0.143600
0.150450
0.154600
0.160575
0.167650
0.168700
0.171150
0.173475
0.179550
0.181000
0.185600
0.198075
0.214825
0.215175
0.217125
0.229325
0.232650
0.235750
0.238875
0.239750
0.243925
0.249925
0.253700
0.258725
0.265525
0.268625
0.270225
0.273050
0.273125
0.276725
0.278275
0.281325
0.281700
0.285925
0.287825
0.300300
0.305250
0.310250
0.316250
0.319975
0.330100
0.339925
0.346725
0.351575
0.356250
0.358600
0.362700
0.370950
0.372175
0.375750
0.395100
0.399850
0.402675
0.407725
0.413925
0.415000
0.418675
0.423025
0.434250
0.442275
0.449375
0.450550
0.451250
0.454750
0.455750
0.456925
0.458925
0.464425
0.472425
0.472900
0.475125
0.483550
0.485025
0.487825
0.489425
0.489475
0.491975
0.493825
0.499900
0.500400
0.502000
0.504075
0.511225
0.512825
0.533775
0.534350
0.543975
0.559750
0.560700
0.567650
0.568325
0.568725
0.572650
0.575675
0.579950
0.580150
0.580800
0.580875
0.582300
0.585900
0.590075
0.593175
0.593225
0.594350
0.600825
0.602550
0.607525
0.607775
0.617800
0.640350
0.640700
0.641050
0.643650
0.644200
0.646350
0.647050
0.651725
0.658625
0.663825
0.668875
0.670075
0.678925
0.679100
0.679450
0.687700
0.688100
0.693050
0.696750
0.700000
0.707200
0.715225
0.715550
0.721875
0.722025
0.733075
0.733900
0.734375
0.736175
0.743125
0.744025
0.749500
0.749800
0.749925
0.758350
0.761350
0.763000
0.765375
0.769825
0.773300
0.773925
0.773975
0.777725
0.780750
0.784250
0.784825
0.785900
0.787325
0.802475
0.811475
0.813925
0.830025
0.830625
0.843225
0.844175
0.854375
0.854775
0.866800
0.875650
0.889225
0.895000
0.895275
0.900650
0.907425
0.910675
0.919000
0.919625
0.926500
0.933275
0.933800
0.938425
0.939950
0.947925
0.958900
0.967050
0.967700
0.968575
0.973350
0.976300
0.993900
1.005450
1.014950
1.015375
1.025400
1.036825
1.050325
1.065275
1.077550
1.083925
1.092425
1.092850
1.098825
1.099025
1.100725
1.101775
1.110625
1.160425
1.186125
1.189300
1.195025
1.212975
1.218100
1.227425
1.240475
1.242600
1.249925
1.259725
1.260950
1.263925
1.268775
1.296725
1.299025
1.348150
1.414175
1.485200
1.531550
1.670300
1.716300
1.726075
1.766625
1.774200
1.865525
1.891575
1.919525
1.981250
2.038275
2.181875
2.469625
274
