0.001925
0.004175
0.008175
0.017650
0.033325
0.036525
0.037850
0.042525
0.051775
0.052525
0.054950
0.058225
0.059300
0.065175
0.070450
0.075225
0.082250
0.083475
0.088350
0.098325
0.098525
0.101725
0.102700
0.104050
0.109625
0.109750
0.116100
0.117300
0.120575
0.127475
0.129125
0.132525
0.141200
0.148825
0.152700
0.159325
0.160000
0.165575
0.168700
0.181425
0.182450
0.190375
0.197400
0.203575
0.204675
0.208000
0.210425
0.217450
0.220200
0.225425
0.227000
0.230075
0.234675
0.238625
0.248500
0.250000
0.254900
0.258850
0.266250
0.268550
0.269000
0.271650
0.272050
0.272650
0.274475
0.287700
0.287750
0.295225
0.296950
0.300950
0.301250
0.303400
0.304625
0.308075
0.309700
0.315500
0.323900
0.325475
0.333925
0.336600
0.351475
0.356825
0.368750
0.372250
0.372500
0.374400
0.387825
0.389875
0.405450
0.406325
0.408075
0.409050
0.412125
0.415350
0.416875
0.420525
0.425375
0.431200
0.437525
0.439700
0.449325
0.463150
0.464850
0.466325
0.478750
0.479600
0.491300
0.492050
0.492175
0.493900
0.495775
0.497550
0.501350
0.506925
0.508550
0.513825
0.518375
0.527025
0.527575
0.527650
0.529000
0.529775
0.531625
0.536225
0.538225
0.539800
0.550450
0.552250
0.552500
0.557700
0.566300
0.575000
0.580750
0.581675
0.587775
0.596725
0.597875
0.599150
0.601275
0.614800
0.616275
0.621025
0.624000
0.633825
0.633950
0.634850
0.637050
0.638075
0.640850
0.641275
0.642850
0.654800
0.664625
0.666250
0.667900
0.673100
0.676000
0.683950
0.694375
0.696575
0.705200
0.719875
0.722000
0.732250
0.736900
0.740275
0.741525
0.748125
0.753950
0.759725
0.777450
0.777675
0.779200
0.791575
0.795400
0.798225
0.801900
0.804075
0.807025
0.809575
0.836200
0.859275
0.860425
0.868525
0.880650
0.888325
0.896325
0.908025
0.909800
0.916400
0.926250
0.946075
0.948950
0.966525
0.969200
0.981400
0.982175
0.982225
0.998400
0.999775
1.019975
1.029225
1.041650
1.042250
1.056575
1.073625
1.074950
1.079275
1.099125
1.103750
1.116850
1.123725
1.125725
1.140750
1.191750
1.192775
1.199375
1.221750
1.224950
1.228925
1.232475
1.256875
1.276075
1.279800
1.304525
1.342675
1.351600
1.376650
1.402675
1.424375
1.424875
1.443050
1.447825
1.480400
1.482650
1.485025
1.509500
1.519950
1.541150
1.557775
1.658475
1.698100
1.718375
1.756475
1.845850
1.932350
2.104125
247
