0.004325
0.006225
0.006675
0.008750
0.009125
0.011025
0.012450
0.024050
0.025075
0.028900
0.031325
0.031800
0.042725
0.044700
0.046125
0.046875
0.049200
0.050800
0.056825
0.058750
0.067650
0.069500
0.071400
0.076000
0.082225
0.090800
0.092925
0.099200
0.106100
0.112000
0.112750
0.120575
0.125700
0.127975
0.132375
0.133150
0.139950
0.141475
0.142825
0.152450
0.167575
0.170100
0.173575
0.185125
0.187700
0.195550
0.195650
0.197775
0.198075
0.198100
0.205850
0.210975
0.214950
0.216600
0.218050
0.219325
0.220150
0.221350
0.225850
0.229800
0.234750
0.240350
0.247250
0.250750
0.250900
0.260925
0.262650
0.274475
0.276600
0.285250
0.285425
0.287925
0.290425
0.293050
0.293900
0.295750
0.296825
0.298225
0.305100
0.317625
0.320700
0.321375
0.321950
0.324500
0.327975
0.328500
0.334650
0.336625
0.340825
0.343525
0.352000
0.363725
0.370000
0.383250
0.385450
0.396925
0.404475
0.405350
0.414525
0.425850
0.427075
0.429000
0.431675
0.433725
0.434600
0.435550
0.440150
0.443425
0.449175
0.449925
0.454625
0.455300
0.463500
0.470225
0.470525
0.475750
0.476675
0.483900
0.502275
0.510650
0.518600
0.523725
0.523725
0.529300
0.533175
0.536575
0.536625
0.537925
0.538100
0.540975
0.547225
0.551900
0.557425
0.558100
0.561150
0.564025
0.564700
0.567900
0.568350
0.574800
0.579075
0.579175
0.583175
0.586350
0.587775
0.589725
0.598225
0.598600
0.607250
0.612700
0.613100
0.614675
0.614750
0.616300
0.631150
0.636775
0.644250
0.650200
0.652375
0.657425
0.659350
0.666125
0.670975
0.681950
0.685675
0.685900
0.691800
0.698775
0.701425
0.703500
0.706300
0.708225
0.721050
0.723525
0.732750
0.733650
0.737850
0.743700
0.744425
0.753600
0.760450
0.762225
0.776850
0.777225
0.782325
0.783325
0.784300
0.795125
0.801450
0.804575
0.809175
0.824100
0.825100
0.827675
0.836700
0.842575
0.845950
0.848275
0.848975
0.856775
0.889225
0.907800
0.911925
0.913525
0.914750
0.919000
0.928950
0.943250
0.945750
0.950700
0.954500
0.969725
0.972225
0.973250
0.988625
0.992500
1.011850
1.012625
1.026700
1.043625
1.073200
1.076225
1.089575
1.094400
1.100050
1.100075
1.106875
1.140600
1.178675
1.193600
1.194100
1.198125
1.206750
1.210275
1.226475
1.324250
1.328325
1.344025
1.346275
1.346825
1.386575
1.404575
1.425225
1.447400
1.469075
1.471875
1.539900
1.563800
1.570625
1.647525
1.801975
1.828075
1.978850
2.108825
2.290900
2.295350
2.301775
2.320100
258
