0.000825
0.006725
0.007075
0.007225
0.011425
0.016800
0.018700
0.019850
0.020125
0.026325
0.030075
0.032000
0.033050
0.033825
0.036375
0.038350
0.038600
0.041050
0.044450
0.046850
0.046850
0.048825
0.055950
0.058400
0.063900
0.091700
0.093275
0.099325
0.105925
0.113375
0.117650
0.123600
0.124175
0.124650
0.126475
0.133475
0.137375
0.139275
0.140000
0.144300
0.146900
0.151375
0.164650
0.173600
0.179625
0.181875
0.187475
0.188325
0.193675
0.203825
0.212325
0.214850
0.217800
0.226350
0.226625
0.228775
0.230300
0.230625
0.234275
0.249375
0.258525
0.265950
0.267100
0.274200
0.274725
0.281275
0.281475
0.284750
0.286225
0.288750
0.297825
0.305700
0.317375
0.319150
0.322275
0.329825
0.334000
0.334500
0.335900
0.340200
0.344475
0.345075
0.350325
0.363125
0.365625
0.368050
0.380300
0.389700
0.392200
0.394550
0.398075
0.404975
0.416575
0.417450
0.419725
0.421550
0.428375
0.433625
0.435850
0.436550
0.437700
0.450200
0.450300
0.452150
0.455500
0.466700
0.472675
0.475600
0.475675
0.479950
0.484875
0.488825
0.497475
0.499750
0.506700
0.516225
0.525200
0.527025
0.530950
0.532050
0.532725
0.540900
0.544975
0.549525
0.553375
0.553600
0.555075
0.564350
0.566400
0.572250
0.580125
0.585375
0.592300
0.595525
0.600900
0.603700
0.605600
0.606025
0.618925
0.621225
0.622725
0.623975
0.628450
0.631150
0.636375
0.652475
0.655550
0.655925
0.663275
0.665525
0.666150
0.672925
0.673400
0.677125
0.679100
0.691075
0.707650
0.708275
0.716575
0.720150
0.722525
0.727825
0.729850
0.737900
0.739925
0.748550
0.749025
0.749775
0.753025
0.754650
0.763725
0.773500
0.780575
0.784775
0.795225
0.796575
0.804050
0.806000
0.806425
0.813325
0.818025
0.844800
0.846300
0.854175
0.855375
0.858400
0.860150
0.861650
0.870050
0.877425
0.887275
0.893900
0.914200
0.920550
0.923075
0.931850
0.943650
0.946325
0.950625
0.955375
0.969550
0.970500
0.980025
0.999575
1.000125
1.018700
1.021975
1.024550
1.030700
1.030850
1.039475
1.039775
1.050875
1.077700
1.086650
1.101600
1.135900
1.146575
1.158575
1.220225
1.276275
1.358450
1.379650
1.384125
1.386400
1.396625
1.414000
1.422450
1.427800
1.448325
1.512750
1.533550
1.534425
1.537425
1.623825
1.729550
1.926575
2.012175
2.016950
2.193600
240
