0.007200
0.012075
0.015575
0.017375
0.025450
0.026350
0.027300
0.040200
0.054375
0.066025
0.073625
0.080325
0.085075
0.091225
0.091350
0.099150
0.101450
0.110450
0.112100
0.113225
0.114850
0.116925
0.117875
0.122700
0.124775
0.126025
0.133750
0.136425
0.138650
0.138975
0.150225
0.154100
0.156400
0.167300
0.167400
0.177075
0.179700
0.181350
0.184375
0.189625
0.189925
0.193500
0.195475
0.204800
0.209925
0.211775
0.214100
0.214350
0.227575
0.229400
0.235675
0.238100
0.246575
0.248050
0.248325
0.252300
0.259625
0.278450
0.280075
0.287375
0.292150
0.296775
0.311325
0.314700
0.319475
0.323850
0.327250
0.330850
0.332450
0.334750
0.336350
0.339775
0.344650
0.345125
0.349200
0.356000
0.362350
0.363875
0.369000
0.371550
0.383075
0.388400
0.389900
0.406300
0.406350
0.425000
0.425450
0.430025
0.431500
0.434325
0.436875
0.437450
0.451400
0.454600
0.457300
0.459025
0.459925
0.463050
0.472400
0.472500
0.474450
0.485900
0.488675
0.497325
0.499425
0.507225
0.509225
0.512150
0.512300
0.523175
0.526075
0.528300
0.548700
0.548900
0.552425
0.553350
0.568500
0.575750
0.582200
0.590800
0.594850
0.602750
0.615925
0.616775
0.617675
0.624875
0.626625
0.636200
0.637325
0.638650
0.640350
0.643700
0.647025
0.648825
0.661475
0.665800
0.675425
0.679300
0.681450
0.687275
0.690450
0.695600
0.701050
0.703625
0.704300
0.705600
0.709700
0.712300
0.713150
0.720275
0.728950
0.731475
0.737175
0.737575
0.738325
0.739025
0.744600
0.759425
0.760450
0.761100
0.778900
0.781425
0.784525
0.793775
0.795200
0.800225
0.805500
0.811175
0.819900
0.822575
0.823225
0.830050
0.832975
0.842675
0.850325
0.850400
0.866650
0.867475
0.869125
0.881475
0.881775
0.883175
0.891000
0.892825
0.894750
0.897750
0.912325
0.913425
0.924625
0.927325
0.951525
0.955025
0.961725
0.966425
0.968125
0.976600
0.982700
0.992625
0.993400
0.999950
1.011050
1.016200
1.027850
1.037950
1.040875
1.067450
1.089525
1.120525
1.121050
1.142050
1.147675
1.151900
1.161900
1.174400
1.201975
1.204350
1.212850
1.222450
1.234700
1.261450
1.269450
1.322325
1.332125
1.345525
1.378925
1.397750
1.413150
1.422475
1.429600
1.463300
1.481300
1.482425
1.486700
1.486875
1.501275
1.517850
1.579050
1.582625
1.597450
1.605425
1.634925
1.719550
1.782525
1.974175
2.081275
2.304250
2.413900
2.464425
248
