0.000775
0.002050
0.006900
0.012700
0.013700
0.017450
0.035775
0.039075
0.039375
0.049900
0.060775
0.064100
0.067150
0.070450
0.078100
0.080325
0.081175
0.081550
0.082200
0.083625
0.094050
0.097425
0.103175
0.115575
0.117150
0.125775
0.130500
0.142625
0.155800
0.176325
0.178050
0.178900
0.184825
0.189675
0.209275
0.210075
0.211425
0.214850
0.217175
0.225825
0.225975
0.234400
0.234700
0.234725
0.234825
0.236400
0.240925
0.244050
0.244575
0.257525
0.258425
0.263075
0.271225
0.273375
0.282875
0.292950
0.293625
0.296150
0.303325
0.308900
0.320725
0.329100
0.329650
0.336150
0.336725
0.337100
0.341050
0.343100
0.345725
0.347000
0.348600
0.352050
0.353925
0.359050
0.362700
0.364000
0.366725
0.366900
0.366975
0.367900
0.378925
0.387150
0.396275
0.400225
0.401000
0.401925
0.403225
0.404350
0.406800
0.406925
0.407775
0.407925
0.410900
0.416075
0.417800
0.427275
0.427800
0.427825
0.440400
0.440650
0.440800
0.442450
0.454150
0.454850
0.465975
0.475825
0.477900
0.480100
0.485200
0.492750
0.502175
0.504500
0.507650
0.510600
0.511975
0.514825
0.519825
0.519875
0.527975
0.533900
0.538825
0.546125
0.547600
0.547625
0.560350
0.561425
0.566900
0.572350
0.575475
0.576375
0.577050
0.577850
0.583750
0.587150
0.592825
0.595350
0.599750
0.600050
0.603525
0.605400
0.608425
0.608475
0.613000
0.613500
0.626000
0.628600
0.631325
0.639925
0.642825
0.646350
0.651150
0.652225
0.661625
0.673050
0.676550
0.678325
0.678875
0.679150
0.683800
0.693125
0.693525
0.696800
0.713625
0.714475
0.723275
0.729575
0.739375
0.743775
0.746650
0.750100
0.756550
0.756950
0.759850
0.759925
0.771100
0.773450
0.791350
0.798675
0.804350
0.815375
0.816050
0.829500
0.831425
0.833450
0.836800
0.843525
0.855625
0.860100
0.886125
0.888350
0.893600
0.897900
0.898725
0.904450
0.905075
0.910175
0.919000
0.922300
0.922350
0.933475
0.942100
0.943950
0.948425
0.954300
0.954700
0.955375
0.972525
0.975725
0.979375
0.995000
1.002725
1.003700
1.005250
1.005450
1.011500
1.044250
1.049075
1.051800
1.052975
1.080050
1.088125
1.092300
1.119375
1.142775
1.145725
1.146975
1.172400
1.182250
1.184625
1.216275
1.251175
1.261650
1.279250
1.303175
1.303750
1.313325
1.314650
1.327675
1.328925
1.363650
1.399675
1.416975
1.537925
1.543700
1.559025
1.576525
1.583125
1.626200
1.698625
1.807100
1.810375
1.937000
1.965625
2.177000
2.281400
255
