0.001775
0.002800
0.004875
0.005350
0.006200
0.009825
0.011200
0.012550
0.018375
0.025950
0.026900
0.028925
0.030475
0.030900
0.056550
0.060975
0.069200
0.081325
0.082025
0.082750
0.086925
0.088900
0.096525
0.101200
0.117575
0.120400
0.122150
0.124225
0.137275
0.137550
0.146325
0.160425
0.167225
0.167225
0.169925
0.185225
0.192925
0.195275
0.209575
0.214525
0.214875
0.215650
0.221525
0.231575
0.231900
0.236700
0.237025
0.238500
0.244300
0.244325
0.247975
0.248175
0.257300
0.258050
0.259325
0.263175
0.269425
0.275225
0.276100
0.278050
0.281850
0.288500
0.296275
0.307500
0.311475
0.326250
0.326775
0.328875
0.330825
0.334950
0.335525
0.337350
0.338675
0.341075
0.343350
0.343825
0.345825
0.346200
0.354350
0.357650
0.364000
0.369575
0.370600
0.373500
0.376050
0.377600
0.385450
0.406400
0.409150
0.413025
0.424525
0.424600
0.431750
0.433275
0.436850
0.439325
0.443200
0.450900
0.458100
0.461550
0.461675
0.464600
0.472875
0.488475
0.491025
0.493900
0.511625
0.514400
0.515600
0.532100
0.536025
0.536875
0.538550
0.542500
0.551225
0.569875
0.570100
0.575175
0.576375
0.576725
0.582825
0.590850
0.594450
0.597750
0.610800
0.612825
0.640575
0.643600
0.645125
0.647700
0.647800
0.648150
0.651650
0.653025
0.654525
0.655425
0.669300
0.669875
0.669900
0.675600
0.679450
0.680150
0.688875
0.691500
0.706700
0.708450
0.711775
0.718500
0.721975
0.723450
0.725825
0.726650
0.732350
0.738225
0.742425
0.744925
0.748175
0.748525
0.753325
0.761850
0.765675
0.768525
0.775400
0.779125
0.779575
0.780350
0.789775
0.792550
0.808375
0.809275
0.824025
0.824750
0.833850
0.840025
0.856575
0.856650
0.864600
0.875350
0.892125
0.895450
0.898450
0.908575
0.930600
0.938125
0.947325
0.966250
0.969675
0.972875
0.976975
0.979475
0.985375
0.990025
1.013300
1.016100
1.028825
1.035450
1.040100
1.046750
1.048425
1.049450
1.071050
1.081200
1.087575
1.091150
1.104350
1.130325
1.136675
1.179475
1.185775
1.202050
1.238450
1.243375
1.245975
1.266575
1.274325
1.290775
1.337275
1.340425
1.343750
1.350850
1.373375
1.375350
1.396675
1.401825
1.421225
1.428675
1.430100
1.433950
1.454725
1.468650
1.481100
1.532450
1.551200
1.597550
1.650500
1.782725
1.964625
2.338625
238
