0.000850
0.010075
0.010925
0.015700
0.017300
0.019175
0.027850
0.037525
0.043550
0.043850
0.045925
0.046925
0.053250
0.074475
0.077025
0.078675
0.087275
0.090350
0.103250
0.113200
0.121875
0.123225
0.125350
0.137175
0.146575
0.146975
0.151525
0.152425
0.155275
0.155675
0.156325
0.168600
0.171100
0.171975
0.177075
0.179800
0.181700
0.183525
0.183950
0.189025
0.193375
0.197675
0.209850
0.211975
0.215775
0.220150
0.222625
0.224550
0.224750
0.229325
0.230475
0.231925
0.232300
0.237150
0.238200
0.248475
0.250025
0.257575
0.259300
0.265500
0.266100
0.266525
0.270250
0.272300
0.275425
0.277550
0.278900
0.288650
0.288900
0.290000
0.292425
0.294500
0.295725
0.301425
0.305500
0.308425
0.308925
0.311150
0.324950
0.328775
0.331400
0.332650
0.333925
0.335750
0.339175
0.346200
0.352400
0.355550
0.356425
0.361800
0.367100
0.371200
0.371950
0.376625
0.377900
0.381150
0.383900
0.390675
0.391575
0.397550
0.406325
0.407375
0.407550
0.412800
0.416800
0.419925
0.424750
0.428225
0.452000
0.462750
0.473325
0.474525
0.474650
0.476725
0.479000
0.480950
0.481000
0.483900
0.486925
0.491875
0.492375
0.492650
0.501500
0.504775
0.506925
0.518075
0.521925
0.533025
0.534200
0.534850
0.539000
0.541425
0.544375
0.552125
0.553725
0.556750
0.557600
0.560950
0.571325
0.576675
0.585850
0.592850
0.595725
0.597050
0.598000
0.598675
0.608850
0.613600
0.614075
0.620650
0.631300
0.632550
0.634300
0.647375
0.647475
0.648200
0.649975
0.652925
0.653125
0.655050
0.656625
0.663800
0.671600
0.686350
0.691300
0.699575
0.700475
0.702700
0.702750
0.708600
0.724950
0.727650
0.727950
0.737675
0.757300
0.758125
0.768425
0.770000
0.777875
0.781000
0.781425
0.782200
0.782700
0.783050
0.785450
0.785975
0.790975
0.794850
0.795325
0.797600
0.801675
0.811075
0.814500
0.816075
0.816675
0.832900
0.835300
0.842725
0.850125
0.853800
0.854850
0.859050
0.864925
0.873725
0.885375
0.893050
0.894200
0.897400
0.900875
0.906075
0.920700
0.921575
0.928275
0.930325
0.941375
0.970500
0.976150
0.985375
0.999775
1.020725
1.039650
1.051025
1.058475
1.069875
1.082350
1.083125
1.084050
1.091350
1.097225
1.103350
1.115550
1.116525
1.131925
1.132175
1.141125
1.166050
1.172950
1.178775
1.178875
1.197825
1.198325
1.214225
1.227400
1.268025
1.287850
1.320000
1.338275
1.362725
1.367425
1.382100
1.424750
1.452150
1.469100
1.527425
1.530000
1.564800
1.584850
1.663100
1.684375
1.747000
1.792325
1.812300
1.846750
1.875550
1.880225
1.932275
1.945825
1.982725
2.015450
2.082850
2.172825
2.211150
2.300700
2.498850
274
