0.001575
0.006000
0.009050
0.014800
0.022750
0.030250
0.048075
0.055200
0.064125
0.065700
0.082950
0.085825
0.086025
0.088825
0.095800
0.102600
0.104075
0.105375
0.112325
0.117425
0.118325
0.124475
0.125825
0.126475
0.133400
0.140100
0.147325
0.149550
0.152350
0.154725
0.160250
0.169475
0.172175
0.172775
0.173925
0.174275
0.181575
0.182550
0.184900
0.192825
0.205875
0.214900
0.219800
0.220675
0.223325
0.231300
0.241775
0.243575
0.246225
0.251775
0.253075
0.257250
0.262075
0.267400
0.269575
0.271500
0.272925
0.276900
0.283225
0.285100
0.291525
0.297375
0.330700
0.340250
0.342500
0.343150
0.350450
0.353325
0.361150
0.374550
0.379900
0.384875
0.392375
0.393425
0.395975
0.397300
0.397800
0.410500
0.410600
0.412550
0.414625
0.416250
0.421450
0.428300
0.429750
0.445550
0.452725
0.454750
0.460575
0.465675
0.471425
0.473450
0.474975
0.476925
0.481725
0.483825
0.491850
0.492225
0.501250
0.501350
0.501425
0.501800
0.501850
0.518450
0.527200
0.529275
0.534200
0.534275
0.534550
0.535125
0.537425
0.543650
0.543900
0.544250
0.550400
0.551175
0.556125
0.559150
0.559150
0.564275
0.565050
0.576150
0.582750
0.592050
0.598450
0.607125
0.609225
0.610525
0.621025
0.622800
0.625600
0.629950
0.631575
0.636825
0.644600
0.648525
0.665300
0.668125
0.668400
0.677450
0.683925
0.696350
0.700250
0.706550
0.709775
0.718275
0.718950
0.748475
0.750725
0.750925
0.754925
0.762650
0.769050
0.773000
0.778575
0.788650
0.794450
0.800175
0.803150
0.806150
0.812300
0.816250
0.826425
0.826825
0.841275
0.841275
0.849000
0.850375
0.853000
0.853150
0.866775
0.867800
0.870800
0.878800
0.880525
0.890450
0.890700
0.890700
0.890900
0.903175
0.931275
0.935300
0.937100
0.953200
0.954450
0.970150
0.992350
1.007550
1.008625
1.017775
1.032075
1.054350
1.071925
1.072700
1.074975
1.078875
1.082550
1.092600
1.094050
1.124825
1.125600
1.139375
1.164650
1.173450
1.210600
1.231825
1.249550
1.267925
1.270350
1.275550
1.288300
1.298125
1.303950
1.306350
1.320225
1.320275
1.329000
1.371100
1.378000
1.414800
1.418900
1.429700
1.494075
1.494425
1.511325
1.581450
1.627225
1.627625
1.660125
1.667350
1.812800
1.819750
1.897325
2.040500
2.130300
2.396000
236
