0.012250
0.018450
0.020725
0.021375
0.038925
0.046075
0.048075
0.057925
0.069275
0.073550
0.079625
0.079675
0.082125
0.085050
0.085225
0.086675
0.094625
0.095175
0.097750
0.097900
0.102500
0.102625
0.115225
0.116075
0.118825
0.119650
0.121000
0.123650
0.128400
0.135750
0.144275
0.148300
0.151325
0.160350
0.164025
0.164825
0.176050
0.184350
0.185325
0.207775
0.209525
0.217725
0.218700
0.220575
0.220850
0.224850
0.228350
0.236375
0.238475
0.240025
0.244775
0.246375
0.248500
0.252075
0.259425
0.263000
0.273250
0.281950
0.286075
0.286525
0.287775
0.290900
0.291825
0.291925
0.303075
0.307425
0.318200
0.319125
0.321550
0.323925
0.324475
0.332200
0.333800
0.337400
0.338750
0.343325
0.353975
0.362100
0.364800
0.364950
0.366375
0.367025
0.371600
0.379575
0.385150
0.403475
0.404300
0.405425
0.406125
0.415775
0.427550
0.429525
0.429650
0.437825
0.456100
0.459775
0.460925
0.462075
0.469450
0.479000
0.494500
0.494875
0.496025
0.498550
0.500025
0.503775
0.511975
0.513625
0.520225
0.530175
0.532875
0.535975
0.540775
0.541400
0.543575
0.547425
0.558250
0.559450
0.559750
0.560250
0.568150
0.568425
0.581300
0.589400
0.594750
0.595775
0.603300
0.606800
0.611175
0.625825
0.637200
0.641700
0.654700
0.661700
0.669975
0.674525
0.682275
0.685700
0.685925
0.695975
0.696325
0.701850
0.702100
0.709575
0.719450
0.729925
0.752400
0.758275
0.759450
0.759850
0.760525
0.769500
0.776225
0.778950
0.779425
0.783175
0.794375
0.801075
0.803750
0.810500
0.820400
0.823700
0.826675
0.832275
0.835475
0.838275
0.844350
0.856125
0.861050
0.862600
0.866275
0.867900
0.871800
0.873025
0.898525
0.898950
0.905725
0.911900
0.913975
0.941825
0.942600
0.949400
0.960050
0.975650
0.990450
1.007050
1.009225
1.020825
1.093625
1.096375
1.146950
1.194975
1.203800
1.211600
1.214950
1.224300
1.243400
1.255825
1.277825
1.284100
1.311175
1.313275
1.319500
1.335400
1.417575
1.432025
1.439650
1.441000
1.491600
1.509350
1.531725
1.565375
1.632925
1.887200
1.982250
2.002325
2.485650
217
