0.014725
0.014825
0.019825
0.025450
0.037975
0.039025
0.042600
0.057550
0.059650
0.062950
0.074000
0.082775
0.091425
0.093400
0.093550
0.096650
0.104775
0.107800
0.110625
0.111775
0.114850
0.114850
0.117175
0.119500
0.130275
0.146325
0.152450
0.156500
0.169750
0.174425
0.176575
0.178275
0.181975
0.187500
0.188275
0.189100
0.189225
0.189800
0.192325
0.193450
0.205575
0.208200
0.213050
0.213325
0.214425
0.219025
0.223650
0.224650
0.225825
0.234425
0.234825
0.237900
0.243750
0.246775
0.248575
0.250600
0.268300
0.271500
0.274825
0.274875
0.275075
0.280000
0.282750
0.284625
0.303100
0.304650
0.305800
0.309525
0.317725
0.319600
0.323175
0.326850
0.328900
0.336725
0.354475
0.354700
0.362550
0.370400
0.374900
0.386775
0.388700
0.396550
0.402125
0.405725
0.409100
0.410550
0.416600
0.433550
0.444675
0.447600
0.447850
0.465675
0.472225
0.474250
0.477625
0.479325
0.481625
0.491800
0.497725
0.497775
0.498975
0.501925
0.504225
0.505675
0.509525
0.510200
0.512200
0.513800
0.528800
0.531975
0.538650
0.540075
0.541175
0.566500
0.568050
0.577625
0.588725
0.594225
0.594875
0.598925
0.613850
0.617500
0.622400
0.630100
0.634375
0.638700
0.639525
0.644400
0.651025
0.651550
0.651900
0.653800
0.653825
0.658775
0.665550
0.666075
0.678775
0.680400
0.682675
0.685275
0.688775
0.693150
0.696400
0.704575
0.704950
0.711025
0.720175
0.720750
0.721525
0.729525
0.730725
0.734850
0.741675
0.744875
0.763675
0.766075
0.769525
0.787500
0.799600
0.812725
0.815450
0.827025
0.829725
0.830575
0.833650
0.843600
0.846225
0.848700
0.851900
0.852775
0.881150
0.883525
0.912125
0.933275
0.933725
0.939175
0.948300
0.956075
0.965025
0.972225
0.972250
0.973450
0.977200
0.988950
0.997275
0.998925
1.005475
1.011675
1.026200
1.028675
1.028775
1.043750
1.045975
1.051775
1.058975
1.079825
1.080575
1.086650
1.087725
1.088050
1.091325
1.097925
1.105975
1.138825
1.145650
1.169775
1.196000
1.198700
1.220525
1.220900
1.241225
1.245825
1.254250
1.263100
1.264975
1.277650
1.305450
1.311700
1.325375
1.326650
1.351950
1.380275
1.382500
1.453400
1.456275
1.472175
1.516250
1.540625
1.590600
1.687775
1.728500
1.796300
1.831825
2.005400
2.107875
2.138575
2.322550
237
