0.008350
0.021675
0.022750
0.023025
0.027625
0.028000
0.030075
0.030250
0.032575
0.035700
0.039825
0.043825
0.051175
0.052500
0.052625
0.062950
0.068400
0.069375
0.071000
0.073425
0.075675
0.096025
0.096250
0.099250
0.099475
0.099525
0.116175
0.122325
0.127950
0.130400
0.135800
0.136600
0.137725
0.138550
0.142875
0.147375
0.147625
0.151175
0.152825
0.156800
0.157675
0.160050
0.160075
0.164075
0.169200
0.169950
0.172000
0.177175
0.180225
0.184700
0.196550
0.210475
0.215275
0.216600
0.222350
0.240650
0.247450
0.250925
0.251200
0.261700
0.266000
0.278050
0.283700
0.311925
0.320575
0.327725
0.333850
0.336450
0.352700
0.353325
0.356350
0.358925
0.360200
0.361375
0.361825
0.362425
0.365975
0.366550
0.375475
0.377500
0.379950
0.385925
0.387075
0.389475
0.390850
0.393275
0.395150
0.395700
0.397725
0.401075
0.407300
0.407350
0.410475
0.410775
0.412325
0.416575
0.418400
0.430000
0.430800
0.441025
0.446050
0.457975
0.459150
0.459200
0.459825
0.461525
0.471750
0.480100
0.482275
0.483975
0.491500
0.493400
0.515775
0.521825
0.522025
0.523050
0.528675
0.532550
0.536175
0.536625
0.544150
0.555050
0.555550
0.564425
0.564925
0.573200
0.574175
0.575500
0.578475
0.586375
0.588625
0.588750
0.589825
0.591050
0.597175
0.599500
0.600950
0.601625
0.604550
0.611550
0.618325
0.619275
0.620025
0.620300
0.622925
0.626475
0.629425
0.638100
0.638775
0.639425
0.643600
0.645375
0.646000
0.648075
0.652550
0.654450
0.662575
0.664775
0.664925
0.676700
0.677575
0.679750
0.680500
0.681275
0.685000
0.686725
0.693175
0.699125
0.700700
0.701425
0.705050
0.705775
0.717450
0.719900
0.720275
0.729625
0.738950
0.742525
0.742800
0.748725
0.752425
0.755750
0.761525
0.766475
0.769650
0.770225
0.774050
0.779525
0.784350
0.806325
0.811700
0.813850
0.814850
0.819900
0.820175
0.825200
0.826200
0.826725
0.840600
0.855525
0.857275
0.857900
0.858600
0.860825
0.886750
0.888025
0.890750
0.893250
0.896775
0.908800
0.909200
0.915900
0.920450
0.922775
0.927700
0.948550
0.951500
0.952375
0.955575
0.956875
0.961300
0.975550
0.987925
0.989600
0.992925
0.993200
0.994425
0.994975
0.997650
0.998300
1.005800
1.014650
1.027250
1.040150
1.041300
1.043925
1.059350
1.065450
1.068325
1.070000
1.092625
1.103400
1.103725
1.108075
1.137825
1.157800
1.162875
1.214825
1.226225
1.252050
1.285150
1.294425
1.308200
1.315500
1.350400
1.378300
1.410050
1.582225
1.596650
1.608325
1.644400
1.661825
1.725550
1.735600
1.823175
1.837750
1.837825
1.880650
2.005500
2.065725
2.178100
2.345850
272
