0.004550
0.009500
0.010675
0.011125
0.014350
0.016625
0.022425
0.028275
0.031750
0.034775
0.045275
0.052975
0.056700
0.058675
0.067525
0.072225
0.073575
0.079200
0.096150
0.099050
0.105675
0.128000
0.130775
0.130850
0.132425
0.134100
0.144775
0.148550
0.153925
0.154325
0.155775
0.163825
0.166575
0.169550
0.177925
0.183100
0.185225
0.186675
0.188200
0.188625
0.190975
0.193675
0.195550
0.197400
0.208125
0.211450
0.213100
0.222525
0.228325
0.231625
0.232425
0.239100
0.250550
0.251975
0.257725
0.263675
0.265200
0.269775
0.279250
0.280325
0.280950
0.281700
0.288500
0.289175
0.294900
0.296425
0.302800
0.307200
0.309300
0.309800
0.315800
0.319900
0.320575
0.327625
0.328050
0.338375
0.347625
0.354725
0.362400
0.363800
0.370125
0.374400
0.378150
0.378375
0.380250
0.381600
0.387175
0.392200
0.398575
0.405450
0.409600
0.415900
0.416500
0.420500
0.423500
0.434850
0.435575
0.436075
0.438475
0.440150
0.441375
0.454550
0.462575
0.468275
0.470425
0.475200
0.475375
0.477525
0.480325
0.480875
0.481050
0.481950
0.486825
0.496125
0.503525
0.505550
0.507325
0.508550
0.508975
0.511675
0.524225
0.528450
0.529300
0.529700
0.536425
0.537700
0.538075
0.550400
0.556950
0.558475
0.559600
0.561075
0.562450
0.569925
0.572825
0.576700
0.580175
0.581625
0.584500
0.588875
0.589500
0.591200
0.592825
0.595600
0.604050
0.607075
0.610225
0.617950
0.641700
0.643500
0.649875
0.654050
0.667700
0.676400
0.678450
0.680850
0.683225
0.683775
0.684100
0.689675
0.690075
0.698900
0.699775
0.703075
0.704075
0.706200
0.715550
0.716300
0.734625
0.735600
0.751625
0.752375
0.760525
0.760825
0.762675
0.769075
0.780000
0.783075
0.786900
0.792525
0.796100
0.809875
0.810275
0.810400
0.812400
0.825125
0.827500
0.835450
0.842000
0.855925
0.858450
0.873350
0.884450
0.889475
0.896475
0.898375
0.899225
0.910075
0.925300
0.926100
0.940850
0.947725
0.949575
0.952875
0.959800
0.977400
0.977475
0.986125
1.005200
1.021200
1.033050
1.061775
1.064150
1.069025
1.083925
1.085750
1.100350
1.100425
1.144100
1.147800
1.150450
1.161225
1.163250
1.169800
1.172800
1.184450
1.191300
1.203025
1.211650
1.258350
1.273425
1.292600
1.302975
1.316525
1.320225
1.343975
1.344625
1.369625
1.389475
1.421175
1.450900
1.457750
1.526275
1.575350
1.603475
1.636900
1.660725
1.700275
1.786550
2.018425
2.055625
2.080625
2.163700
253
