0.000850
0.001950
0.004275
0.008900
0.014675
0.021175
0.021225
0.025175
0.040775
0.040925
0.044925
0.045275
0.046925
0.047700
0.048075
0.050300
0.053950
0.059875
0.074300
0.083275
0.084450
0.094850
0.099175
0.104825
0.114675
0.118000
0.119250
0.120075
0.126525
0.131675
0.135900
0.143225
0.146375
0.154300
0.158975
0.167575
0.171075
0.185550
0.186725
0.194550
0.204450
0.208800
0.209000
0.210475
0.210925
0.221700
0.227175
0.228400
0.230175
0.231275
0.233150
0.240175
0.241900
0.249825
0.253825
0.259800
0.274750
0.284025
0.294000
0.295900
0.307950
0.310275
0.315650
0.315850
0.321550
0.327300
0.332450
0.340300
0.347325
0.357100
0.367800
0.368375
0.374225
0.375750
0.382600
0.383200
0.386100
0.388050
0.399325
0.401700
0.403375
0.409575
0.410925
0.414225
0.416450
0.427650
0.431100
0.431875
0.452575
0.454225
0.457875
0.461850
0.468625
0.470850
0.475525
0.480625
0.481400
0.482675
0.482700
0.483425
0.489675
0.494300
0.494900
0.497150
0.498725
0.507225
0.507375
0.508075
0.510950
0.512275
0.519875
0.522350
0.523225
0.524275
0.540200
0.547300
0.548675
0.551025
0.559300
0.563275
0.568450
0.602325
0.606900
0.613350
0.621125
0.624775
0.630250
0.630500
0.632075
0.640750
0.641325
0.642625
0.647525
0.647675
0.648100
0.653825
0.656850
0.663875
0.667400
0.670025
0.679900
0.685350
0.688550
0.708700
0.711025
0.712425
0.713900
0.716300
0.716425
0.721450
0.725675
0.725900
0.733825
0.735100
0.740700
0.744325
0.746875
0.753775
0.760500
0.764825
0.778975
0.789850
0.791125
0.795225
0.799600
0.803000
0.807300
0.809375
0.811175
0.811175
0.815250
0.828150
0.828250
0.839625
0.841250
0.841800
0.846750
0.847225
0.851175
0.866850
0.877200
0.878950
0.887700
0.917925
0.925150
0.928650
0.929350
0.931800
0.936475
0.941175
0.944050
0.949100
0.959525
0.961375
0.961550
0.968600
0.982925
0.993475
0.996450
1.003050
1.005450
1.017825
1.022425
1.025800
1.026700
1.033950
1.035500
1.053875
1.058000
1.077275
1.083150
1.087875
1.104675
1.113100
1.133225
1.136600
1.139650
1.156100
1.159225
1.163200
1.167325
1.169550
1.193350
1.194500
1.205300
1.215650
1.216200
1.223775
1.255300
1.277825
1.292750
1.313250
1.352500
1.399600
1.409075
1.435125
1.440125
1.445400
1.465800
1.485550
1.559525
1.571900
1.607200
1.614150
1.618425
1.714650
1.765925
1.767375
1.829450
1.955925
2.402825
251
