0.002900
0.009900
0.014500
0.016075
0.018400
0.021525
0.025350
0.026950
0.035525
0.037875
0.038125
0.039000
0.039525
0.040500
0.050175
0.050425
0.062925
0.065525
0.076700
0.079075
0.079900
0.089525
0.091650
0.107675
0.113650
0.124500
0.130150
0.132350
0.136625
0.150950
0.157325
0.158075
0.158175
0.159050
0.159200
0.163175
0.171425
0.171525
0.182000
0.186825
0.187100
0.200175
0.202025
0.208975
0.213700
0.219750
0.228850
0.228900
0.257775
0.261325
0.265700
0.270050
0.271325
0.275300
0.277775
0.282650
0.287875
0.289075
0.290100
0.290675
0.299500
0.311750
0.313025
0.321350
0.322925
0.327200
0.328850
0.333825
0.340400
0.356300
0.358300
0.358425
0.360500
0.361250
0.364875
0.366775
0.386150
0.390025
0.400375
0.403000
0.409775
0.409900
0.412725
0.418850
0.421700
0.421750
0.426275
0.436075
0.437025
0.444175
0.446125
0.448250
0.449850
0.451175
0.464275
0.464750
0.467800
0.472525
0.472975
0.498200
0.500025
0.507600
0.509075
0.511225
0.516400
0.519350
0.535975
0.548300
0.553425
0.554575
0.558075
0.565375
0.571575
0.578400
0.586600
0.593425
0.596500
0.607275
0.608500
0.613975
0.637475
0.645525
0.648100
0.655800
0.656625
0.675325
0.676650
0.682375
0.687700
0.692300
0.696250
0.699425
0.704350
0.705450
0.705925
0.716400
0.718450
0.724475
0.728725
0.729450
0.732200
0.740050
0.744000
0.745375
0.752150
0.753550
0.754000
0.755050
0.758375
0.762950
0.763750
0.765725
0.771925
0.788150
0.794000
0.809450
0.829200
0.832650
0.835100
0.837350
0.839450
0.858975
0.860200
0.869675
0.871500
0.873125
0.873450
0.878250
0.891875
0.924225
0.941750
0.945125
0.957975
0.959150
0.961050
0.968425
0.970000
0.970300
0.972400
0.990825
1.000650
1.001025
1.004150
1.009625
1.021300
1.022400
1.023775
1.045650
1.046300
1.056150
1.062625
1.075825
1.082925
1.087025
1.091775
1.110725
1.114900
1.117150
1.144375
1.160925
1.168700
1.169900
1.170300
1.180225
1.199650
1.244425
1.253125
1.253475
1.292675
1.334100
1.339975
1.342250
1.378175
1.381150
1.395600
1.399525
1.411750
1.448300
1.468375
1.468575
1.482125
1.489200
1.537500
1.577325
1.644925
1.649750
1.769300
1.837225
2.051025
2.395675
2.415150
2.446200
232
