0.011675
0.011950
0.015625
0.016475
0.016975
0.019825
0.028950
0.042225
0.046050
0.046800
0.055275
0.055550
0.057875
0.067275
0.076875
0.084750
0.085575
0.086375
0.087400
0.088575
0.098125
0.104150
0.111450
0.112900
0.114500
0.118625
0.119275
0.130150
0.139850
0.153850
0.155600
0.156775
0.158175
0.170775
0.204300
0.215375
0.223450
0.226575
0.231775
0.240375
0.247700
0.248075
0.250200
0.254175
0.255050
0.260100
0.260150
0.270375
0.273025
0.273700
0.274425
0.280650
0.290400
0.294350
0.300025
0.303200
0.310850
0.311225
0.330925
0.331425
0.331625
0.338950
0.344400
0.354725
0.361800
0.363400
0.373700
0.375800
0.378450
0.379575
0.381075
0.387700
0.402475
0.402600
0.402800
0.407700
0.408575
0.410225
0.412700
0.416275
0.418175
0.426025
0.427850
0.429200
0.429225
0.432125
0.436325
0.442075
0.444825
0.449425
0.449775
0.454675
0.457850
0.459425
0.459700
0.459875
0.460250
0.475700
0.477675
0.478400
0.479850
0.481350
0.482650
0.483875
0.488275
0.489750
0.495500
0.496550
0.498250
0.500075
0.501900
0.516125
0.516500
0.526725
0.530875
0.541200
0.541325
0.544900
0.553150
0.554325
0.558975
0.559275
0.561350
0.565350
0.569850
0.571500
0.573025
0.576975
0.580775
0.581850
0.582650
0.584525
0.590375
0.592750
0.593475
0.598250
0.605425
0.609600
0.612125
0.613975
0.616275
0.619050
0.620825
0.626875
0.630175
0.630950
0.632550
0.639900
0.641225
0.642775
0.645700
0.647525
0.648500
0.649450
0.656750
0.659725
0.667200
0.667225
0.667575
0.668275
0.668500
0.670525
0.671175
0.681600
0.684100
0.689700
0.691025
0.692625
0.701325
0.717700
0.723600
0.724625
0.728750
0.741600
0.742650
0.753025
0.758550
0.767500
0.773000
0.773700
0.774450
0.777925
0.794450
0.803025
0.805525
0.808350
0.819325
0.826250
0.836225
0.846025
0.850475
0.853175
0.860975
0.861275
0.863250
0.868000
0.869900
0.875775
0.876625
0.883400
0.892200
0.899425
0.901825
0.903250
0.909575
0.922675
0.924975
0.925100
0.941275
0.959325
0.959650
0.971125
0.974700
0.985050
0.989400
0.992175
1.009075
1.014675
1.032300
1.046750
1.057775
1.063550
1.066900
1.082150
1.085550
1.091500
1.110400
1.208725
1.222650
1.234675
1.236125
1.247100
1.257375
1.362500
1.426750
1.428025
1.471450
1.505350
1.510725
1.543650
1.582675
1.628200
1.672925
1.688275
1.710350
1.730950
1.766175
1.838075
1.842475
2.273250
250
