0.003725
0.009125
0.013575
0.014400
0.015925
0.020775
0.024825
0.024850
0.033350
0.033550
0.039025
0.040275
0.040575
0.044700
0.048050
0.053800
0.061575
0.063600
0.066825
0.071900
0.072575
0.077000
0.079325
0.086500
0.089625
0.093500
0.096675
0.099200
0.099700
0.101650
0.103475
0.103950
0.105225
0.108150
0.110575
0.114400
0.121900
0.124925
0.125275
0.130500
0.135525
0.138450
0.138550
0.139775
0.143050
0.151500
0.151625
0.172850
0.173950
0.175475
0.178550
0.187750
0.188700
0.190850
0.204550
0.205000
0.209650
0.213625
0.214375
0.220925
0.234075
0.234800
0.237150
0.238550
0.239775
0.243750
0.246775
0.250950
0.251475
0.260700
0.262875
0.265725
0.272075
0.273900
0.276775
0.286725
0.286875
0.287200
0.305050
0.305875
0.306750
0.316050
0.318625
0.326825
0.326950
0.326975
0.329975
0.344175
0.346375
0.348975
0.349975
0.363550
0.365250
0.365750
0.366050
0.374925
0.382050
0.389025
0.390000
0.395225
0.396975
0.397350
0.397650
0.398775
0.399300
0.416250
0.424350
0.425625
0.427400
0.427800
0.430650
0.430900
0.431400
0.434250
0.438100
0.439050
0.443800
0.448875
0.448975
0.450475
0.456150
0.458300
0.460700
0.461075
0.478025
0.487800
0.489175
0.491025
0.502925
0.503450
0.504200
0.506775
0.509050
0.511375
0.511425
0.513100
0.516675
0.520825
0.529875
0.540975
0.542900
0.543775
0.543975
0.548025
0.555075
0.557250
0.560450
0.561775
0.570375
0.573200
0.582025
0.584250
0.590950
0.601725
0.602900
0.603175
0.615075
0.617875
0.618000
0.621025
0.623075
0.628725
0.634700
0.644425
0.651425
0.656250
0.659200
0.664300
0.666825
0.668200
0.680150
0.681725
0.684850
0.685025
0.687750
0.705975
0.708500
0.708925
0.718000
0.719725
0.720400
0.731250
0.734375
0.770625
0.772350
0.772475
0.773700
0.781250
0.788975
0.795325
0.795700
0.804475
0.809425
0.818850
0.835550
0.836000
0.845625
0.849250
0.853700
0.854300
0.859400
0.865625
0.884050
0.893700
0.894750
0.895375
0.900675
0.902275
0.906450
0.908900
0.911075
0.912950
0.919250
0.921875
0.938075
0.939125
0.945100
0.946100
0.957350
0.961450
0.973575
0.981550
0.986650
0.995250
0.995675
1.009125
1.016175
1.023475
1.032150
1.045400
1.052075
1.053875
1.065550
1.084375
1.106725
1.114125
1.117675
1.119700
1.124900
1.125350
1.129075
1.134250
1.136225
1.139975
1.144600
1.152700
1.158400
1.166425
1.196725
1.207300
1.211675
1.220275
1.233575
1.240150
1.277725
1.298850
1.311650
1.334175
1.355750
1.378500
1.393500
1.405625
1.418800
1.453300
1.577750
1.597525
1.608075
1.726925
2.071525
2.230175
2.377925
271
