0.002000
0.005300
0.006500
0.007400
0.020750
0.024200
0.029650
0.030875
0.031700
0.035175
0.037175
0.038450
0.048050
0.050550
0.052175
0.056225
0.056400
0.069450
0.071275
0.071275
0.075150
0.081150
0.087025
0.094600
0.100525
0.102375
0.103250
0.103375
0.107625
0.112600
0.114975
0.115475
0.119600
0.125325
0.126200
0.131650
0.134750
0.141950
0.142400
0.142625
0.147075
0.147100
0.148350
0.148725
0.157275
0.173825
0.178650
0.179850
0.183000
0.190250
0.201675
0.209750
0.215375
0.217875
0.218100
0.226350
0.226500
0.227625
0.245900
0.248425
0.248950
0.252575
0.254475
0.259500
0.262525
0.283275
0.283775
0.289075
0.294800
0.300250
0.302225
0.311900
0.315650
0.321425
0.331175
0.334975
0.340925
0.343025
0.345025
0.345600
0.359725
0.366100
0.366925
0.368025
0.373200
0.376725
0.379150
0.381375
0.386250
0.392025
0.411775
0.412575
0.420625
0.422575
0.428400
0.432000
0.434250
0.445875
0.456025
0.460975
0.470625
0.474850
0.478425
0.482900
0.485875
0.488400
0.490025
0.490325
0.491475
0.491750
0.495000
0.496850
0.505050
0.506625
0.520075
0.521250
0.523725
0.541600
0.542750
0.552625
0.554075
0.557450
0.563825
0.565650
0.572925
0.578150
0.585125
0.586375
0.591775
0.593950
0.597175
0.604350
0.610250
0.611350
0.632050
0.651575
0.657200
0.669900
0.675975
0.680725
0.684675
0.693975
0.698325
0.699575
0.702450
0.708825
0.711350
0.714650
0.715400
0.715850
0.716300
0.723675
0.729150
0.746700
0.749575
0.762125
0.765025
0.782625
0.783450
0.798150
0.803025
0.806025
0.807875
0.816400
0.819850
0.824775
0.825300
0.834325
0.838725
0.848575
0.848650
0.851825
0.854375
0.857325
0.860300
0.861575
0.868800
0.872825
0.874475
0.881775
0.884325
0.898600
0.899425
0.902225
0.906150
0.907450
0.912900
0.921775
0.923250
0.927425
0.948000
0.953325
0.957900
0.961750
0.966375
0.967950
0.978350
0.986525
1.008850
1.023000
1.042400
1.043325
1.047950
1.050775
1.051325
1.054850
1.107725
1.110300
1.138575
1.156475
1.161175
1.202825
1.208125
1.213500
1.256700
1.260725
1.266850
1.287600
1.301625
1.305000
1.356975
1.436900
1.467700
1.476350
1.507450
1.515675
1.517225
1.529500
1.535675
1.539025
1.553575
1.626200
1.658650
1.686925
1.716650
1.780875
1.783950
1.791775
1.815225
1.918900
2.150225
2.370875
2.424100
243
