0.004375
0.006500
0.030000
0.030475
0.036575
0.038550
0.043700
0.043850
0.048250
0.048425
0.049800
0.062075
0.064550
0.067275
0.067575
0.072875
0.078300
0.080400
0.084075
0.084300
0.085225
0.088275
0.089100
0.097250
0.102200
0.103150
0.109250
0.110350
0.130050
0.134975
0.144450
0.159725
0.173125
0.174025
0.179325
0.183250
0.185125
0.191675
0.193275
0.194850
0.195125
0.207325
0.220600
0.236475
0.236675
0.236775
0.238200
0.263000
0.267725
0.267825
0.268575
0.278775
0.280875
0.285600
0.287975
0.293150
0.293250
0.301825
0.301850
0.306950
0.307550
0.308400
0.316450
0.321800
0.324550
0.337425
0.337725
0.346825
0.353700
0.353950
0.357325
0.359125
0.364350
0.372975
0.378125
0.380900
0.384700
0.385450
0.388450
0.391750
0.394250
0.394975
0.403900
0.410225
0.423175
0.427225
0.440800
0.440850
0.444325
0.451175
0.451200
0.451925
0.459075
0.461775
0.462575
0.463150
0.463925
0.469525
0.476425
0.477250
0.482300
0.490425
0.491025
0.499950
0.501375
0.510275
0.514400
0.516950
0.538625
0.543550
0.552725
0.556600
0.563925
0.565150
0.571525
0.572025
0.575425
0.577075
0.577500
0.578750
0.580625
0.586425
0.587000
0.591850
0.593400
0.596250
0.602950
0.616375
0.627750
0.630175
0.631325
0.635675
0.646675
0.649125
0.652925
0.667050
0.669725
0.670825
0.675800
0.678950
0.680300
0.684525
0.690700
0.699925
0.701075
0.704050
0.710475
0.716650
0.717000
0.720275
0.726100
0.729675
0.740875
0.745150
0.751800
0.757800
0.760825
0.772975
0.773150
0.774725
0.779425
0.780150
0.782675
0.789750
0.792650
0.796950
0.800075
0.803825
0.826125
0.827025
0.834350
0.844375
0.854750
0.872100
0.883225
0.883625
0.885975
0.886125
0.894750
0.895325
0.896200
0.904925
0.908525
0.919575
0.922400
0.928125
0.935350
0.944875
0.952700
0.963675
0.977325
0.986800
0.989200
1.000575
1.006750
1.009975
1.011700
1.013200
1.013525
1.031000
1.049700
1.057775
1.118750
1.138425
1.146125
1.151875
1.162925
1.205225
1.210000
1.218525
1.279975
1.294025
1.319600
1.364325
1.370475
1.375700
1.398275
1.419875
1.424275
1.500950
1.522850
1.523450
1.552000
1.571950
1.603750
1.704750
1.740500
1.768550
1.794400
1.908075
2.188475
2.189100
2.300575
2.417375
234
