0.000725
0.001825
0.018700
0.019275
0.020500
0.024400
0.027900
0.029225
0.033900
0.037500
0.040325
0.042525
0.042925
0.043300
0.048800
0.050875
0.058675
0.063675
0.069725
0.075125
0.076225
0.079700
0.080950
0.086925
0.088900
0.096850
0.097425
0.100325
0.102675
0.113275
0.125775
0.130350
0.130350
0.135000
0.149675
0.150375
0.159075
0.161625
0.162225
0.164300
0.165775
0.167675
0.168425
0.187350
0.193050
0.196600
0.197075
0.197375
0.198825
0.199350
0.205175
0.207675
0.209150
0.211000
0.223750
0.225300
0.227350
0.232325
0.232375
0.240725
0.260275
0.267950
0.270275
0.272600
0.273650
0.279775
0.280150
0.282300
0.290325
0.293375
0.297425
0.304950
0.305925
0.306675
0.310725
0.311250
0.317950
0.326700
0.328125
0.330475
0.332650
0.333125
0.336700
0.339100
0.340100
0.342700
0.349050
0.355425
0.356850
0.357400
0.358600
0.363075
0.367575
0.369125
0.370350
0.374200
0.375900
0.376800
0.378700
0.384200
0.387250
0.393225
0.393575
0.407250
0.412975
0.413125
0.413575
0.414500
0.415775
0.425475
0.433525
0.442625
0.446650
0.448875
0.453750
0.463000
0.485000
0.514525
0.516650
0.517400
0.520925
0.526825
0.532175
0.532650
0.532675
0.542575
0.548725
0.552975
0.555250
0.557050
0.583050
0.587800
0.593500
0.593575
0.598975
0.600000
0.602950
0.604400
0.613750
0.623825
0.625775
0.631500
0.632150
0.632650
0.633400
0.635900
0.636350
0.637900
0.639050
0.649575
0.654675
0.658975
0.659875
0.668950
0.679025
0.680475
0.681000
0.686200
0.689775
0.690025
0.692300
0.696025
0.699025
0.699325
0.708975
0.712150
0.721250
0.726525
0.733900
0.738575
0.739625
0.740325
0.742750
0.748550
0.757000
0.760725
0.761050
0.762950
0.765725
0.772600
0.777075
0.782850
0.783500
0.784050
0.787225
0.790525
0.791025
0.794525
0.795375
0.798250
0.804225
0.806975
0.811675
0.832475
0.835350
0.836150
0.838575
0.842100
0.853925
0.872600
0.880800
0.888125
0.889825
0.892550
0.918250
0.919150
0.931750
0.932475
0.936050
0.938425
0.940800
0.941150
0.943050
0.944025
0.963100
0.965700
0.969450
0.979050
1.024775
1.032350
1.049200
1.058950
1.060875
1.065100
1.074725
1.084925
1.103700
1.121825
1.123175
1.143175
1.145975
1.159600
1.170725
1.172450
1.172675
1.174600
1.189400
1.199650
1.216525
1.231000
1.261175
1.267100
1.277225
1.283125
1.309050
1.344175
1.347950
1.362425
1.364800
1.381375
1.385350
1.451225
1.477225
1.574025
1.580100
1.588675
1.649575
1.666975
1.756800
1.822800
2.012850
2.018975
2.054725
2.281175
264
