0.000225
0.000300
0.003800
0.005850
0.007850
0.010250
0.020450
0.021350
0.027375
0.029375
0.031950
0.032125
0.032350
0.042075
0.048800
0.054800
0.059650
0.068750
0.070725
0.079025
0.084600
0.091100
0.094275
0.108100
0.111700
0.113300
0.118700
0.119375
0.134450
0.136525
0.136950
0.141475
0.141700
0.146425
0.147275
0.153525
0.156550
0.161275
0.162725
0.166775
0.179800
0.179875
0.191325
0.192625
0.193675
0.194175
0.196975
0.200625
0.203175
0.214550
0.216650
0.217050
0.219025
0.221625
0.222375
0.232150
0.232300
0.239500
0.241725
0.242750
0.244350
0.245225
0.246100
0.254200
0.254500
0.254625
0.263650
0.268500
0.273725
0.273800
0.274350
0.276125
0.278875
0.280950
0.282050
0.283200
0.287225
0.294500
0.294725
0.295625
0.299450
0.307425
0.308625
0.312375
0.316650
0.319350
0.325825
0.333525
0.335725
0.338725
0.344000
0.344675
0.351875
0.352500
0.358350
0.360025
0.376300
0.379075
0.385975
0.386825
0.387100
0.387200
0.394050
0.404875
0.411075
0.413775
0.415275
0.420300
0.421075
0.422075
0.423925
0.438825
0.443450
0.445000
0.447850
0.455850
0.458200
0.462175
0.462950
0.471350
0.476425
0.482400
0.485275
0.494250
0.494425
0.495125
0.496025
0.510150
0.514050
0.517350
0.523775
0.526475
0.528250
0.532825
0.540450
0.543200
0.544275
0.549775
0.552175
0.555000
0.580950
0.583950
0.590950
0.594425
0.600575
0.618375
0.618725
0.626775
0.631125
0.632700
0.634325
0.634575
0.637275
0.651000
0.665550
0.665575
0.667625
0.672375
0.679025
0.679125
0.690225
0.694700
0.695225
0.695450
0.696925
0.698025
0.698750
0.699600
0.701000
0.706925
0.713425
0.716550
0.721550
0.728750
0.735075
0.741475
0.744775
0.747100
0.757625
0.763450
0.765925
0.768525
0.768700
0.772550
0.778400
0.780850
0.787950
0.793225
0.794575
0.807225
0.813550
0.820075
0.821825
0.825275
0.825425
0.827350
0.831875
0.832400
0.837600
0.841350
0.841725
0.888350
0.905025
0.911575
0.913475
0.918025
0.929575
0.930425
0.941050
0.944850
0.946300
0.947550
0.961225
0.968175
0.995100
1.001775
1.011100
1.033875
1.042275
1.049450
1.049500
1.058700
1.071150
1.077175
1.078300
1.109225
1.115300
1.131425
1.135200
1.138000
1.138775
1.144650
1.156425
1.157350
1.158550
1.178800
1.194300
1.231275
1.244575
1.271425
1.285850
1.336600
1.346200
1.366625
1.380350
1.380875
1.388775
1.410650
1.449925
1.472775
1.496250
1.517200
1.529300
1.541075
1.541250
1.547000
1.551700
1.557575
1.624475
1.630500
1.642700
1.695525
1.707000
1.753025
1.940775
2.040525
2.332450
2.445375
268
