0.003350
0.004575
0.004700
0.011575
0.020650
0.021625
0.027950
0.028450
0.040425
0.053925
0.055000
0.058850
0.067975
0.069800
0.081300
0.085025
0.089875
0.091000
0.091450
0.092750
0.093325
0.094925
0.098550
0.101500
0.106400
0.114950
0.119850
0.129475
0.133625
0.135800
0.144450
0.145100
0.145550
0.147775
0.160575
0.167100
0.170825
0.173850
0.181675
0.181775
0.190750
0.193075
0.194400
0.209725
0.212475
0.227050
0.229175
0.232450
0.235525
0.240675
0.242975
0.243325
0.248550
0.251400
0.259050
0.262675
0.273700
0.284650
0.287425
0.287500
0.291325
0.296275
0.296875
0.302525
0.308250
0.311300
0.311825
0.311825
0.312750
0.314675
0.317425
0.317875
0.326875
0.334725
0.335250
0.341100
0.350300
0.351725
0.351900
0.352600
0.354025
0.354475
0.356625
0.364350
0.365150
0.367100
0.368250
0.368400
0.375300
0.379000
0.379275
0.390775
0.397975
0.402350
0.404500
0.417600
0.422175
0.423100
0.442125
0.444075
0.445975
0.446850
0.451800
0.458775
0.461000
0.462550
0.484075
0.485875
0.491350
0.509525
0.511500
0.514425
0.515400
0.519950
0.525125
0.525550
0.538725
0.547525
0.552275
0.552625
0.560825
0.562975
0.567275
0.574100
0.574825
0.576600
0.589275
0.589725
0.591250
0.592225
0.597550
0.612650
0.616875
0.627075
0.632000
0.632900
0.638700
0.647075
0.651275
0.652700
0.653575
0.655175
0.657050
0.658700
0.658900
0.660300
0.664450
0.673125
0.675725
0.681775
0.681875
0.686075
0.686875
0.687700
0.692225
0.692325
0.694925
0.707625
0.713600
0.717475
0.719650
0.742950
0.750550
0.750700
0.755625
0.759500
0.761750
0.763125
0.763950
0.767625
0.772200
0.774225
0.776100
0.785525
0.785675
0.792650
0.806875
0.839025
0.849200
0.855225
0.861650
0.863875
0.865050
0.872700
0.893850
0.898850
0.905150
0.926800
0.926900
0.932525
0.938850
0.945725
0.972475
0.976400
0.991400
0.998075
1.001800
1.002800
1.006200
1.007200
1.008200
1.011675
1.015700
1.032500
1.047500
1.050150
1.080875
1.112800
1.140025
1.174975
1.190700
1.221150
1.236025
1.262150
1.274850
1.282100
1.340675
1.350375
1.353725
1.355275
1.375375
1.411500
1.422375
1.525525
1.532775
1.592075
1.622625
1.660400
1.862175
1.883050
1.968600
1.987225
2.047125
2.074175
2.199750
2.201950
2.297575
237
