0.001200
0.002400
0.003550
0.006650
0.007050
0.010725
0.012975
0.013925
0.014850
0.017275
0.018425
0.023125
0.028650
0.029250
0.029875
0.036450
0.038125
0.040275
0.042475
0.048300
0.055575
0.059400
0.059675
0.060050
0.060850
0.063175
0.075450
0.084525
0.092500
0.099350
0.102275
0.106475
0.107450
0.108650
0.108725
0.111175
0.116450
0.118300
0.133975
0.142650
0.154700
0.154875
0.155575
0.157050
0.158025
0.160275
0.167825
0.173075
0.179575
0.190550
0.200775
0.207850
0.225950
0.227775
0.228125
0.231550
0.233900
0.234625
0.242250
0.247200
0.251475
0.254100
0.255725
0.259625
0.261325
0.262675
0.262800
0.269975
0.273700
0.274450
0.278200
0.280850
0.281725
0.285275
0.286150
0.287050
0.290650
0.295575
0.300675
0.301975
0.308700
0.316150
0.321575
0.323825
0.324075
0.327225
0.327950
0.329725
0.332200
0.347400
0.355400
0.360925
0.365750
0.368150
0.376475
0.379650
0.385675
0.387600
0.393100
0.394950
0.400775
0.403025
0.417550
0.419400
0.429450
0.437275
0.437675
0.439850
0.440650
0.443250
0.447175
0.455000
0.459675
0.463575
0.464200
0.465800
0.467275
0.471650
0.472150
0.496500
0.499125
0.503300
0.514125
0.518050
0.518950
0.524700
0.529775
0.530650
0.533825
0.540850
0.548575
0.556750
0.564675
0.575425
0.578900
0.579325
0.587750
0.588175
0.588525
0.589725
0.597350
0.603925
0.604625
0.610900
0.610925
0.612600
0.616750
0.619125
0.619400
0.622775
0.623800
0.625200
0.626400
0.630725
0.637725
0.638975
0.640800
0.643550
0.649350
0.649775
0.650675
0.650700
0.661225
0.670625
0.683975
0.687750
0.690600
0.701750
0.706850
0.711875
0.713750
0.717950
0.720600
0.730650
0.731050
0.742700
0.743500
0.746975
0.749650
0.750275
0.754775
0.754775
0.758750
0.759075
0.763725
0.769975
0.770025
0.770575
0.774875
0.776225
0.778425
0.779525
0.782150
0.783025
0.787750
0.789825
0.791750
0.792175
0.809300
0.830275
0.833925
0.837175
0.837575
0.840450
0.842150
0.847475
0.848400
0.849200
0.851950
0.863575
0.875775
0.881725
0.892525
0.893250
0.895550
0.905975
0.921050
0.922400
0.926850
0.935350
0.938200
0.941275
0.942100
0.943750
0.947500
0.951825
0.959175
0.959250
0.960725
0.963100
0.970075
0.981625
0.984550
1.004825
1.009325
1.013500
1.019325
1.034625
1.045725
1.047675
1.062425
1.071650
1.073775
1.081725
1.082000
1.093225
1.104625
1.108200
1.122000
1.157125
1.157600
1.182525
1.187300
1.194825
1.199125
1.211025
1.213575
1.266050
1.282250
1.309775
1.337250
1.345025
1.371875
1.374375
1.430150
1.460575
1.572025
1.583475
1.633400
1.704075
1.723150
1.797200
1.859725
1.972800
2.085800
2.147800
2.161975
2.274175
2.420125
279
