0.007125
0.009825
0.024950
0.027900
0.032375
0.043775
0.043875
0.044325
0.044525
0.058600
0.059475
0.078500
0.090025
0.093400
0.094550
0.095125
0.095400
0.095575
0.097250
0.104900
0.111050
0.124500
0.133575
0.134225
0.136575
0.139400
0.143625
0.144925
0.148425
0.151025
0.158175
0.158525
0.162500
0.173450
0.185975
0.190775
0.197225
0.204775
0.207150
0.209100
0.219350
0.229025
0.235250
0.236800
0.239975
0.242525
0.247350
0.264650
0.275700
0.297275
0.300300
0.301450
0.302225
0.303925
0.306050
0.307250
0.307800
0.317300
0.322475
0.324550
0.325575
0.331275
0.344650
0.346325
0.348675
0.351350
0.353825
0.354825
0.361250
0.372150
0.374200
0.376475
0.377075
0.379375
0.391775
0.393250
0.401850
0.410425
0.411175
0.413725
0.416375
0.418900
0.424775
0.430475
0.434500
0.441075
0.443125
0.450125
0.451675
0.455000
0.465400
0.468325
0.476850
0.477575
0.480225
0.485050
0.487350
0.487550
0.487675
0.491700
0.495525
0.506350
0.517200
0.533400
0.536575
0.537900
0.541000
0.549975
0.555525
0.565275
0.575150
0.579850
0.585975
0.590400
0.597275
0.599225
0.604875
0.605725
0.608400
0.614300
0.627325
0.628850
0.629725
0.638325
0.640000
0.646750
0.647175
0.647875
0.648450
0.648925
0.649050
0.657125
0.658825
0.659675
0.659850
0.661150
0.665625
0.668400
0.668675
0.683925
0.684775
0.685100
0.686250
0.691325
0.697900
0.700950
0.712350
0.715000
0.719825
0.722375
0.722875
0.729000
0.736425
0.742700
0.747825
0.750000
0.752075
0.754125
0.758250
0.759725
0.761425
0.761925
0.772300
0.780950
0.786700
0.787225
0.792075
0.800475
0.803075
0.803175
0.806325
0.810350
0.815575
0.820975
0.824100
0.831125
0.840525
0.840775
0.851025
0.854675
0.865175
0.865550
0.886275
0.888375
0.900775
0.901425
0.905700
0.911000
0.918100
0.923350
0.929175
0.930650
0.933250
0.934875
0.948800
0.957350
0.961225
0.966600
0.974925
0.988900
1.003550
1.024500
1.035575
1.035575
1.040975
1.045150
1.050025
1.064375
1.069200
1.069575
1.094800
1.102925
1.109950
1.112825
1.123350
1.134550
1.182800
1.190625
1.230675
1.248300
1.273900
1.291425
1.306075
1.306900
1.309300
1.348900
1.380450
1.434225
1.442025
1.446500
1.479225
1.497775
1.583550
1.626575
1.634500
1.673200
1.833000
1.852400
1.936875
2.010925
2.053250
2.205225
2.326525
243
