0.001500
0.002225
0.005050
0.005075
0.023000
0.023650
0.027100
0.029475
0.029700
0.036700
0.043975
0.044300
0.046850
0.051200
0.065775
0.066475
0.076800
0.078775
0.080525
0.082275
0.084250
0.094200
0.100500
0.100775
0.102625
0.103425
0.106975
0.109550
0.119025
0.119850
0.123575
0.128125
0.130925
0.141700
0.149425
0.151050
0.152250
0.157725
0.159500
0.160600
0.166625
0.168550
0.175000
0.187450
0.191875
0.195225
0.197750
0.202675
0.203050
0.212000
0.213225
0.224500
0.231375
0.236225
0.244475
0.267200
0.267550
0.278075
0.280500
0.288800
0.289300
0.299750
0.302825
0.305850
0.309450
0.311600
0.313150
0.314775
0.316575
0.318650
0.319550
0.325550
0.338575
0.342700
0.345300
0.348450
0.354075
0.356200
0.357275
0.362575
0.368925
0.373525
0.374625
0.374775
0.379000
0.384325
0.391700
0.392975
0.393325
0.394150
0.394350
0.419825
0.421550
0.424500
0.426475
0.431750
0.433575
0.433850
0.437375
0.441100
0.442225
0.445750
0.449075
0.452300
0.453950
0.457025
0.460200
0.462275
0.463825
0.475450
0.490625
0.491850
0.513700
0.514825
0.523125
0.530875
0.544650
0.546300
0.548300
0.550000
0.554525
0.561300
0.564975
0.571075
0.571925
0.572800
0.574275
0.586400
0.591075
0.598800
0.602050
0.610350
0.611375
0.620200
0.620225
0.620850
0.621000
0.625350
0.625450
0.626200
0.633450
0.654625
0.656950
0.659625
0.663650
0.664725
0.666650
0.670675
0.678550
0.679100
0.690550
0.705775
0.706375
0.706875
0.714200
0.721200
0.723525
0.730200
0.731350
0.733400
0.736225
0.741600
0.749200
0.755600
0.763925
0.764825
0.770725
0.774000
0.778775
0.779300
0.786400
0.786700
0.792800
0.800800
0.815225
0.823725
0.827325
0.834600
0.848225
0.855800
0.859475
0.862350
0.870575
0.876075
0.882150
0.892775
0.896600
0.900700
0.905250
0.905325
0.916700
0.945525
0.969750
0.970500
0.971750
0.981150
0.985725
0.988375
1.007075
1.007900
1.010275
1.020575
1.027375
1.057525
1.061325
1.062500
1.062550
1.062900
1.071500
1.082775
1.088125
1.094200
1.101600
1.103175
1.108975
1.123175
1.132200
1.139525
1.140450
1.145375
1.148925
1.152250
1.177225
1.209975
1.213925
1.226500
1.227475
1.231400
1.241400
1.249675
1.256050
1.289000
1.375425
1.375700
1.419100
1.437775
1.441575
1.450300
1.474475
1.512475
1.548600
1.549350
1.551425
1.569350
1.588000
1.591550
1.636375
1.682125
1.693400
1.754575
1.757225
1.803900
1.924275
1.944600
2.076925
2.178000
256
