0.001825
0.003625
0.009275
0.013150
0.019450
0.020100
0.021025
0.033100
0.039025
0.044850
0.046475
0.047275
0.047775
0.047925
0.050275
0.050675
0.057025
0.062750
0.064250
0.074175
0.075850
0.088375
0.092250
0.092775
0.098425
0.099950
0.100250
0.104150
0.114475
0.114600
0.121325
0.134250
0.135175
0.137600
0.137800
0.145175
0.149250
0.151625
0.168675
0.169275
0.170350
0.178300
0.179100
0.179875
0.184500
0.185125
0.186150
0.187525
0.194325
0.202450
0.204100
0.208975
0.212275
0.214325
0.223125
0.224975
0.228625
0.233200
0.240150
0.256700
0.258350
0.261250
0.278900
0.278900
0.287525
0.290725
0.295100
0.296525
0.296925
0.301350
0.303775
0.310150
0.314800
0.323650
0.325125
0.330500
0.345675
0.345750
0.347750
0.357375
0.359950
0.368750
0.381625
0.383650
0.391550
0.393250
0.403675
0.406750
0.410225
0.411475
0.417075
0.428925
0.429825
0.431250
0.443375
0.444925
0.445300
0.445525
0.447000
0.447050
0.449625
0.452100
0.453200
0.458625
0.461350
0.466900
0.479550
0.484025
0.488975
0.489350
0.496300
0.497450
0.499150
0.509175
0.512575
0.514250
0.520800
0.534300
0.535200
0.539225
0.540875
0.543650
0.553575
0.558550
0.561250
0.564200
0.566050
0.569775
0.569800
0.573575
0.578325
0.586150
0.586975
0.608200
0.613300
0.616700
0.624750
0.636500
0.636725
0.649900
0.652575
0.661475
0.667100
0.689875
0.701425
0.703575
0.707450
0.717900
0.721250
0.728875
0.731075
0.733775
0.740075
0.743550
0.744925
0.746075
0.755950
0.758225
0.759625
0.759850
0.761450
0.762725
0.763500
0.768350
0.769150
0.771025
0.777375
0.780500
0.780575
0.780625
0.795850
0.799050
0.802050
0.808875
0.812425
0.817375
0.822775
0.824450
0.830050
0.842300
0.847475
0.854225
0.860500
0.861925
0.872475
0.878525
0.880150
0.880675
0.891775
0.901100
0.901625
0.906325
0.909850
0.916725
0.942125
0.947775
0.951475
0.963700
0.970575
0.978075
0.979400
0.982275
1.003550
1.004050
1.010700
1.011600
1.012775
1.014325
1.021450
1.022375
1.023525
1.028825
1.042575
1.046025
1.082025
1.093875
1.095000
1.097950
1.141900
1.147950
1.165475
1.174900
1.185175
1.186850
1.202575
1.225775
1.235375
1.236100
1.250775
1.263250
1.295150
1.304300
1.304575
1.368000
1.486800
1.492650
1.502975
1.565525
1.630375
1.646475
1.671700
1.681950
1.769625
1.772025
1.863550
1.986850
2.022875
2.116625
2.210025
2.361500
2.424175
251
