0.009450
0.011025
0.017875
0.030150
0.041125
0.044550
0.054450
0.059000
0.062400
0.066300
0.069525
0.073650
0.084500
0.084775
0.091675
0.094700
0.108200
0.110100
0.110800
0.135675
0.140900
0.143675
0.145425
0.152600
0.153225
0.156400
0.162900
0.169975
0.174075
0.180175
0.185175
0.186250
0.195175
0.201050
0.213875
0.215350
0.218500
0.224925
0.229825
0.236700
0.244575
0.245150
0.260375
0.261350
0.261900
0.265675
0.276575
0.283300
0.287800
0.295700
0.298450
0.298475
0.323100
0.329725
0.333075
0.340600
0.344825
0.347800
0.358725
0.359450
0.361050
0.361825
0.363075
0.367500
0.371150
0.372225
0.377150
0.378300
0.386525
0.393175
0.403900
0.409400
0.410700
0.412850
0.414325
0.414475
0.426625
0.429375
0.433975
0.439725
0.442125
0.446675
0.452025
0.460425
0.469975
0.478475
0.488100
0.499100
0.506125
0.511850
0.520475
0.527575
0.528250
0.535650
0.541700
0.546925
0.559275
0.560575
0.566975
0.568725
0.573200
0.577125
0.581450
0.583850
0.586525
0.588175
0.588350
0.600825
0.628100
0.634425
0.635025
0.636450
0.636650
0.646500
0.655150
0.655600
0.661800
0.662600
0.663575
0.664025
0.666025
0.673050
0.675575
0.679150
0.679875
0.681275
0.696825
0.697225
0.713175
0.714025
0.715400
0.723800
0.727225
0.745175
0.751400
0.765200
0.770300
0.777175
0.780000
0.794650
0.806800
0.834975
0.836450
0.839500
0.867575
0.868325
0.877725
0.878175
0.901775
0.909375
0.922525
0.925675
0.926250
0.947375
0.957625
0.969350
0.981600
0.987250
1.018500
1.024150
1.035075
1.043925
1.047225
1.052450
1.059325
1.059350
1.064325
1.065175
1.077250
1.081875
1.083825
1.104100
1.106100
1.138100
1.154700
1.158625
1.166600
1.171750
1.180625
1.195950
1.204325
1.207450
1.213125
1.225850
1.228400
1.244475
1.245950
1.271575
1.302975
1.304225
1.319975
1.327100
1.332200
1.349300
1.364600
1.393800
1.475425
1.489250
1.489325
1.501025
1.527950
1.529475
1.558150
1.561225
1.570500
1.627225
1.879875
2.035425
2.062600
2.106750
2.189325
2.205050
2.261975
2.304100
2.373475
215
