0.009050
0.023800
0.029075
0.030275
0.035725
0.036425
0.039350
0.047225
0.052975
0.064075
0.064925
0.068850
0.069975
0.078150
0.080775
0.080875
0.084375
0.085350
0.086050
0.086950
0.095725
0.097300
0.120750
0.120800
0.124925
0.129800
0.130800
0.131550
0.141200
0.144775
0.145175
0.149600
0.153575
0.157200
0.159200
0.159950
0.161450
0.162750
0.170075
0.170100
0.179100
0.187800
0.192800
0.195025
0.202500
0.206750
0.208550
0.209350
0.210800
0.218075
0.227500
0.232325
0.233075
0.242300
0.249475
0.255550
0.258750
0.281825
0.290325
0.294575
0.300975
0.301500
0.303950
0.305000
0.313775
0.315250
0.315600
0.317400
0.321100
0.324200
0.327850
0.332650
0.342425
0.344450
0.354150
0.361775
0.365550
0.366275
0.370575
0.370850
0.382200
0.386125
0.389275
0.394075
0.399650
0.403600
0.408100
0.411125
0.411725
0.422025
0.424950
0.431925
0.433250
0.445675
0.447000
0.448150
0.448175
0.458375
0.458575
0.461600
0.461650
0.464200
0.464550
0.465225
0.465875
0.465900
0.470450
0.473725
0.479425
0.491375
0.508775
0.514450
0.519400
0.522225
0.524850
0.529475
0.530625
0.536425
0.549800
0.561300
0.561650
0.564025
0.565350
0.566725
0.566825
0.567350
0.569475
0.569975
0.569975
0.570725
0.572300
0.575200
0.578025
0.586650
0.591200
0.595100
0.595675
0.596500
0.602000
0.610275
0.620275
0.642575
0.643225
0.644500
0.657950
0.659350
0.660450
0.665125
0.666875
0.668100
0.671375
0.672500
0.673250
0.674350
0.674725
0.675200
0.675375
0.679325
0.684200
0.693700
0.707050
0.716250
0.750350
0.774100
0.774750
0.777225
0.779900
0.782800
0.785825
0.786750
0.788950
0.801050
0.807725
0.810650
0.817675
0.834050
0.837875
0.839450
0.840175
0.842900
0.853775
0.864850
0.873800
0.874725
0.880100
0.889225
0.896450
0.901825
0.917400
0.924450
0.932575
0.932675
0.937900
0.966400
0.974875
0.977000
0.982900
0.997850
1.000925
1.010250
1.014150
1.019950
1.020075
1.026300
1.039200
1.048850
1.052500
1.055175
1.072400
1.089225
1.093275
1.103950
1.112850
1.115500
1.123425
1.146400
1.169700
1.177200
1.210800
1.214200
1.219575
1.229000
1.240050
1.264750
1.276700
1.278300
1.287975
1.306975
1.345025
1.369825
1.401475
1.493675
1.510075
1.527375
1.539025
1.610775
1.667250
1.677400
1.681400
1.708325
1.737925
2.107250
2.143225
2.144925
2.149725
2.212525
2.280375
2.313400
248
