0.000600
0.005175
0.015700
0.017525
0.020475
0.030300
0.035975
0.054800
0.058050
0.058200
0.065675
0.069150
0.069775
0.070125
0.072025
0.078300
0.078650
0.082450
0.085650
0.096150
0.100050
0.109450
0.113050
0.125900
0.126650
0.133175
0.133650
0.140675
0.148025
0.154375
0.154525
0.154625
0.163175
0.164600
0.164700
0.174825
0.178200
0.183350
0.184350
0.185125
0.185275
0.187025
0.188225
0.189750
0.194200
0.195900
0.212400
0.219000
0.219800
0.222675
0.236450
0.252675
0.256450
0.260575
0.265325
0.265375
0.270900
0.272475
0.279050
0.292175
0.293625
0.295925
0.297900
0.306850
0.314050
0.317700
0.321425
0.321825
0.323700
0.324475
0.325325
0.331825
0.335975
0.342850
0.343800
0.346100
0.347875
0.360075
0.361450
0.376775
0.377750
0.380925
0.385500
0.393400
0.395350
0.397200
0.397950
0.398500
0.400500
0.406600
0.406725
0.407125
0.409800
0.414450
0.421150
0.424950
0.425125
0.428675
0.431675
0.439700
0.450800
0.456850
0.457675
0.463375
0.468275
0.468625
0.473350
0.476225
0.489975
0.494675
0.494700
0.500650
0.501450
0.501475
0.506675
0.511325
0.514225
0.516525
0.518150
0.520150
0.521275
0.524450
0.527775
0.543050
0.544200
0.554325
0.560750
0.564650
0.574325
0.578300
0.592225
0.600925
0.602750
0.623675
0.632725
0.657025
0.665575
0.684100
0.684375
0.684500
0.688650
0.688750
0.699500
0.706750
0.714075
0.725325
0.738100
0.741700
0.743900
0.750150
0.751175
0.752200
0.757575
0.758750
0.763125
0.773175
0.796325
0.806325
0.808200
0.811375
0.819775
0.820625
0.821550
0.821800
0.826100
0.826150
0.826300
0.831100
0.832550
0.845450
0.847450
0.849900
0.850650
0.854925
0.856150
0.857875
0.866575
0.867450
0.881575
0.882050
0.882500
0.882525
0.910125
0.931150
0.932450
0.958475
0.962575
0.971875
0.972475
0.978650
0.981225
0.982850
0.984550
0.990850
1.026300
1.031675
1.041725
1.071900
1.088925
1.106725
1.136225
1.139700
1.141400
1.143475
1.149275
1.169475
1.171975
1.174975
1.178150
1.204600
1.210075
1.210875
1.240725
1.271800
1.278900
1.292750
1.297200
1.297525
1.322425
1.334550
1.337450
1.376075
1.376625
1.406525
1.464400
1.480900
1.486850
1.616525
1.622750
1.624500
1.687450
1.711875
1.856025
1.931325
1.957625
2.175425
236
