0.000775
0.001275
0.002725
0.003050
0.004100
0.010775
0.011050
0.012875
0.018350
0.021200
0.021575
0.022950
0.026425
0.027225
0.029275
0.033450
0.039025
0.050650
0.052450
0.059750
0.065175
0.071625
0.075000
0.085100
0.089425
0.090950
0.091425
0.092500
0.094550
0.099275
0.101675
0.103700
0.103975
0.104450
0.105575
0.112200
0.114550
0.114775
0.115625
0.123325
0.123900
0.128700
0.130975
0.133550
0.134050
0.138200
0.139125
0.150525
0.153100
0.164875
0.167650
0.168000
0.185450
0.189375
0.194250
0.194800
0.198450
0.200775
0.211075
0.211175
0.214725
0.221775
0.223700
0.226700
0.236250
0.243075
0.246750
0.247650
0.249325
0.251375
0.262325
0.265250
0.267575
0.286900
0.291625
0.292225
0.294775
0.300925
0.310275
0.314850
0.319225
0.320900
0.322750
0.323075
0.325100
0.329800
0.331850
0.332325
0.332325
0.351625
0.358575
0.365825
0.367950
0.369950
0.377125
0.381500
0.382050
0.382875
0.384300
0.387600
0.393000
0.394875
0.396050
0.396350
0.401650
0.408725
0.409350
0.421375
0.426050
0.438500
0.442825
0.443200
0.444975
0.457275
0.458400
0.459875
0.463225
0.465425
0.465550
0.466150
0.470775
0.471575
0.475475
0.480000
0.483825
0.484275
0.494350
0.509125
0.510125
0.519275
0.521125
0.523075
0.528300
0.534175
0.537325
0.538850
0.539350
0.539375
0.540175
0.542425
0.542775
0.544100
0.556775
0.558950
0.562050
0.563625
0.565300
0.566825
0.568700
0.569900
0.577750
0.579875
0.589775
0.590575
0.591200
0.595450
0.597100
0.598625
0.600425
0.602925
0.609350
0.610450
0.610725
0.615175
0.615450
0.615850
0.616650
0.624475
0.637150
0.638275
0.638800
0.643850
0.646075
0.646225
0.646325
0.654975
0.655750
0.657350
0.660775
0.669025
0.669800
0.671950
0.676225
0.678100
0.690925
0.706725
0.707875
0.710725
0.710750
0.714250
0.717925
0.719325
0.720525
0.727925
0.729550
0.731275
0.733450
0.743975
0.745525
0.745950
0.748300
0.756975
0.759875
0.759950
0.760175
0.761275
0.761400
0.763575
0.777150
0.781675
0.783150
0.784850
0.794325
0.796250
0.808225
0.823650
0.825150
0.831750
0.834875
0.838150
0.843350
0.845250
0.847750
0.849800
0.860350
0.864075
0.879850
0.885325
0.890375
0.897225
0.931800
0.946950
0.952375
0.967550
0.999025
1.010375
1.039625
1.043850
1.051575
1.062125
1.063775
1.081450
1.096650
1.099850
1.104700
1.114600
1.140550
1.145700
1.161275
1.169350
1.184825
1.185600
1.189050
1.201325
1.238025
1.246400
1.256575
1.283600
1.290850
1.323950
1.375825
1.380400
1.397100
1.424275
1.443700
1.464050
1.473275
1.502300
1.524000
1.542550
1.557250
1.558375
1.584250
1.614075
1.630275
1.631525
1.710175
1.819750
1.850850
1.985950
2.042350
2.119375
2.163725
2.167225
2.432525
285
