0.016125
0.019600
0.025150
0.034825
0.034950
0.048000
0.050075
0.059975
0.061100
0.065525
0.076900
0.082550
0.086775
0.092200
0.092825
0.093550
0.100000
0.105875
0.114900
0.116175
0.129375
0.139375
0.144875
0.146375
0.147200
0.147500
0.149750
0.150650
0.154575
0.155975
0.168025
0.172175
0.172975
0.175175
0.188650
0.189300
0.195375
0.199125
0.205575
0.206400
0.208125
0.213675
0.221175
0.222350
0.236775
0.237200
0.242550
0.243375
0.243675
0.249150
0.263075
0.264600
0.269875
0.269950
0.271375
0.274775
0.276125
0.276950
0.279125
0.289400
0.290625
0.294400
0.299600
0.303225
0.308975
0.311100
0.312775
0.317925
0.325125
0.331550
0.335450
0.336600
0.336625
0.339100
0.346725
0.349000
0.350675
0.357975
0.358125
0.371450
0.372950
0.385225
0.396650
0.397275
0.401700
0.402225
0.405125
0.405375
0.408325
0.410025
0.410550
0.414350
0.416225
0.419525
0.421300
0.437100
0.439775
0.446975
0.451225
0.452850
0.453325
0.453500
0.461850
0.466675
0.468175
0.468775
0.474000
0.475625
0.483100
0.484200
0.484525
0.492275
0.492800
0.495200
0.496100
0.510475
0.512100
0.514400
0.524600
0.538600
0.539775
0.542125
0.542525
0.542650
0.552150
0.554400
0.558025
0.562525
0.571075
0.575725
0.581100
0.591200
0.597475
0.606075
0.616200
0.616675
0.616725
0.617350
0.626050
0.628100
0.628775
0.634800
0.635525
0.639350
0.641000
0.648625
0.652700
0.662025
0.669300
0.673850
0.685950
0.688225
0.692600
0.695300
0.703475
0.703800
0.711900
0.717350
0.727600
0.728700
0.737600
0.738050
0.739800
0.742625
0.744775
0.745175
0.745950
0.753700
0.754350
0.755700
0.757000
0.757500
0.766400
0.779200
0.780125
0.780350
0.783950
0.794625
0.797625
0.797775
0.800000
0.803375
0.808400
0.811600
0.815950
0.817475
0.828675
0.832075
0.842750
0.848625
0.849625
0.851600
0.853175
0.859975
0.865325
0.872950
0.874975
0.877425
0.881775
0.887825
0.893675
0.894225
0.895900
0.897225
0.903375
0.904225
0.905950
0.907450
0.908525
0.913475
0.915725
0.918950
0.919625
0.920750
0.938700
0.947175
0.974875
0.990575
1.001975
1.007250
1.010225
1.022450
1.023475
1.027300
1.044375
1.056600
1.062750
1.065475
1.094200
1.104525
1.130375
1.132175
1.133625
1.140875
1.146075
1.155175
1.180025
1.187000
1.200775
1.240150
1.272375
1.298975
1.306625
1.309400
1.320200
1.343700
1.354725
1.360550
1.361850
1.394075
1.405150
1.406225
1.423150
1.485625
1.510925
1.558275
1.559325
1.565700
1.585700
1.626700
1.629050
1.661625
1.695550
1.704400
1.720825
1.730600
2.088475
2.170750
2.173475
269
