0.006675
0.013475
0.014075
0.018000
0.018850
0.019350
0.019475
0.033875
0.035125
0.037075
0.038075
0.042500
0.053075
0.053675
0.057175
0.060250
0.060350
0.065775
0.072175
0.077125
0.078350
0.079100
0.080000
0.082175
0.095250
0.104050
0.104425
0.105475
0.116775
0.125000
0.129625
0.134450
0.135900
0.136525
0.137025
0.137600
0.143250
0.143800
0.154975
0.155825
0.158450
0.164500
0.167650
0.172200
0.183550
0.184025
0.186900
0.187800
0.188725
0.190925
0.191225
0.193025
0.200075
0.201525
0.202175
0.205225
0.211750
0.214400
0.228250
0.234125
0.234200
0.234425
0.237475
0.243425
0.249050
0.252850
0.257400
0.261150
0.261800
0.262500
0.262550
0.263275
0.268025
0.272675
0.284875
0.286700
0.286900
0.292900
0.301725
0.313475
0.315150
0.318425
0.319625
0.334825
0.349250
0.349750
0.353200
0.355325
0.358225
0.361950
0.363525
0.364100
0.365300
0.370050
0.378300
0.386125
0.392700
0.397800
0.401125
0.402625
0.407975
0.408425
0.413225
0.416500
0.418575
0.433000
0.433650
0.438475
0.438775
0.445975
0.451925
0.453175
0.458075
0.460525
0.464600
0.470000
0.487675
0.488350
0.490300
0.511800
0.512450
0.514300
0.523675
0.525675
0.531300
0.537450
0.541150
0.543425
0.544525
0.550300
0.553700
0.565950
0.567725
0.571550
0.571950
0.574925
0.576450
0.577625
0.585700
0.587600
0.590475
0.616225
0.619225
0.619575
0.621225
0.622600
0.630700
0.635025
0.638925
0.640425
0.643725
0.645800
0.648025
0.650750
0.653100
0.654500
0.657500
0.660800
0.663625
0.664025
0.665800
0.672025
0.672350
0.673350
0.674100
0.675550
0.675575
0.676175
0.678025
0.680475
0.681700
0.687475
0.688750
0.693550
0.706700
0.708575
0.717600
0.732000
0.739825
0.740675
0.741975
0.742200
0.749075
0.751150
0.761450
0.764325
0.773300
0.776875
0.780775
0.780850
0.799425
0.801775
0.804275
0.816450
0.817775
0.817800
0.824550
0.826425
0.827750
0.828600
0.831975
0.832225
0.833375
0.836200
0.836750
0.840725
0.850075
0.851325
0.852350
0.855700
0.877775
0.882450
0.882975
0.894000
0.897175
0.898425
0.906400
0.914375
0.914525
0.915875
0.921375
0.930625
0.948800
0.951150
0.953350
0.962200
0.973275
0.983450
0.985900
0.994950
1.015725
1.017250
1.037825
1.060100
1.082000
1.103825
1.109225
1.131300
1.137375
1.141975
1.153850
1.175700
1.176775
1.192550
1.209475
1.324375
1.342525
1.395050
1.401775
1.464550
1.504275
1.506650
1.520150
1.521175
1.531250
1.533875
1.640175
1.640250
1.641000
1.652400
1.662450
1.675800
1.676725
1.686375
1.710700
1.778800
1.801525
1.845100
1.858650
1.898200
1.981650
2.057800
2.147350
2.415200
2.453500
275
