0.000200
0.002100
0.002900
0.026900
0.027500
0.035875
0.039075
0.045275
0.046625
0.048850
0.050850
0.051075
0.069550
0.070675
0.074350
0.081625
0.086425
0.095625
0.096000
0.100800
0.105900
0.108525
0.119675
0.120625
0.121925
0.122400
0.126125
0.132350
0.136075
0.136100
0.136300
0.137475
0.143175
0.160075
0.164775
0.170400
0.180875
0.186450
0.187675
0.188550
0.198575
0.198800
0.209250
0.210425
0.210500
0.212600
0.215650
0.216150
0.226375
0.228425
0.248825
0.261625
0.269825
0.272900
0.281400
0.282925
0.286350
0.289500
0.300175
0.302800
0.302875
0.312175
0.334175
0.336225
0.338200
0.339475
0.339950
0.348075
0.349925
0.354600
0.356475
0.356575
0.359325
0.362900
0.366350
0.367450
0.368300
0.371325
0.375675
0.375875
0.379250
0.386325
0.388725
0.405175
0.412950
0.416800
0.418100
0.423525
0.427825
0.428325
0.439600
0.442150
0.449225
0.450600
0.454775
0.455625
0.461400
0.462025
0.464325
0.494525
0.501350
0.503350
0.506000
0.506075
0.508150
0.511475
0.524750
0.529100
0.532125
0.538575
0.546500
0.549550
0.555350
0.567925
0.578750
0.583125
0.592900
0.599600
0.600025
0.602500
0.602850
0.603125
0.611225
0.611600
0.618325
0.621475
0.629450
0.642800
0.648100
0.652175
0.662300
0.669375
0.669450
0.670325
0.670450
0.671300
0.675150
0.690475
0.692775
0.700375
0.702725
0.702750
0.710425
0.711800
0.712900
0.714450
0.718400
0.720150
0.720300
0.720575
0.728325
0.741200
0.741500
0.745300
0.746950
0.755925
0.779950
0.784075
0.785375
0.788600
0.794400
0.809950
0.813500
0.815450
0.818950
0.820675
0.828175
0.829550
0.832200
0.833950
0.838250
0.849250
0.849675
0.860350
0.864075
0.875950
0.882025
0.884400
0.886175
0.886300
0.887325
0.897075
0.897500
0.907175
0.909325
0.910550
0.922100
0.927275
0.933475
0.944900
0.950400
0.964375
0.964700
0.994225
1.008200
1.010675
1.019800
1.020325
1.021975
1.024000
1.032925
1.053975
1.055125
1.067175
1.077275
1.080475
1.089775
1.108375
1.109675
1.122375
1.125650
1.138075
1.149600
1.163450
1.165175
1.177425
1.213700
1.226875
1.267600
1.281350
1.287275
1.298525
1.302025
1.307125
1.312300
1.321950
1.325825
1.347225
1.354150
1.375925
1.417650
1.424075
1.440425
1.444125
1.450900
1.462700
1.489425
1.548825
1.720250
1.762725
1.786000
1.786850
1.803000
1.871700
1.884725
1.995650
2.040625
2.055500
2.070675
2.199075
250
