0.004600
0.013875
0.019600
0.020600
0.023075
0.027375
0.029975
0.030400
0.033400
0.033650
0.036025
0.038300
0.046675
0.051125
0.055100
0.058275
0.066650
0.071900
0.072375
0.080950
0.105925
0.108825
0.120250
0.123475
0.125400
0.131300
0.133650
0.143375
0.144475
0.147000
0.147800
0.148950
0.158850
0.159600
0.162025
0.164725
0.168025
0.168775
0.173350
0.174625
0.181475
0.198600
0.201125
0.202100
0.203150
0.221425
0.221800
0.226950
0.227850
0.229075
0.231125
0.233925
0.236425
0.241075
0.244075
0.246925
0.253650
0.260050
0.261725
0.262725
0.270725
0.272350
0.272375
0.287400
0.294450
0.297925
0.299250
0.299975
0.300625
0.314500
0.316200
0.321350
0.324600
0.331800
0.336075
0.348700
0.356050
0.358875
0.361775
0.372725
0.376300
0.380425
0.381075
0.382100
0.389125
0.392325
0.401450
0.401800
0.412650
0.412675
0.418825
0.421975
0.423350
0.425200
0.441000
0.441775
0.443175
0.447775
0.457000
0.462825
0.466250
0.472025
0.473850
0.474550
0.482325
0.488600
0.491825
0.498125
0.498425
0.498525
0.501125
0.503950
0.509650
0.511775
0.519900
0.522650
0.525550
0.525850
0.526525
0.528400
0.534025
0.534125
0.534325
0.547850
0.559350
0.560850
0.569600
0.578450
0.590225
0.592675
0.605775
0.621475
0.622925
0.627625
0.628975
0.632225
0.638600
0.659975
0.666625
0.671175
0.671300
0.674025
0.674175
0.679825
0.692875
0.694925
0.695150
0.696875
0.702225
0.716425
0.725700
0.729700
0.731750
0.743025
0.750400
0.755275
0.755375
0.759875
0.763125
0.769925
0.770425
0.777525
0.785075
0.796700
0.799950
0.816575
0.832150
0.833400
0.839150
0.840475
0.840875
0.843125
0.844025
0.846150
0.847900
0.848700
0.854400
0.860125
0.862750
0.874125
0.876400
0.884100
0.906200
0.910025
0.925900
0.929575
0.930175
0.932500
0.933850
0.961525
0.962525
0.965075
0.965475
0.965650
0.966175
0.967150
0.980375
0.984625
1.013275
1.020825
1.052500
1.060800
1.069000
1.071500
1.075125
1.076075
1.076375
1.083125
1.083625
1.096100
1.098225
1.116175
1.122050
1.126250
1.133725
1.137725
1.151075
1.153600
1.180825
1.200275
1.205875
1.235425
1.238375
1.240925
1.265600
1.294750
1.327725
1.348225
1.399275
1.432050
1.439825
1.454775
1.473000
1.501050
1.508550
1.557200
1.562875
1.598550
1.606925
1.666275
1.691825
1.763775
1.779425
1.809450
1.828375
1.871375
1.975575
2.065375
2.101775
2.202600
2.265125
251
