0.002275
0.003225
0.003425
0.004625
0.006300
0.007250
0.009725
0.010200
0.010675
0.011125
0.015375
0.020225
0.029900
0.038200
0.039700
0.044775
0.051700
0.058775
0.062850
0.067100
0.069525
0.080375
0.081675
0.088725
0.090825
0.095175
0.097350
0.100475
0.100950
0.101350
0.102325
0.104000
0.104475
0.108675
0.111425
0.117650
0.123650
0.131825
0.131950
0.133450
0.145125
0.146275
0.149325
0.158025
0.158825
0.184625
0.196750
0.198125
0.199150
0.201200
0.204150
0.206550
0.207800
0.208250
0.211925
0.215075
0.215125
0.216975
0.219950
0.228525
0.231800
0.235425
0.236575
0.237325
0.241650
0.244775
0.244900
0.247750
0.251800
0.254950
0.262250
0.266000
0.266175
0.274100
0.277575
0.284925
0.293350
0.297500
0.297875
0.298900
0.301300
0.301425
0.314250
0.315000
0.321775
0.323050
0.324800
0.328025
0.330925
0.332100
0.333200
0.338425
0.339225
0.339700
0.340150
0.341125
0.341450
0.342250
0.343425
0.346750
0.347100
0.357200
0.366775
0.375125
0.379400
0.381125
0.392950
0.393400
0.395975
0.397850
0.402800
0.412625
0.413325
0.414600
0.414875
0.415200
0.416875
0.424200
0.435275
0.437850
0.442975
0.444075
0.445500
0.450225
0.451225
0.458700
0.464400
0.465525
0.473625
0.474100
0.482950
0.484800
0.491025
0.495000
0.497900
0.503350
0.504025
0.509875
0.512300
0.513175
0.517975
0.528625
0.529275
0.532625
0.536725
0.537100
0.537375
0.537400
0.538925
0.541375
0.543000
0.544875
0.560775
0.567600
0.570275
0.570925
0.572900
0.587250
0.589000
0.590525
0.592950
0.597425
0.599175
0.600850
0.601250
0.602350
0.605800
0.617675
0.618125
0.625500
0.631700
0.633025
0.633750
0.634500
0.639150
0.656525
0.672650
0.686975
0.688975
0.691575
0.698925
0.699725
0.702175
0.704550
0.716400
0.719400
0.734975
0.741100
0.742075
0.742475
0.742700
0.746750
0.747200
0.753125
0.754250
0.761775
0.771800
0.776350
0.778600
0.782100
0.782475
0.785550
0.786775
0.788100
0.789400
0.792850
0.834750
0.838550
0.856375
0.866325
0.866875
0.888100
0.894900
0.900125
0.903800
0.909200
0.916650
0.933750
0.933825
0.944600
0.945500
0.947475
0.959850
0.967225
0.969125
0.979075
0.987950
0.995575
0.997075
1.012475
1.016750
1.020025
1.031125
1.049275
1.068925
1.069775
1.106250
1.112575
1.128800
1.143675
1.165725
1.183375
1.189525
1.192725
1.200500
1.205125
1.218800
1.220275
1.221950
1.241125
1.246225
1.253275
1.253650
1.257275
1.263650
1.265450
1.276550
1.291375
1.321300
1.325750
1.350150
1.386675
1.443825
1.471950
1.516825
1.548325
1.613225
1.662150
1.694900
1.744425
1.829575
1.845025
1.928900
2.190150
2.353725
275
