0.000550
0.002300
0.007200
0.014350
0.014950
0.021825
0.024625
0.039800
0.041300
0.046975
0.048775
0.049250
0.063225
0.063500
0.063775
0.064550
0.066550
0.066725
0.074650
0.075125
0.077875
0.082725
0.096500
0.099500
0.100450
0.106025
0.108175
0.113825
0.114250
0.119425
0.123850
0.134125
0.138575
0.154125
0.154275
0.158950
0.159975
0.162925
0.164675
0.165950
0.171875
0.186050
0.192725
0.201850
0.204650
0.214100
0.217050
0.219575
0.220350
0.232025
0.237200
0.242525
0.243475
0.244050
0.247800
0.257775
0.259050
0.262350
0.263525
0.263900
0.265925
0.270150
0.277625
0.280350
0.282325
0.298175
0.309325
0.325425
0.325500
0.325975
0.341225
0.344350
0.350450
0.350850
0.353625
0.371825
0.388275
0.397700
0.398450
0.417775
0.422450
0.426775
0.429425
0.429875
0.435100
0.442675
0.444625
0.454775
0.457875
0.471900
0.477025
0.477425
0.480900
0.486200
0.487200
0.488750
0.489875
0.493375
0.496325
0.504950
0.510375
0.518925
0.521850
0.525500
0.534800
0.542500
0.542850
0.543475
0.543950
0.545850
0.549775
0.555225
0.561350
0.562500
0.569450
0.572850
0.579200
0.580200
0.584425
0.595100
0.599400
0.602725
0.603525
0.605650
0.622125
0.624925
0.626725
0.626825
0.629400
0.639925
0.641425
0.645975
0.661275
0.662900
0.663800
0.674175
0.677500
0.679100
0.679950
0.681700
0.683275
0.684200
0.689475
0.690275
0.692550
0.697150
0.697950
0.698300
0.701550
0.713225
0.716775
0.721225
0.722850
0.727125
0.727300
0.728550
0.738700
0.741200
0.767725
0.774500
0.777550
0.787500
0.789850
0.795025
0.800900
0.803850
0.809100
0.816250
0.818675
0.822700
0.823050
0.830275
0.840225
0.845050
0.855250
0.863575
0.899125
0.940650
0.943125
0.954600
0.960200
0.960500
0.985125
1.047050
1.060825
1.077600
1.077925
1.124325
1.126650
1.135725
1.143325
1.147325
1.154400
1.158150
1.185125
1.190250
1.226075
1.251175
1.284025
1.290075
1.316475
1.337200
1.345450
1.445650
1.466600
1.492150
1.532400
1.547050
1.577275
1.598150
1.677525
1.761850
1.821100
1.843775
1.857850
1.864100
1.892450
1.924875
1.949925
1.995775
2.115025
2.127600
2.186600
2.339875
224
