0.004950
0.005450
0.018425
0.019125
0.023900
0.026725
0.038675
0.047075
0.050825
0.050975
0.051825
0.055100
0.055800
0.058850
0.062400
0.063325
0.071050
0.072575
0.081250
0.086850
0.087575
0.091250
0.096250
0.098500
0.100375
0.108950
0.121925
0.122625
0.139200
0.140775
0.141225
0.151900
0.152575
0.154075
0.157175
0.158575
0.159725
0.165825
0.171425
0.171700
0.172700
0.174725
0.186475
0.191150
0.199300
0.200475
0.201100
0.203375
0.203775
0.208325
0.209950
0.214625
0.238775
0.240000
0.242625
0.245100
0.265425
0.266725
0.275850
0.276500
0.276925
0.277850
0.279650
0.281875
0.285825
0.288125
0.288700
0.295975
0.307275
0.307425
0.308875
0.314675
0.322350
0.327625
0.329800
0.336600
0.342050
0.342950
0.352750
0.354400
0.366175
0.367900
0.400850
0.402600
0.421825
0.422300
0.426725
0.427825
0.430050
0.437200
0.437975
0.440300
0.442075
0.442725
0.448625
0.451300
0.466400
0.467675
0.473750
0.474300
0.477200
0.477950
0.497250
0.503275
0.509950
0.510425
0.512650
0.519700
0.534825
0.543275
0.547625
0.549500
0.553025
0.557450
0.562825
0.565300
0.568875
0.571250
0.574125
0.574600
0.579400
0.592575
0.595950
0.597500
0.598250
0.605400
0.611175
0.612425
0.638600
0.641950
0.650000
0.655600
0.656975
0.657500
0.657700
0.662000
0.662175
0.662325
0.663975
0.670775
0.673125
0.677400
0.682200
0.682875
0.685325
0.694100
0.707675
0.708125
0.710225
0.712600
0.717575
0.734550
0.738425
0.739275
0.739550
0.739925
0.740875
0.742150
0.742525
0.743750
0.747275
0.754250
0.760600
0.764150
0.768800
0.772750
0.779875
0.786050
0.790000
0.790550
0.796375
0.810875
0.812625
0.831525
0.836600
0.842950
0.846850
0.854175
0.871875
0.874000
0.885050
0.899625
0.909225
0.914725
0.925200
0.934250
0.934275
0.941975
0.945450
0.952500
0.973050
0.974400
0.987325
1.001375
1.016150
1.060050
1.069000
1.077875
1.086875
1.120850
1.123275
1.126250
1.129700
1.158800
1.164475
1.201075
1.205400
1.212900
1.224650
1.272950
1.279650
1.329425
1.334600
1.356125
1.381550
1.425275
1.495200
1.561250
1.599300
1.663050
1.748525
1.758475
1.759325
1.802850
1.905000
1.999025
2.034575
2.047475
2.096475
2.230175
2.278700
2.347900
232
