0.004325
0.008675
0.008975
0.014475
0.018425
0.027850
0.029225
0.030025
0.042100
0.046225
0.050225
0.053425
0.054725
0.058525
0.059975
0.069000
0.074000
0.074425
0.078750
0.084425
0.085225
0.085550
0.087025
0.089800
0.090200
0.092875
0.097125
0.097475
0.097850
0.098200
0.102625
0.118725
0.124175
0.134725
0.137775
0.146650
0.150775
0.153700
0.154150
0.160300
0.160975
0.163275
0.183425
0.188525
0.201025
0.206225
0.214500
0.221525
0.223475
0.225225
0.230750
0.240575
0.241400
0.247050
0.247450
0.251375
0.253525
0.253625
0.255250
0.260075
0.260500
0.261650
0.272600
0.278275
0.280050
0.289850
0.297175
0.302000
0.307575
0.308925
0.315700
0.318750
0.327550
0.337200
0.338150
0.352950
0.354550
0.367675
0.379300
0.381700
0.386050
0.387550
0.405125
0.407525
0.407725
0.408350
0.413850
0.416850
0.420825
0.428800
0.431475
0.436550
0.439400
0.441575
0.442800
0.444150
0.450750
0.460200
0.473525
0.476750
0.484300
0.488750
0.490700
0.497050
0.509825
0.513375
0.513925
0.514275
0.522675
0.528625
0.531475
0.532125
0.532350
0.536325
0.539750
0.544925
0.545700
0.551400
0.552200
0.552350
0.556675
0.576900
0.580375
0.586450
0.591700
0.594125
0.597050
0.597800
0.597950
0.602425
0.627100
0.632850
0.635050
0.640825
0.641450
0.649750
0.658525
0.664900
0.665075
0.665475
0.667075
0.670125
0.676550
0.689400
0.716025
0.719800
0.720700
0.722700
0.723050
0.733300
0.744700
0.745600
0.746375
0.748700
0.749375
0.752375
0.753175
0.756325
0.757550
0.758025
0.763250
0.764250
0.765300
0.777725
0.778775
0.782375
0.782900
0.788400
0.790500
0.790950
0.798150
0.815850
0.819850
0.826825
0.828675
0.832075
0.836175
0.839425
0.847575
0.850675
0.855150
0.855525
0.860425
0.862850
0.869100
0.871525
0.876250
0.877925
0.880550
0.891450
0.896525
0.897575
0.899075
0.909100
0.910250
0.915375
0.925425
0.929150
0.932475
0.951225
0.953950
0.967925
0.974125
0.982750
0.987850
0.988275
0.992500
1.000875
1.004750
1.035875
1.038800
1.044075
1.045725
1.051450
1.057750
1.061250
1.102600
1.102650
1.107125
1.119125
1.124300
1.131025
1.133225
1.135800
1.136225
1.141850
1.154350
1.159250
1.173950
1.176500
1.235200
1.254800
1.308000
1.343000
1.344200
1.359100
1.393425
1.408525
1.412275
1.418825
1.494225
1.507600
1.524900
1.585500
1.586175
1.609025
1.636500
1.651125
1.695725
1.712475
1.728925
1.747375
1.868750
1.941575
1.954575
2.010550
2.176275
257
