0.009425
0.013425
0.013700
0.016275
0.016400
0.016475
0.018150
0.023425
0.029275
0.037250
0.052175
0.053350
0.060725
0.060775
0.065125
0.068025
0.068950
0.073675
0.080425
0.082000
0.083425
0.094050
0.106950
0.111000
0.119075
0.119650
0.120850
0.128300
0.128900
0.141050
0.147300
0.154750
0.157750
0.159800
0.181100
0.182500
0.190225
0.205575
0.207800
0.231150
0.232575
0.236925
0.250125
0.250700
0.251500
0.257125
0.261350
0.265700
0.266275
0.267075
0.267550
0.269250
0.275525
0.280750
0.281325
0.285775
0.288400
0.290400
0.290800
0.293750
0.300250
0.306000
0.306050
0.312575
0.314025
0.316925
0.324575
0.325925
0.333225
0.333925
0.345375
0.356925
0.359075
0.360550
0.361575
0.363475
0.368000
0.368275
0.382975
0.383425
0.386125
0.392675
0.395100
0.399950
0.402300
0.403000
0.410850
0.412325
0.421125
0.422800
0.434700
0.436875
0.438725
0.440425
0.445600
0.446975
0.449125
0.457500
0.457500
0.458200
0.466875
0.466975
0.468900
0.478050
0.478500
0.480500
0.480500
0.489475
0.494700
0.512175
0.515450
0.519350
0.525950
0.527775
0.528650
0.533525
0.533550
0.545225
0.546925
0.546950
0.548125
0.549950
0.551600
0.555450
0.565400
0.568975
0.573450
0.579600
0.580275
0.583450
0.585575
0.593825
0.595225
0.599825
0.605925
0.615100
0.616550
0.616575
0.617600
0.618100
0.623150
0.636175
0.637900
0.640700
0.642100
0.644600
0.644775
0.648600
0.655225
0.663600
0.664100
0.675775
0.678450
0.678625
0.683550
0.685550
0.686250
0.691775
0.705125
0.705175
0.709550
0.711425
0.716800
0.717275
0.722150
0.738000
0.744950
0.745150
0.747500
0.757250
0.764325
0.765550
0.766025
0.772300
0.788475
0.788850
0.797900
0.802375
0.814575
0.832125
0.845100
0.846325
0.847725
0.848175
0.850950
0.853725
0.857350
0.862550
0.864925
0.873900
0.884675
0.892500
0.905700
0.935150
0.936775
0.959450
0.975900
0.977050
0.980450
0.982775
1.002025
1.023600
1.057525
1.074675
1.077500
1.078750
1.087150
1.088300
1.093125
1.100525
1.111275
1.120775
1.123825
1.128875
1.162250
1.167150
1.171150
1.174525
1.176675
1.177925
1.184225
1.194725
1.195025
1.199350
1.207100
1.207975
1.220125
1.225150
1.240450
1.265850
1.271200
1.323700
1.350850
1.365150
1.378575
1.394825
1.456500
1.468625
1.490025
1.503050
1.513650
1.597775
1.680225
2.294275
2.310275
245
