0.010525
0.010650
0.016425
0.019800
0.025150
0.028025
0.030525
0.031725
0.032425
0.039200
0.045575
0.049350
0.051125
0.056975
0.057725
0.063650
0.066600
0.073575
0.074650
0.075025
0.079700
0.091425
0.092725
0.100550
0.102475
0.119900
0.122275
0.126000
0.127250
0.134750
0.139575
0.140025
0.141275
0.145175
0.147250
0.154325
0.158000
0.163075
0.166750
0.168100
0.171000
0.174225
0.183500
0.186250
0.195725
0.208425
0.209200
0.211750
0.229900
0.231275
0.237975
0.242050
0.248575
0.253625
0.254600
0.255975
0.259000
0.265325
0.265900
0.266650
0.272125
0.272250
0.283675
0.286975
0.294375
0.297375
0.297825
0.298100
0.299675
0.303050
0.304425
0.305975
0.307450
0.314700
0.316475
0.323775
0.327675
0.329700
0.331800
0.334250
0.334500
0.336900
0.338200
0.346825
0.347600
0.363325
0.366425
0.367875
0.374000
0.381350
0.381800
0.382150
0.392100
0.396775
0.397325
0.403500
0.408325
0.409250
0.429200
0.432325
0.433750
0.445650
0.450200
0.450250
0.455075
0.457225
0.464950
0.474850
0.476975
0.481025
0.482400
0.486475
0.490350
0.497775
0.501400
0.503050
0.504900
0.508450
0.517500
0.517825
0.518725
0.522925
0.523575
0.528875
0.535900
0.536125
0.537025
0.538475
0.539525
0.541275
0.546575
0.556825
0.567450
0.568925
0.570275
0.576225
0.578375
0.579275
0.579900
0.586025
0.587725
0.594225
0.595300
0.597125
0.605725
0.605750
0.608250
0.612725
0.613575
0.620725
0.625225
0.629875
0.634800
0.637250
0.637700
0.643700
0.643725
0.652400
0.656100
0.666375
0.667900
0.673225
0.673375
0.674575
0.690325
0.694775
0.695700
0.696725
0.701500
0.704075
0.714150
0.715525
0.721075
0.722850
0.724050
0.724650
0.725875
0.728600
0.740950
0.756875
0.758100
0.760575
0.783325
0.787725
0.796675
0.800750
0.800850
0.804900
0.811525
0.824200
0.841875
0.853275
0.856450
0.857775
0.867975
0.871200
0.875475
0.884975
0.887975
0.898075
0.906925
0.918425
0.922325
0.924550
0.934225
0.934750
0.947400
0.956625
0.980400
0.982100
0.993925
0.996350
1.010275
1.011550
1.012875
1.020025
1.026175
1.059725
1.065275
1.090125
1.091000
1.097425
1.127000
1.139575
1.141900
1.157750
1.173225
1.173650
1.195000
1.212475
1.239950
1.261900
1.285650
1.349175
1.349475
1.355900
1.359875
1.373000
1.419125
1.422275
1.435050
1.482600
1.500700
1.528575
1.537500
1.585175
1.683400
1.700350
1.745025
1.953075
2.075225
2.213825
2.291300
2.428125
254
