0.003750
0.008150
0.009900
0.014750
0.022800
0.026525
0.028200
0.029375
0.033725
0.033900
0.034675
0.036275
0.037175
0.041425
0.043600
0.051175
0.066875
0.068100
0.075100
0.077575
0.086575
0.090975
0.095625
0.098625
0.104525
0.111375
0.113175
0.116250
0.116625
0.123250
0.123550
0.124500
0.127075
0.129750
0.130675
0.132475
0.133800
0.136225
0.140675
0.140825
0.144700
0.151250
0.157825
0.165875
0.168250
0.192150
0.193050
0.198500
0.199475
0.203850
0.214725
0.216375
0.217925
0.224425
0.225925
0.234550
0.241525
0.242125
0.243875
0.260700
0.261450
0.278375
0.279575
0.283825
0.289700
0.291075
0.291925
0.293100
0.297050
0.303975
0.307950
0.308450
0.320525
0.321375
0.323825
0.340950
0.341575
0.342600
0.343650
0.347025
0.347050
0.352800
0.355400
0.356175
0.361400
0.367475
0.372000
0.372325
0.377250
0.378075
0.383100
0.390275
0.395275
0.400125
0.402450
0.407350
0.410675
0.411525
0.414575
0.414675
0.415425
0.421325
0.426250
0.435875
0.437775
0.441925
0.444850
0.455200
0.455325
0.459325
0.461550
0.469600
0.473650
0.494875
0.502825
0.506350
0.507425
0.509425
0.513900
0.519250
0.524150
0.528500
0.530575
0.535325
0.536375
0.536850
0.539800
0.542550
0.544600
0.545975
0.548975
0.549925
0.551850
0.551950
0.552700
0.553375
0.560800
0.561450
0.566250
0.567275
0.583375
0.592125
0.596275
0.598300
0.604750
0.607175
0.609125
0.611100
0.612025
0.620350
0.620975
0.631450
0.640225
0.641375
0.643050
0.647625
0.648275
0.649000
0.651600
0.660875
0.663525
0.668775
0.670775
0.688150
0.690625
0.692125
0.695425
0.710625
0.710950
0.715950
0.716850
0.717350
0.743375
0.743700
0.746375
0.749375
0.750950
0.756700
0.763250
0.769950
0.771125
0.771225
0.783175
0.787025
0.789525
0.790225
0.790800
0.793000
0.793125
0.800100
0.825775
0.830400
0.831600
0.831900
0.866250
0.869000
0.880000
0.885850
0.892550
0.894075
0.895700
0.897075
0.904025
0.909425
0.928500
0.938475
0.940075
0.954250
0.959175
0.960075
0.972725
0.973700
0.983850
0.989350
0.992050
0.999350
1.001900
1.012075
1.032150
1.038525
1.043475
1.044825
1.045450
1.048400
1.049700
1.078475
1.092550
1.114450
1.134700
1.160675
1.169800
1.184350
1.184500
1.200275
1.211525
1.278975
1.296200
1.307525
1.308325
1.309775
1.328250
1.344775
1.350875
1.355175
1.363650
1.396475
1.400800
1.417200
1.432525
1.497275
1.501450
1.518225
1.561625
1.572250
1.588650
1.625475
1.657650
1.667525
1.689300
1.740750
1.770750
1.772050
1.824650
1.847100
1.903500
1.916250
2.007425
2.010675
2.186600
2.431100
270
