0.003525
0.004400
0.005625
0.008225
0.013025
0.025350
0.029225
0.039450
0.043150
0.046450
0.047500
0.062875
0.063025
0.067150
0.067600
0.068775
0.070450
0.077975
0.082650
0.089800
0.089950
0.098800
0.101500
0.110200
0.115225
0.116150
0.125350
0.126375
0.134025
0.138350
0.144875
0.146875
0.147125
0.169375
0.175300
0.178675
0.181975
0.185900
0.193000
0.209625
0.230225
0.247150
0.253100
0.255600
0.256500
0.257125
0.257600
0.260425
0.265925
0.280550
0.281575
0.286525
0.290500
0.294850
0.300600
0.301300
0.307350
0.308850
0.324300
0.326250
0.326500
0.327075
0.329500
0.330100
0.330175
0.340700
0.342850
0.344025
0.344600
0.353625
0.354000
0.357550
0.362275
0.367150
0.367900
0.369250
0.370900
0.372925
0.374275
0.375750
0.377850
0.379075
0.380775
0.387675
0.393850
0.394075
0.395450
0.397475
0.410775
0.416025
0.421250
0.423925
0.427325
0.430100
0.431225
0.435500
0.442725
0.444225
0.447475
0.452375
0.455050
0.463300
0.469175
0.471725
0.474325
0.476300
0.477350
0.482675
0.483475
0.499525
0.514350
0.517150
0.518425
0.525500
0.532925
0.533350
0.533375
0.535850
0.540175
0.540400
0.547525
0.548425
0.552450
0.554900
0.556550
0.559775
0.567425
0.567725
0.573825
0.574200
0.592600
0.595700
0.598050
0.600650
0.602250
0.620000
0.631700
0.631800
0.635225
0.650825
0.655275
0.655600
0.656075
0.660750
0.662700
0.665450
0.668900
0.669500
0.673475
0.673500
0.676275
0.681775
0.682450
0.694650
0.695000
0.697600
0.722625
0.744575
0.749825
0.753050
0.759125
0.759175
0.765800
0.769225
0.772750
0.774125
0.784500
0.787850
0.788850
0.788875
0.796950
0.801750
0.807925
0.811350
0.811850
0.813025
0.814275
0.817100
0.837500
0.837600
0.846325
0.847775
0.850875
0.873950
0.874150
0.874675
0.882575
0.889025
0.918775
0.923625
0.934050
0.950750
0.963100
0.975675
0.980125
0.990325
0.994375
1.008575
1.022825
1.055775
1.057425
1.062675
1.067625
1.094100
1.107375
1.111725
1.123300
1.136900
1.144100
1.146425
1.148400
1.155425
1.179525
1.229625
1.239650
1.270300
1.275100
1.276600
1.334200
1.397975
1.422125
1.462350
1.478875
1.564925
1.614400
1.667275
1.692550
1.707175
1.727850
1.754325
1.817550
1.901900
1.905600
2.023250
2.237750
235
