0.011975
0.016225
0.021900
0.022850
0.049625
0.052450
0.053450
0.057800
0.068150
0.072550
0.085600
0.090375
0.094625
0.097625
0.100675
0.119725
0.120975
0.122375
0.127850
0.134100
0.151025
0.156525
0.158475
0.158650
0.159975
0.171050
0.171650
0.182850
0.187125
0.190400
0.191075
0.192750
0.193475
0.200100
0.201800
0.206950
0.219250
0.219275
0.222425
0.224475
0.231875
0.235325
0.237975
0.238200
0.238750
0.239650
0.242625
0.248850
0.249550
0.252550
0.255200
0.260050
0.261925
0.269625
0.274300
0.276775
0.283150
0.292625
0.292800
0.294475
0.307175
0.307600
0.312250
0.312425
0.317600
0.318025
0.325475
0.334400
0.340325
0.345225
0.348050
0.349000
0.354750
0.363900
0.364825
0.366825
0.369875
0.374025
0.375350
0.382075
0.406600
0.416100
0.418475
0.424625
0.426700
0.437625
0.444325
0.447100
0.448450
0.457325
0.458850
0.463000
0.464050
0.464800
0.469625
0.471775
0.474475
0.476850
0.479300
0.480850
0.481850
0.487575
0.490825
0.492150
0.492850
0.501300
0.507625
0.512150
0.524375
0.532400
0.533175
0.548025
0.557650
0.559400
0.565225
0.568600
0.569250
0.577400
0.580725
0.581500
0.583275
0.588950
0.596250
0.605375
0.607850
0.615550
0.616225
0.619400
0.620500
0.624475
0.637725
0.640850
0.647525
0.648725
0.652025
0.653375
0.660875
0.664550
0.668800
0.670625
0.671550
0.677050
0.680525
0.681425
0.682100
0.696000
0.701700
0.708350
0.715300
0.721325
0.723150
0.741000
0.745000
0.745000
0.751250
0.752625
0.760175
0.762300
0.762750
0.766950
0.768275
0.769850
0.773200
0.774225
0.780600
0.780800
0.782700
0.790275
0.795625
0.803025
0.809425
0.814175
0.814850
0.825475
0.837575
0.843150
0.852300
0.859600
0.862375
0.863250
0.895050
0.897375
0.898025
0.909725
0.912850
0.914775
0.920825
0.923300
0.933175
0.938875
0.942450
0.946000
0.951825
0.955850
0.967200
0.968900
0.969250
0.976400
0.981975
0.996700
1.000225
1.003825
1.027000
1.029825
1.031025
1.052850
1.053575
1.062625
1.083650
1.088650
1.098350
1.111500
1.122725
1.135675
1.160600
1.167200
1.170975
1.173525
1.189175
1.258225
1.334650
1.370850
1.396425
1.420850
1.479300
1.519425
1.536000
1.536400
1.541975
1.545725
1.617575
1.679875
1.696750
1.745125
1.751475
1.770125
1.811275
1.813975
1.900575
2.002025
2.023975
2.151250
2.356525
243
