0.007100
0.010650
0.013875
0.016075
0.020550
0.024800
0.027650
0.029625
0.033900
0.047200
0.049850
0.055025
0.067575
0.077075
0.082625
0.084925
0.099700
0.108950
0.109175
0.118225
0.121675
0.124075
0.130925
0.135375
0.137150
0.138525
0.139525
0.144775
0.148100
0.157575
0.159350
0.159375
0.178700
0.180675
0.182375
0.187100
0.188550
0.196925
0.203275
0.210700
0.215025
0.223250
0.223775
0.231150
0.233975
0.245700
0.246750
0.253850
0.261675
0.261975
0.262375
0.271675
0.278000
0.278200
0.282725
0.286075
0.286300
0.293500
0.295850
0.305300
0.309225
0.312300
0.314750
0.320000
0.321625
0.324025
0.324075
0.324725
0.326750
0.327650
0.337775
0.338225
0.344525
0.350925
0.352900
0.379600
0.380125
0.386950
0.390225
0.392675
0.394025
0.394500
0.402275
0.403600
0.404100
0.409625
0.414425
0.416475
0.417825
0.420675
0.423025
0.432500
0.434025
0.435050
0.456725
0.461050
0.471925
0.481300
0.481300
0.492925
0.492925
0.497575
0.505075
0.506125
0.513175
0.516800
0.522775
0.528475
0.529225
0.529600
0.530225
0.530500
0.532225
0.534025
0.535200
0.541950
0.547500
0.567900
0.569525
0.575525
0.578800
0.585825
0.599075
0.602225
0.606100
0.609000
0.610650
0.613150
0.614850
0.616375
0.620125
0.634950
0.637325
0.638575
0.639375
0.645050
0.646100
0.653225
0.654000
0.655375
0.655500
0.668900
0.676250
0.689325
0.689450
0.700450
0.717400
0.723725
0.732275
0.733950
0.735400
0.737575
0.738300
0.740525
0.743600
0.756575
0.765500
0.769500
0.773375
0.776450
0.786825
0.797750
0.803325
0.831950
0.833400
0.836350
0.837475
0.840575
0.846050
0.848100
0.851650
0.854625
0.860100
0.863650
0.884050
0.888400
0.893550
0.895950
0.900925
0.915400
0.930850
0.940375
0.958950
0.964375
0.984225
0.990575
1.003650
1.010975
1.030100
1.035150
1.039600
1.064475
1.076000
1.076250
1.084700
1.085650
1.129975
1.160925
1.161600
1.180825
1.201950
1.229375
1.233075
1.258075
1.297300
1.346025
1.362175
1.399150
1.399500
1.402525
1.404325
1.435450
1.442750
1.457700
1.485000
1.487725
1.503600
1.521100
1.644575
1.673300
1.675950
1.754800
1.822625
1.873925
1.949950
1.977600
2.025975
2.036475
2.269425
2.350350
2.421875
2.497625
232
