0.011625
0.012925
0.018300
0.021100
0.021400
0.024850
0.028150
0.044575
0.046850
0.050525
0.050925
0.060850
0.070025
0.071375
0.072975
0.082325
0.082475
0.093625
0.102850
0.103975
0.118950
0.119000
0.119075
0.125000
0.128350
0.130550
0.136825
0.139525
0.140000
0.141200
0.141275
0.143350
0.149175
0.149275
0.149425
0.150650
0.152025
0.152725
0.159700
0.164550
0.173300
0.173450
0.175725
0.193325
0.208575
0.213425
0.214300
0.223575
0.225725
0.227225
0.228800
0.238200
0.238525
0.241300
0.243475
0.248650
0.253775
0.262600
0.264850
0.266200
0.270775
0.276750
0.287850
0.292025
0.303025
0.317700
0.321225
0.324875
0.328250
0.331200
0.331575
0.332100
0.337100
0.352275
0.354425
0.355550
0.359400
0.376275
0.377500
0.386550
0.390325
0.392000
0.392525
0.394625
0.396175
0.396300
0.399250
0.404275
0.409400
0.420425
0.421925
0.431750
0.435575
0.436900
0.438725
0.441150
0.443100
0.444475
0.448200
0.450500
0.453025
0.454125
0.455325
0.467925
0.469725
0.471050
0.471900
0.485775
0.485775
0.485975
0.492475
0.492775
0.507250
0.518725
0.519575
0.523350
0.528200
0.529050
0.529125
0.531875
0.532025
0.532125
0.540450
0.544900
0.546425
0.548350
0.560825
0.563025
0.565625
0.568550
0.573725
0.581150
0.590825
0.592650
0.594775
0.595075
0.599025
0.600100
0.603800
0.604625
0.615400
0.626850
0.630225
0.632550
0.642400
0.644600
0.644925
0.645900
0.647300
0.648050
0.650875
0.658175
0.660450
0.664925
0.666775
0.672075
0.674200
0.675750
0.676600
0.676900
0.678325
0.684700
0.684825
0.687125
0.690900
0.692175
0.693625
0.698725
0.701825
0.708550
0.716025
0.718125
0.726200
0.739225
0.739525
0.744975
0.745125
0.749025
0.753575
0.755100
0.766900
0.775200
0.782775
0.786425
0.798825
0.803575
0.815400
0.822600
0.824000
0.828625
0.835175
0.840375
0.840950
0.844325
0.850575
0.865575
0.878525
0.884225
0.889825
0.891200
0.916525
0.925125
0.925150
0.952600
0.959100
0.961800
0.968500
0.969700
0.974075
0.979900
0.991950
0.995350
1.018100
1.027750
1.055475
1.077650
1.084975
1.085650
1.090875
1.096250
1.131650
1.178600
1.222150
1.222300
1.229800
1.229975
1.237325
1.260475
1.298025
1.306650
1.306675
1.326850
1.331175
1.341300
1.370325
1.373050
1.378550
1.402000
1.415275
1.460250
1.493400
1.511925
1.515550
1.562100
1.619475
1.643550
1.672825
1.715800
1.722850
1.735075
1.751250
1.829225
1.844150
1.920450
1.932100
1.957325
1.994675
2.084425
2.339775
259
