0.001000
0.006950
0.007900
0.012850
0.023575
0.028325
0.028975
0.032400
0.037925
0.042175
0.048175
0.052150
0.059200
0.060825
0.072650
0.078325
0.081425
0.081700
0.087925
0.088525
0.089125
0.091025
0.092300
0.094750
0.096425
0.098350
0.099525
0.100425
0.102400
0.103575
0.105050
0.105925
0.109600
0.113825
0.115075
0.120825
0.122300
0.122450
0.125875
0.128550
0.129250
0.136100
0.143125
0.157875
0.162975
0.165325
0.167675
0.184525
0.185900
0.189825
0.194850
0.197500
0.205450
0.205525
0.208700
0.212450
0.214775
0.214900
0.216950
0.223400
0.225275
0.225650
0.226075
0.240600
0.246250
0.247225
0.249525
0.250675
0.255900
0.264600
0.286350
0.290825
0.294425
0.304850
0.307500
0.319500
0.320875
0.323600
0.326825
0.328975
0.336150
0.343650
0.346700
0.353875
0.353975
0.356275
0.359350
0.364450
0.364525
0.365450
0.375700
0.377275
0.386700
0.387000
0.390400
0.392475
0.392675
0.400525
0.403600
0.404250
0.413750
0.414925
0.418025
0.418625
0.434325
0.436175
0.441225
0.446975
0.448725
0.450325
0.463700
0.466125
0.466275
0.468325
0.473175
0.478725
0.479275
0.484450
0.493600
0.494600
0.498425
0.498950
0.502850
0.510725
0.516675
0.518500
0.523450
0.524250
0.529850
0.533650
0.536475
0.536875
0.544875
0.545000
0.548600
0.550850
0.552450
0.571950
0.575175
0.577650
0.586225
0.589050
0.593100
0.595675
0.597225
0.606050
0.609450
0.613575
0.616000
0.617500
0.617650
0.627025
0.627600
0.631550
0.636075
0.642725
0.647925
0.650025
0.652250
0.657475
0.669025
0.682025
0.682825
0.688800
0.690425
0.690700
0.696700
0.698450
0.702750
0.703100
0.703300
0.709375
0.710075
0.710950
0.712600
0.717150
0.722400
0.723325
0.723500
0.724175
0.737375
0.744125
0.755350
0.763350
0.765400
0.770225
0.770600
0.782275
0.784675
0.787800
0.791725
0.794900
0.796150
0.797950
0.801300
0.815350
0.827025
0.827900
0.830600
0.831825
0.832400
0.833800
0.835500
0.841175
0.842475
0.852300
0.855400
0.857900
0.866675
0.869925
0.872400
0.874675
0.875575
0.880150
0.881825
0.883725
0.917850
0.937650
0.945150
0.963075
0.963700
0.967475
0.976750
0.984725
1.002450
1.003400
1.007725
1.024175
1.030325
1.069500
1.080725
1.085925
1.095125
1.096600
1.101550
1.104425
1.113025
1.135525
1.162575
1.165100
1.175075
1.176350
1.193300
1.200025
1.203125
1.206225
1.225800
1.232025
1.250100
1.252800
1.276375
1.303800
1.315000
1.316775
1.338250
1.341750
1.412975
1.416725
1.428525
1.446450
1.469825
1.483025
1.505325
1.515450
1.535375
1.559750
1.569100
1.617725
1.624300
1.635000
1.645150
1.658950
1.661325
1.683300
1.769975
1.770950
1.777950
1.795700
1.802600
1.821225
1.938775
1.941975
2.026125
2.404800
284
