0.002775
0.003125
0.005075
0.011900
0.021475
0.021600
0.027125
0.034675
0.042950
0.050225
0.050300
0.051050
0.059700
0.070700
0.071475
0.084525
0.092975
0.111200
0.114575
0.123400
0.129950
0.137000
0.141750
0.151125
0.151825
0.154675
0.155525
0.158325
0.162775
0.177775
0.181100
0.182300
0.188800
0.191950
0.196025
0.197500
0.202925
0.210275
0.217525
0.218750
0.219250
0.223900
0.231475
0.233175
0.243025
0.250500
0.255375
0.259725
0.267850
0.268500
0.270400
0.272450
0.278750
0.278900
0.286225
0.293025
0.297025
0.297975
0.298025
0.298325
0.299525
0.300350
0.300700
0.300900
0.302975
0.304800
0.305250
0.306525
0.311725
0.331100
0.336425
0.340425
0.341100
0.347625
0.348350
0.353025
0.359850
0.364400
0.365400
0.366975
0.375200
0.378925
0.385200
0.397600
0.398100
0.415450
0.416275
0.418150
0.418950
0.421575
0.424000
0.431600
0.434550
0.437325
0.441150
0.442875
0.443500
0.447175
0.447950
0.450400
0.456500
0.463700
0.467500
0.469000
0.471800
0.474150
0.474525
0.478650
0.482225
0.487550
0.489325
0.489650
0.490625
0.493600
0.493700
0.498150
0.506075
0.509850
0.515925
0.517450
0.526725
0.527200
0.529125
0.535375
0.553150
0.553550
0.555600
0.557100
0.568350
0.568425
0.569225
0.576650
0.590275
0.594375
0.594475
0.599850
0.600450
0.602050
0.612075
0.612775
0.618100
0.626175
0.627425
0.630425
0.636700
0.642625
0.644975
0.647775
0.648625
0.650625
0.651125
0.655450
0.656000
0.663175
0.670475
0.672075
0.673900
0.676550
0.687925
0.690300
0.692550
0.696250
0.697050
0.703550
0.712325
0.713975
0.719775
0.719850
0.730150
0.732650
0.734675
0.735925
0.743950
0.744025
0.744600
0.746200
0.758750
0.770225
0.788600
0.823875
0.833975
0.843550
0.850150
0.853025
0.855000
0.867600
0.871875
0.873525
0.876075
0.877700
0.880875
0.883225
0.883625
0.885125
0.897700
0.900850
0.901800
0.902850
0.908400
0.925375
0.935450
0.938400
0.946725
0.947350
0.950150
0.972150
0.987225
0.989850
1.000700
1.001725
1.016700
1.039425
1.044650
1.047550
1.056800
1.058650
1.060600
1.066450
1.066825
1.068925
1.078725
1.096100
1.106250
1.108225
1.134300
1.153325
1.179775
1.184975
1.193925
1.212950
1.220275
1.221250
1.228175
1.232875
1.237200
1.250225
1.272150
1.273250
1.275700
1.279600
1.282275
1.299225
1.303150
1.353450
1.361450
1.376350
1.413425
1.467350
1.526950
1.548125
1.611875
1.613625
1.809775
1.852950
1.870675
2.022625
2.078550
2.103100
2.127200
2.228150
2.456775
261
