0.002450
0.004725
0.014400
0.015675
0.017425
0.045675
0.059425
0.060450
0.068550
0.070525
0.072075
0.074500
0.074725
0.095550
0.095975
0.100575
0.104650
0.115175
0.118300
0.118475
0.119900
0.126575
0.128650
0.129700
0.135325
0.136275
0.137075
0.138825
0.144425
0.147250
0.148225
0.151200
0.155175
0.164875
0.167350
0.168125
0.171975
0.178325
0.186050
0.186750
0.187725
0.190425
0.194300
0.194725
0.195725
0.201550
0.202175
0.202625
0.204075
0.208050
0.208900
0.218600
0.220475
0.224550
0.226600
0.230450
0.231400
0.231650
0.231900
0.233775
0.244075
0.246350
0.250075
0.252250
0.253500
0.253825
0.260900
0.263025
0.266150
0.270650
0.274850
0.276725
0.284650
0.285425
0.298975
0.305900
0.307575
0.308000
0.317200
0.325275
0.326925
0.327650
0.331475
0.335375
0.340075
0.341650
0.343850
0.346275
0.353075
0.365025
0.366625
0.371925
0.378950
0.379500
0.395700
0.396950
0.408025
0.412975
0.415400
0.419300
0.427925
0.430725
0.435500
0.435875
0.439250
0.439300
0.455225
0.455650
0.479750
0.481225
0.486400
0.496025
0.497525
0.499200
0.503450
0.503575
0.505175
0.505800
0.509725
0.514525
0.514775
0.519000
0.520850
0.528475
0.533075
0.533450
0.540750
0.542300
0.543900
0.545725
0.546025
0.546925
0.549925
0.551300
0.555375
0.556150
0.566075
0.571425
0.578375
0.579300
0.586850
0.590875
0.595725
0.610075
0.617075
0.629325
0.633400
0.635725
0.640950
0.644350
0.647825
0.654825
0.656000
0.668525
0.669950
0.669950
0.672375
0.673775
0.678625
0.684375
0.688500
0.690225
0.703600
0.704950
0.705400
0.708900
0.716350
0.720275
0.721075
0.721675
0.722175
0.726200
0.727475
0.739275
0.740175
0.744175
0.764075
0.767175
0.780100
0.792550
0.802025
0.805625
0.807250
0.811350
0.812400
0.814600
0.851200
0.852100
0.854775
0.855850
0.858250
0.860325
0.861150
0.866550
0.875225
0.882450
0.882800
0.893300
0.897275
0.910875
0.911550
0.915600
0.929175
0.938925
0.946000
0.950725
0.957925
0.966050
0.969000
0.979950
0.983450
0.985550
0.987875
0.991625
1.023825
1.027675
1.060825
1.062575
1.064400
1.107550
1.117050
1.127525
1.166050
1.169650
1.173175
1.173300
1.174525
1.192450
1.201500
1.212325
1.226650
1.235325
1.247025
1.254400
1.294950
1.353400
1.413075
1.441600
1.467200
1.490700
1.491775
1.511100
1.514600
1.558000
1.617150
1.730175
1.813175
1.827850
1.865625
1.868650
1.981275
1.997075
2.148350
2.330075
2.430975
255
