0.000375
0.005825
0.008700
0.014025
0.019000
0.028225
0.039550
0.045400
0.057250
0.062450
0.071875
0.075775
0.076225
0.076450
0.076525
0.086950
0.087800
0.088000
0.091450
0.092050
0.094650
0.095800
0.102600
0.107975
0.109375
0.113075
0.114250
0.120125
0.122000
0.123775
0.123800
0.130900
0.132950
0.133525
0.150875
0.155725
0.158900
0.158925
0.161875
0.166200
0.171500
0.172925
0.178950
0.185050
0.190025
0.194050
0.195575
0.197275
0.198100
0.199675
0.200225
0.229250
0.234675
0.248150
0.251975
0.260275
0.260675
0.261000
0.263175
0.263325
0.294975
0.295250
0.312800
0.313075
0.319025
0.319375
0.322600
0.328475
0.329850
0.330325
0.330350
0.330875
0.334050
0.335650
0.336950
0.344425
0.345950
0.346525
0.351800
0.356875
0.360650
0.361125
0.361150
0.361800
0.369225
0.370475
0.371025
0.373700
0.389100
0.391275
0.397025
0.402825
0.405475
0.407425
0.414525
0.420025
0.423925
0.424425
0.433100
0.436725
0.444450
0.459050
0.473350
0.475325
0.478225
0.479225
0.486100
0.491975
0.492525
0.494825
0.500225
0.519500
0.531100
0.535050
0.536800
0.541800
0.544950
0.549875
0.558925
0.566025
0.579425
0.580750
0.585675
0.588600
0.591200
0.595500
0.599825
0.604725
0.606025
0.610650
0.621050
0.626150
0.635300
0.642650
0.642975
0.645600
0.649500
0.651025
0.652175
0.653925
0.655325
0.670275
0.670625
0.687100
0.694025
0.700475
0.701675
0.702100
0.714975
0.717150
0.724475
0.738450
0.743650
0.744575
0.754375
0.756600
0.760775
0.761600
0.761950
0.763325
0.769550
0.782250
0.792625
0.800550
0.808775
0.812300
0.812350
0.828250
0.832725
0.834325
0.838200
0.849125
0.853375
0.858325
0.866175
0.893725
0.896200
0.904550
0.920250
0.927350
0.928100
0.929400
0.931000
0.936375
0.940775
0.940975
0.960625
0.967375
0.969675
0.986300
0.990400
0.997425
0.998850
1.016150
1.020750
1.025750
1.026550
1.027925
1.043125
1.045625
1.050375
1.057225
1.071100
1.093150
1.096900
1.104375
1.110525
1.118050
1.155175
1.160050
1.191875
1.197450
1.204275
1.220600
1.241350
1.245375
1.247750
1.255500
1.283200
1.313725
1.357800
1.428375
1.432650
1.452100
1.453175
1.480275
1.499700
1.499950
1.520975
1.523375
1.552325
1.585575
1.686225
1.772475
1.810325
1.842150
1.849225
1.885025
2.030475
2.031425
2.281075
241
