0.003525
0.008750
0.013075
0.015975
0.016125
0.021250
0.025950
0.028375
0.034875
0.039050
0.040725
0.044875
0.050275
0.052050
0.060775
0.064550
0.072375
0.074600
0.075675
0.092225
0.105950
0.120525
0.122250
0.127250
0.131150
0.133650
0.134300
0.144450
0.145975
0.151375
0.152250
0.157175
0.160700
0.179275
0.187075
0.191075
0.191950
0.201950
0.205625
0.207275
0.214450
0.220300
0.220725
0.222150
0.222825
0.226225
0.227500
0.233250
0.240775
0.245225
0.250375
0.259400
0.261850
0.269825
0.274350
0.284550
0.284600
0.285350
0.320025
0.323525
0.326300
0.335375
0.337125
0.338475
0.343625
0.346300
0.355175
0.356175
0.356675
0.357775
0.373200
0.374350
0.375625
0.378975
0.394925
0.395650
0.397450
0.401950
0.406700
0.408175
0.409375
0.423075
0.423800
0.424050
0.427675
0.432825
0.435075
0.437275
0.448775
0.450200
0.451200
0.455525
0.462475
0.463425
0.469475
0.470825
0.472975
0.480175
0.480850
0.484650
0.492000
0.494525
0.503250
0.505150
0.512175
0.520600
0.520775
0.523775
0.531950
0.546450
0.552950
0.554600
0.589400
0.589550
0.592250
0.593050
0.594000
0.596850
0.597975
0.610350
0.611200
0.629375
0.633625
0.643600
0.649750
0.656450
0.659675
0.668700
0.675225
0.676150
0.677925
0.681700
0.683000
0.686525
0.699925
0.704250
0.705075
0.706875
0.709675
0.713750
0.714700
0.725175
0.734650
0.744900
0.750675
0.760550
0.765550
0.766375
0.774975
0.775100
0.777675
0.780375
0.780625
0.783750
0.787575
0.790875
0.791350
0.811875
0.812750
0.814725
0.821700
0.852325
0.858550
0.863575
0.874750
0.879750
0.886175
0.907675
0.910450
0.917575
0.919800
0.935575
0.936475
0.937150
0.942475
0.953350
0.953800
0.955350
0.967675
0.976650
0.984900
0.997700
1.001750
1.008425
1.015950
1.021050
1.023800
1.025450
1.025925
1.029000
1.048600
1.050375
1.060100
1.065625
1.068000
1.079000
1.095625
1.099450
1.100825
1.101100
1.101625
1.129325
1.141975
1.145000
1.152600
1.156050
1.165725
1.181775
1.183575
1.183825
1.220500
1.223400
1.226150
1.262300
1.266950
1.289050
1.307475
1.315000
1.350625
1.353775
1.360150
1.368025
1.380575
1.381875
1.384475
1.418750
1.430150
1.443325
1.472075
1.575725
1.603550
1.615250
1.620275
1.630075
1.636175
1.673500
1.689125
1.767550
1.948650
1.982575
2.037950
2.171100
2.205975
2.238450
244
