0.000400
0.004625
0.008250
0.018225
0.020350
0.025175
0.031025
0.031350
0.031800
0.032775
0.033350
0.033350
0.037000
0.037300
0.039725
0.041450
0.042800
0.043675
0.052325
0.055100
0.055125
0.055750
0.059875
0.062950
0.063375
0.067575
0.069500
0.073650
0.078100
0.085525
0.087900
0.089950
0.091025
0.100525
0.105950
0.112275
0.112625
0.119225
0.124400
0.125150
0.131175
0.152000
0.154200
0.161350
0.165000
0.171650
0.172400
0.181425
0.189825
0.190850
0.194550
0.211450
0.221675
0.226200
0.235375
0.237325
0.238250
0.238800
0.241050
0.245400
0.246675
0.247000
0.248500
0.250950
0.254800
0.258175
0.259175
0.259925
0.260925
0.262700
0.263050
0.264350
0.264850
0.269850
0.273550
0.282125
0.289000
0.305250
0.317000
0.320750
0.332325
0.336225
0.339300
0.339375
0.340925
0.346800
0.351525
0.352125
0.360425
0.386200
0.395075
0.395475
0.402100
0.405450
0.409400
0.410250
0.412975
0.418900
0.419150
0.447575
0.449100
0.453775
0.454575
0.464275
0.468550
0.472500
0.481775
0.494375
0.497250
0.497950
0.505775
0.507500
0.509550
0.510875
0.524175
0.529700
0.550550
0.552600
0.556775
0.558450
0.558925
0.559275
0.567850
0.569725
0.571150
0.579000
0.584425
0.588150
0.589675
0.591400
0.596900
0.597475
0.597525
0.602375
0.603400
0.605925
0.612575
0.616775
0.618700
0.630275
0.635925
0.645625
0.677000
0.680875
0.684525
0.692325
0.694075
0.695550
0.696550
0.703025
0.705150
0.710775
0.713950
0.715550
0.719000
0.721625
0.722675
0.727700
0.731750
0.732775
0.733775
0.734775
0.745775
0.747225
0.754975
0.756775
0.757800
0.759000
0.761750
0.768175
0.769750
0.779375
0.785900
0.787050
0.790350
0.804550
0.818950
0.821450
0.828825
0.835450
0.847575
0.857125
0.864475
0.865075
0.873900
0.880525
0.890000
0.892450
0.914000
0.928250
0.942025
0.968150
0.969625
0.975575
0.985550
0.990800
0.990925
1.006200
1.012975
1.013675
1.017950
1.028100
1.031200
1.034775
1.040725
1.045650
1.071975
1.072025
1.081925
1.134100
1.160750
1.175450
1.178400
1.187600
1.195725
1.199550
1.207025
1.224575
1.250975
1.258000
1.274800
1.294300
1.312025
1.343650
1.384875
1.387825
1.405100
1.429600
1.453550
1.499025
1.558125
1.650750
1.669750
1.704800
1.715200
1.809750
1.878525
2.002850
2.206525
2.321650
2.414750
241
