0.000175
0.001025
0.002775
0.012450
0.017425
0.022350
0.042325
0.042350
0.042925
0.047875
0.060225
0.062375
0.075100
0.083075
0.089100
0.094275
0.097875
0.101050
0.103125
0.116650
0.123650
0.127125
0.132550
0.142625
0.145725
0.154050
0.154950
0.156750
0.161050
0.167950
0.169650
0.173800
0.182325
0.186900
0.188075
0.190100
0.190375
0.195775
0.196425
0.206025
0.206950
0.207250
0.210725
0.214225
0.231825
0.241000
0.241375
0.243550
0.252550
0.252650
0.252725
0.253150
0.255850
0.261350
0.264825
0.265625
0.269725
0.280975
0.283175
0.291975
0.294775
0.300325
0.302725
0.311175
0.316325
0.316725
0.318425
0.319450
0.324500
0.329225
0.333550
0.334275
0.336775
0.345575
0.348750
0.371825
0.374075
0.380700
0.384225
0.390100
0.404625
0.405025
0.412000
0.423625
0.425575
0.438775
0.440100
0.441275
0.447500
0.447550
0.447575
0.459650
0.464875
0.465600
0.473025
0.473900
0.474800
0.484375
0.485525
0.486050
0.503325
0.504925
0.515400
0.515775
0.527150
0.530125
0.531075
0.532700
0.537950
0.539150
0.541850
0.546150
0.552300
0.553425
0.572925
0.576025
0.594825
0.606050
0.606275
0.615550
0.616625
0.626800
0.629075
0.642775
0.644000
0.649850
0.654825
0.655500
0.662775
0.664575
0.667725
0.668400
0.673450
0.675600
0.675850
0.680125
0.693900
0.696325
0.700800
0.709675
0.717150
0.720025
0.723125
0.732800
0.734250
0.735850
0.736650
0.740600
0.746600
0.748875
0.751475
0.760750
0.775150
0.785775
0.789875
0.793650
0.805275
0.813850
0.813975
0.814300
0.823100
0.840675
0.849550
0.852100
0.856525
0.857900
0.858450
0.859350
0.860025
0.861800
0.863475
0.875675
0.877025
0.885125
0.888300
0.890400
0.891850
0.904075
0.931650
0.935125
0.935550
0.937725
0.945550
0.963525
0.982700
0.988850
0.992000
0.992825
1.001975
1.002775
1.004100
1.006800
1.007900
1.017200
1.034950
1.045550
1.053475
1.069050
1.075400
1.077075
1.077375
1.084075
1.107625
1.138400
1.150875
1.155375
1.188550
1.197200
1.215600
1.224650
1.225450
1.237125
1.241825
1.260625
1.267575
1.282025
1.300275
1.314825
1.355175
1.383825
1.409425
1.423400
1.476475
1.483700
1.523350
1.568025
1.705750
1.730175
1.743625
1.883275
1.912550
1.955375
2.022775
2.081525
2.211575
235
