0.005550
0.007050
0.013325
0.023475
0.034075
0.034750
0.041350
0.043825
0.053850
0.067225
0.070000
0.070100
0.074375
0.080000
0.082575
0.085000
0.089300
0.091250
0.106175
0.107475
0.110600
0.112775
0.133650
0.138000
0.139875
0.159150
0.159250
0.159475
0.164750
0.169225
0.179300
0.181000
0.190725
0.200025
0.203125
0.209375
0.210650
0.216000
0.218650
0.222575
0.227825
0.228475
0.228525
0.232625
0.232775
0.233225
0.233975
0.235525
0.235900
0.241075
0.247925
0.248550
0.248825
0.248925
0.252700
0.253375
0.257800
0.267850
0.272700
0.274775
0.289700
0.294525
0.296475
0.308500
0.310025
0.312150
0.327375
0.328675
0.333400
0.334475
0.340525
0.341375
0.343900
0.344400
0.346800
0.349725
0.352100
0.356275
0.358525
0.361525
0.363475
0.366700
0.371375
0.371700
0.371725
0.375175
0.378300
0.386600
0.388400
0.388400
0.388650
0.398025
0.398625
0.412700
0.413950
0.437225
0.448525
0.449775
0.450475
0.459050
0.459275
0.462125
0.464600
0.469450
0.477825
0.479775
0.488000
0.490275
0.498050
0.501400
0.505225
0.506775
0.509775
0.514200
0.521925
0.532225
0.534775
0.538925
0.541550
0.545275
0.548875
0.550600
0.558300
0.562450
0.563800
0.564475
0.565525
0.568675
0.576825
0.579525
0.584200
0.589825
0.593325
0.593800
0.595500
0.601725
0.608675
0.611350
0.615650
0.617325
0.621225
0.626175
0.637050
0.648400
0.654700
0.654925
0.657475
0.666725
0.669350
0.669400
0.674950
0.676800
0.686150
0.688975
0.689775
0.691900
0.696825
0.698750
0.700075
0.701375
0.708000
0.709450
0.718525
0.724375
0.724775
0.725075
0.738300
0.744425
0.746275
0.747375
0.756000
0.770025
0.786525
0.817075
0.818100
0.820675
0.831025
0.831825
0.836475
0.838025
0.849375
0.853275
0.867375
0.868800
0.870950
0.879425
0.880325
0.892200
0.897050
0.915050
0.917575
0.930675
0.934525
0.940000
0.955925
0.971700
0.978025
0.986375
0.994175
0.999225
1.005975
1.038800
1.039000
1.045725
1.060900
1.064425
1.078725
1.091625
1.092550
1.097300
1.106800
1.108525
1.118675
1.131475
1.134650
1.162350
1.173350
1.173350
1.180250
1.184150
1.186425
1.187500
1.194200
1.194525
1.196425
1.202700
1.227125
1.229550
1.263075
1.328900
1.372375
1.395350
1.401325
1.444600
1.456625
1.469400
1.489800
1.520450
1.559300
1.575825
1.781075
1.835325
1.855775
1.872450
1.924050
1.949325
1.959525
2.114650
2.150600
2.234000
250
