0.002450
0.004325
0.006125
0.006175
0.012200
0.016350
0.017950
0.032875
0.037400
0.038350
0.041075
0.041400
0.043150
0.048225
0.057650
0.060600
0.066775
0.086250
0.088500
0.093225
0.096625
0.107375
0.109650
0.119700
0.126750
0.129075
0.130625
0.134725
0.139500
0.140100
0.141925
0.142975
0.143025
0.152575
0.155500
0.157400
0.158550
0.160900
0.163150
0.168725
0.180000
0.180875
0.184850
0.194100
0.196075
0.200900
0.201275
0.201600
0.201625
0.207600
0.210075
0.211925
0.212975
0.213575
0.223900
0.227000
0.236575
0.237450
0.241950
0.243050
0.245825
0.249650
0.253325
0.253725
0.254475
0.261750
0.266100
0.266200
0.266700
0.268775
0.272525
0.274550
0.275150
0.283925
0.286625
0.287725
0.289475
0.297150
0.297800
0.301975
0.302850
0.315525
0.325825
0.336600
0.354075
0.355075
0.355150
0.356175
0.361375
0.368950
0.369050
0.372825
0.372875
0.388000
0.396600
0.402625
0.402875
0.410975
0.419075
0.419625
0.423225
0.426150
0.426525
0.426875
0.433750
0.440175
0.443300
0.443725
0.444375
0.448475
0.455600
0.458225
0.458875
0.461275
0.482375
0.488925
0.492500
0.501850
0.516500
0.518375
0.518825
0.518850
0.520600
0.521600
0.524250
0.527125
0.531925
0.542075
0.552050
0.554850
0.556725
0.560100
0.563075
0.563950
0.565825
0.576050
0.578325
0.579675
0.580625
0.582000
0.600200
0.606100
0.608350
0.610725
0.612050
0.614100
0.614650
0.616100
0.620725
0.634525
0.636800
0.641025
0.648675
0.657125
0.657375
0.660600
0.661650
0.665225
0.667425
0.674275
0.675300
0.677400
0.678900
0.679950
0.680050
0.681375
0.681650
0.686975
0.686975
0.688250
0.690475
0.696150
0.697125
0.699150
0.703225
0.704525
0.709175
0.715375
0.717800
0.723125
0.732175
0.733175
0.738975
0.742600
0.744050
0.752050
0.758225
0.775725
0.776450
0.779450
0.780000
0.780275
0.781275
0.789375
0.794975
0.795350
0.798050
0.799500
0.799700
0.808925
0.809650
0.822575
0.826950
0.832950
0.833600
0.850525
0.851925
0.852775
0.855825
0.871125
0.873725
0.873875
0.885800
0.896325
0.898325
0.904875
0.905075
0.905725
0.916850
0.916950
0.920850
0.935925
0.938325
0.949425
0.954950
0.974950
0.978000
0.979850
1.008875
1.014250
1.016700
1.016725
1.018775
1.021575
1.024725
1.035550
1.042750
1.044200
1.046800
1.047575
1.049100
1.062975
1.078125
1.080550
1.088850
1.092575
1.100550
1.101775
1.103950
1.127000
1.131550
1.131575
1.170525
1.190800
1.215000
1.226525
1.232975
1.256650
1.286625
1.298875
1.311050
1.320125
1.334325
1.339675
1.363275
1.415325
1.443550
1.453425
1.459225
1.507100
1.509025
1.578650
1.597225
1.651175
1.725275
2.121200
276
