0.003150
0.013475
0.017000
0.021000
0.024575
0.027375
0.031750
0.035075
0.035350
0.037700
0.039325
0.042025
0.045800
0.048225
0.050925
0.053575
0.054350
0.061350
0.063000
0.067375
0.077475
0.084525
0.097300
0.102250
0.113775
0.121525
0.121800
0.122400
0.123400
0.126775
0.130650
0.136800
0.139500
0.144225
0.147675
0.157125
0.167200
0.168875
0.171350
0.172575
0.173325
0.177575
0.181725
0.185450
0.189350
0.190100
0.192925
0.195250
0.195275
0.197750
0.204375
0.214025
0.226150
0.228400
0.228500
0.232300
0.236375
0.237025
0.245900
0.248675
0.250575
0.251650
0.252650
0.255325
0.265925
0.267200
0.268700
0.270825
0.271850
0.289600
0.290725
0.302150
0.309275
0.312575
0.324225
0.327375
0.329175
0.331150
0.333875
0.336675
0.341350
0.349400
0.349825
0.352350
0.354950
0.364425
0.366125
0.368350
0.374225
0.375400
0.382725
0.385875
0.399750
0.399950
0.409300
0.410450
0.415600
0.417725
0.422050
0.422575
0.424175
0.431050
0.431450
0.431775
0.443275
0.443425
0.444100
0.444200
0.445775
0.447125
0.453125
0.469700
0.481125
0.481200
0.482550
0.484250
0.497350
0.498475
0.506625
0.507250
0.509100
0.517750
0.520750
0.523700
0.529325
0.537600
0.541550
0.545800
0.546175
0.554300
0.558825
0.559125
0.560875
0.576375
0.580325
0.582700
0.583475
0.585825
0.586100
0.593625
0.596850
0.598000
0.604175
0.616650
0.619175
0.624875
0.628825
0.628850
0.650500
0.651275
0.663825
0.664225
0.667125
0.669050
0.669875
0.670650
0.671725
0.673000
0.676325
0.679450
0.683775
0.688400
0.696825
0.704450
0.707250
0.708075
0.710475
0.716925
0.720925
0.725625
0.729700
0.733250
0.734325
0.737825
0.741275
0.767150
0.772450
0.777550
0.797000
0.806350
0.806875
0.810050
0.810750
0.813250
0.831100
0.832350
0.833325
0.838500
0.838900
0.842800
0.844725
0.861900
0.863175
0.865525
0.878850
0.896150
0.896675
0.897350
0.903450
0.909450
0.913725
0.922700
0.924325
0.931800
0.933700
0.939425
0.945025
0.950700
0.953975
0.961700
0.965825
0.967250
0.975725
0.984475
0.990325
0.994725
1.008250
1.008550
1.018750
1.020425
1.024700
1.041250
1.058250
1.061025
1.077300
1.089625
1.107200
1.116650
1.121225
1.122050
1.137800
1.155000
1.160725
1.161250
1.206625
1.215100
1.227225
1.228600
1.242900
1.245075
1.277275
1.291125
1.292650
1.298350
1.309750
1.312800
1.330600
1.374450
1.384850
1.386625
1.406650
1.476550
1.497575
1.534050
1.536825
1.565175
1.573925
1.599525
1.609475
1.660300
1.669850
1.815650
1.823825
1.832450
1.930050
1.966100
2.377400
2.451725
2.475850
269
