0.003750
0.005275
0.006300
0.006400
0.011000
0.012775
0.015550
0.027800
0.029100
0.030850
0.031150
0.043650
0.044975
0.046600
0.047275
0.050850
0.072700
0.083375
0.087625
0.089300
0.097150
0.100250
0.103275
0.103675
0.105725
0.108200
0.112825
0.117250
0.117725
0.122025
0.123150
0.136475
0.144050
0.147100
0.154450
0.157250
0.158425
0.168275
0.176875
0.177575
0.183850
0.186625
0.187175
0.193750
0.198900
0.204700
0.208775
0.212475
0.213600
0.222075
0.225975
0.231800
0.233500
0.237550
0.238550
0.241625
0.253225
0.254825
0.257550
0.261525
0.267500
0.270075
0.272500
0.275475
0.277350
0.286150
0.293650
0.294525
0.294925
0.296750
0.298150
0.301025
0.303950
0.315350
0.317200
0.318950
0.328400
0.328575
0.330050
0.333875
0.337100
0.341525
0.344050
0.346550
0.371950
0.376225
0.381550
0.381850
0.382125
0.389850
0.392875
0.393825
0.393900
0.396575
0.397575
0.411375
0.415375
0.416175
0.416650
0.418500
0.436625
0.444350
0.448150
0.450600
0.452800
0.453175
0.453725
0.455925
0.455975
0.464550
0.475650
0.481625
0.492200
0.519725
0.522925
0.527150
0.538950
0.541425
0.542550
0.543925
0.544800
0.549550
0.558325
0.561825
0.566400
0.574675
0.580575
0.581375
0.585375
0.589800
0.590825
0.596650
0.599975
0.615925
0.634450
0.642625
0.642775
0.643450
0.660125
0.660500
0.667175
0.677500
0.684375
0.687625
0.690600
0.690675
0.696075
0.703500
0.716150
0.718600
0.719050
0.726725
0.728900
0.729400
0.729425
0.750100
0.751525
0.753325
0.756550
0.757400
0.759700
0.765125
0.767250
0.808350
0.815875
0.817625
0.817750
0.821125
0.827050
0.830100
0.836300
0.838575
0.848225
0.848725
0.848950
0.859025
0.862125
0.903850
0.904550
0.919650
0.927375
0.936500
0.936775
0.937575
0.948050
0.953250
0.955225
0.959300
0.961900
0.966000
0.970775
0.987500
0.988850
0.989050
0.989200
1.000350
1.025475
1.052475
1.054450
1.060700
1.065925
1.075300
1.093225
1.117700
1.124500
1.132700
1.142075
1.149375
1.150825
1.153975
1.171000
1.176850
1.180425
1.184300
1.196425
1.231475
1.253525
1.297900
1.331250
1.385250
1.407375
1.476625
1.493650
1.500425
1.590575
1.608550
1.615575
1.629275
1.660075
1.717100
1.722125
1.854725
2.215575
2.271850
2.312875
235
