0.001000
0.003075
0.004475
0.007700
0.010425
0.010925
0.015525
0.016525
0.022875
0.027825
0.028250
0.033400
0.036400
0.038200
0.040650
0.048350
0.049700
0.051300
0.060900
0.063350
0.065500
0.067400
0.069325
0.071925
0.080350
0.085775
0.097975
0.101350
0.104375
0.109650
0.120925
0.122150
0.128350
0.136050
0.140675
0.144275
0.144725
0.171025
0.171325
0.172525
0.172550
0.177600
0.177725
0.178650
0.184225
0.188575
0.190225
0.199200
0.200600
0.205500
0.207850
0.211375
0.215175
0.216300
0.218925
0.224450
0.225300
0.226550
0.230575
0.242725
0.242975
0.246325
0.248575
0.272200
0.273750
0.276325
0.278250
0.283100
0.284400
0.285300
0.287975
0.289150
0.291750
0.302450
0.308575
0.317825
0.320000
0.337675
0.346325
0.346775
0.353075
0.354200
0.364675
0.369675
0.372900
0.378000
0.382475
0.382825
0.383400
0.390075
0.391650
0.394025
0.394625
0.395575
0.396125
0.397650
0.402525
0.403875
0.406550
0.413675
0.420125
0.431700
0.438000
0.442425
0.445575
0.452400
0.459475
0.461375
0.462350
0.477325
0.478275
0.479425
0.480375
0.489150
0.496075
0.498075
0.504675
0.513650
0.514025
0.514150
0.518350
0.519700
0.530000
0.530675
0.534300
0.536450
0.540975
0.547450
0.551700
0.556750
0.566825
0.574575
0.582175
0.583675
0.611525
0.627950
0.628300
0.633375
0.635800
0.636350
0.640825
0.642325
0.650500
0.652475
0.658225
0.660375
0.663375
0.684850
0.687000
0.690900
0.698950
0.701125
0.710025
0.711350
0.713550
0.720625
0.722625
0.725725
0.726975
0.728000
0.732375
0.740500
0.741800
0.745300
0.751325
0.753075
0.759575
0.764375
0.766825
0.782775
0.784050
0.788925
0.797500
0.799250
0.801575
0.805450
0.805875
0.807350
0.812900
0.813750
0.815925
0.820350
0.823550
0.824600
0.835550
0.842800
0.851375
0.856275
0.857325
0.876000
0.878750
0.878875
0.882875
0.883750
0.890100
0.906150
0.907250
0.920575
0.942700
0.948125
0.963125
0.965300
0.984225
0.998550
1.018250
1.019625
1.022875
1.035125
1.035275
1.050700
1.057475
1.064450
1.066625
1.081200
1.083375
1.089800
1.092825
1.096475
1.123625
1.127900
1.170100
1.198775
1.202250
1.202450
1.221050
1.243350
1.247275
1.252650
1.291500
1.308875
1.356525
1.371175
1.371450
1.375575
1.381825
1.400000
1.401500
1.415250
1.429850
1.440650
1.456525
1.473650
1.485475
1.519075
1.562075
1.718150
1.824825
1.832100
1.996775
2.124325
250
