0.007925
0.011550
0.012525
0.018700
0.021350
0.021500
0.022775
0.026825
0.030075
0.037925
0.047675
0.047900
0.053550
0.056875
0.058100
0.067750
0.068300
0.072900
0.073400
0.074325
0.081650
0.082525
0.087050
0.096575
0.096900
0.101450
0.109000
0.111875
0.121150
0.122900
0.126875
0.131525
0.131975
0.136350
0.146050
0.148100
0.153050
0.153575
0.165400
0.173900
0.175625
0.176825
0.182525
0.184100
0.186150
0.188000
0.192000
0.197500
0.199650
0.200825
0.201025
0.209550
0.212450
0.226800
0.228350
0.235625
0.238575
0.238950
0.240325
0.242075
0.242975
0.248850
0.257225
0.263300
0.263825
0.266975
0.268075
0.275575
0.279725
0.301000
0.311275
0.311275
0.318600
0.318700
0.331350
0.334075
0.337375
0.340775
0.345200
0.350475
0.351025
0.357500
0.365750
0.377575
0.383400
0.394650
0.399300
0.404850
0.415150
0.416175
0.426525
0.427400
0.427675
0.441825
0.447175
0.449625
0.452175
0.453225
0.456275
0.457925
0.462375
0.466500
0.471600
0.475000
0.483650
0.484450
0.495000
0.495125
0.495150
0.502925
0.506450
0.506875
0.509200
0.509625
0.513575
0.516175
0.529750
0.543275
0.544425
0.560125
0.565400
0.567800
0.567825
0.568575
0.570525
0.571625
0.572350
0.579500
0.587850
0.593100
0.593950
0.604325
0.604325
0.606675
0.608375
0.611400
0.615450
0.618750
0.624700
0.640850
0.653375
0.658050
0.658075
0.661575
0.662425
0.663275
0.664850
0.668800
0.678325
0.681625
0.686750
0.690700
0.693900
0.696600
0.696900
0.700125
0.717600
0.729650
0.732725
0.733425
0.738125
0.738350
0.740275
0.748750
0.755400
0.758050
0.761300
0.765800
0.768100
0.781150
0.782875
0.784575
0.790625
0.792000
0.796400
0.804675
0.805325
0.821775
0.825550
0.826800
0.827550
0.827950
0.834825
0.842800
0.843000
0.847625
0.852875
0.856850
0.859575
0.863275
0.870900
0.872550
0.876025
0.884850
0.886525
0.891325
0.894750
0.904350
0.911625
0.923375
0.928125
0.940075
0.948825
0.970600
0.972800
0.974600
0.980300
0.983325
0.983825
0.999100
1.004075
1.011050
1.016225
1.023800
1.028575
1.057575
1.066025
1.076200
1.077525
1.103125
1.112925
1.148300
1.178075
1.185675
1.194725
1.203750
1.215525
1.235325
1.248275
1.301225
1.316650
1.329625
1.419725
1.539400
1.559925
1.652900
1.668375
1.761600
1.859850
1.864200
1.987425
2.297875
2.376800
243
