0.001725
0.002850
0.008200
0.009825
0.020325
0.031275
0.031550
0.037875
0.043825
0.054700
0.055600
0.057950
0.070800
0.075850
0.078300
0.079500
0.080525
0.081550
0.083200
0.087825
0.091025
0.101100
0.102975
0.103500
0.106225
0.109950
0.127400
0.133400
0.138225
0.140600
0.142525
0.152700
0.156000
0.161600
0.170350
0.175125
0.176750
0.181775
0.186425
0.189150
0.199575
0.206350
0.226125
0.229350
0.230075
0.234900
0.246425
0.248025
0.252225
0.259975
0.266450
0.275525
0.277550
0.288950
0.296150
0.297700
0.299850
0.301850
0.308700
0.312825
0.314325
0.318125
0.320900
0.327750
0.338250
0.341425
0.341825
0.346950
0.348075
0.361100
0.361225
0.361600
0.363725
0.363850
0.365200
0.369375
0.374000
0.378450
0.381500
0.382500
0.388050
0.395825
0.396050
0.413875
0.414650
0.425325
0.426525
0.429525
0.434750
0.437925
0.441850
0.454750
0.460200
0.460650
0.467475
0.489225
0.494800
0.495425
0.498450
0.504775
0.509825
0.511625
0.514000
0.514275
0.519850
0.529800
0.529800
0.531350
0.538625
0.548825
0.556400
0.557800
0.559525
0.562800
0.563200
0.572350
0.577675
0.580600
0.583150
0.596925
0.600000
0.603250
0.609225
0.620400
0.620600
0.632025
0.638300
0.640200
0.655000
0.655575
0.665650
0.668100
0.669500
0.676125
0.681950
0.682900
0.709550
0.717200
0.721925
0.722025
0.732850
0.734250
0.739325
0.739450
0.744550
0.744800
0.746825
0.761800
0.764500
0.768750
0.770725
0.774525
0.780150
0.790325
0.802600
0.804750
0.805325
0.807575
0.815400
0.816625
0.843900
0.843950
0.847125
0.852300
0.855575
0.856675
0.857425
0.859275
0.863875
0.867700
0.874450
0.874500
0.878025
0.878425
0.893900
0.901725
0.906350
0.917850
0.922975
0.927350
0.929225
0.930275
0.930750
0.935475
0.941825
0.969025
0.969075
0.971300
0.994825
0.997475
1.008100
1.046750
1.058450
1.064075
1.066175
1.068450
1.072850
1.078400
1.099900
1.109675
1.122525
1.131000
1.150000
1.166225
1.187250
1.221725
1.249075
1.297975
1.303225
1.305300
1.316625
1.323325
1.324850
1.383500
1.387925
1.402100
1.411925
1.423175
1.469700
1.475850
1.561450
1.575050
1.682375
1.700875
1.853325
1.906900
1.937700
1.987225
2.134875
2.178750
2.214575
2.246650
2.309725
2.407850
234
