0.002450
0.005175
0.010550
0.010775
0.025500
0.025825
0.027400
0.032275
0.036400
0.040975
0.044925
0.048875
0.049175
0.050825
0.058050
0.059750
0.060150
0.074450
0.079625
0.079875
0.083125
0.088750
0.092600
0.095125
0.104200
0.113275
0.116425
0.121125
0.123300
0.129000
0.131700
0.137375
0.137825
0.151425
0.167600
0.170975
0.176725
0.179350
0.179700
0.183825
0.185975
0.195675
0.196050
0.198000
0.203425
0.219525
0.220200
0.225500
0.225600
0.226525
0.227600
0.231800
0.235775
0.236525
0.241175
0.242625
0.246875
0.253600
0.257475
0.261175
0.262375
0.281775
0.290050
0.298875
0.300775
0.301250
0.302150
0.304200
0.311500
0.323175
0.329700
0.344875
0.344925
0.346875
0.347425
0.348250
0.355050
0.355325
0.356475
0.356675
0.359650
0.360050
0.364925
0.366400
0.367700
0.381525
0.382600
0.392525
0.394000
0.399475
0.407550
0.408500
0.412500
0.422575
0.423650
0.432225
0.459775
0.466150
0.466200
0.471625
0.477425
0.480075
0.483100
0.483450
0.489850
0.498550
0.500500
0.500925
0.508200
0.509800
0.517825
0.521950
0.522050
0.525675
0.527000
0.540300
0.542850
0.543150
0.544675
0.547725
0.549300
0.557475
0.558325
0.565150
0.565250
0.565700
0.575000
0.581100
0.582050
0.585300
0.588200
0.597700
0.605175
0.613525
0.615325
0.615725
0.618900
0.619550
0.632750
0.640400
0.644050
0.648925
0.650625
0.650725
0.650875
0.658275
0.659075
0.663350
0.663725
0.669075
0.672225
0.678700
0.683100
0.686450
0.689075
0.702350
0.705125
0.705475
0.706025
0.706625
0.715575
0.715975
0.731450
0.736625
0.737875
0.738450
0.742825
0.746900
0.750000
0.754675
0.756975
0.763025
0.769175
0.784500
0.788225
0.789500
0.791250
0.800325
0.800425
0.803825
0.805625
0.806925
0.811575
0.811900
0.817100
0.824600
0.832150
0.832925
0.834000
0.835575
0.837975
0.840400
0.844075
0.846900
0.849425
0.852500
0.877600
0.879300
0.886800
0.898575
0.901875
0.909700
0.933475
0.939675
0.942700
0.948875
0.949500
0.959100
0.964625
0.970225
0.970900
0.975250
0.990725
0.995475
1.022775
1.035850
1.068025
1.077000
1.088425
1.094075
1.112250
1.130875
1.140050
1.152350
1.154500
1.156825
1.161975
1.165175
1.191075
1.209450
1.221850
1.233275
1.243275
1.281950
1.294125
1.301600
1.311225
1.328150
1.419025
1.484525
1.490275
1.525200
1.554075
1.564925
1.575700
1.583125
1.618500
1.626825
1.637150
1.681775
1.683125
1.786675
1.793250
1.823025
1.839475
2.004925
2.238025
2.247750
2.265775
259
