0.002675
0.014125
0.015950
0.017600
0.023725
0.024000
0.025850
0.034675
0.043850
0.046050
0.046575
0.054050
0.063500
0.066125
0.067000
0.067100
0.076500
0.088200
0.088900
0.091550
0.093425
0.095675
0.100150
0.101225
0.106350
0.116750
0.118825
0.118900
0.119875
0.124525
0.126225
0.134225
0.141625
0.141950
0.147575
0.156450
0.159425
0.163325
0.163875
0.164400
0.164475
0.164675
0.167675
0.191650
0.193375
0.194400
0.198450
0.198600
0.204100
0.217325
0.222725
0.227375
0.229625
0.231825
0.241325
0.243500
0.244175
0.255775
0.265775
0.269300
0.273825
0.274275
0.283600
0.287650
0.303650
0.308000
0.311250
0.323950
0.328400
0.329175
0.338050
0.342000
0.343625
0.359175
0.361425
0.369525
0.380300
0.387200
0.394100
0.395375
0.398725
0.399850
0.403950
0.411725
0.415500
0.419325
0.420225
0.423150
0.429875
0.431600
0.434725
0.437125
0.451125
0.451275
0.452425
0.453300
0.453625
0.454200
0.454550
0.461025
0.462850
0.469025
0.479925
0.482175
0.484500
0.485200
0.501225
0.503125
0.505450
0.505750
0.507050
0.508300
0.508925
0.510900
0.511100
0.520350
0.523450
0.527400
0.534475
0.543650
0.549400
0.550700
0.557300
0.567675
0.568925
0.576600
0.578825
0.584150
0.591225
0.591750
0.592375
0.596375
0.600175
0.600350
0.601550
0.608275
0.608700
0.608925
0.616775
0.618300
0.618450
0.620200
0.623625
0.624375
0.630150
0.630450
0.636075
0.638650
0.642475
0.643900
0.644875
0.651225
0.655550
0.660000
0.665775
0.666125
0.666900
0.669350
0.669825
0.682475
0.683875
0.685775
0.686475
0.706100
0.707075
0.707300
0.709000
0.715525
0.715775
0.718125
0.721450
0.725100
0.735400
0.740450
0.740925
0.742500
0.743450
0.749350
0.751275
0.755300
0.755725
0.759750
0.763475
0.763575
0.770250
0.771350
0.779075
0.786325
0.788500
0.789850
0.792425
0.802725
0.808175
0.818750
0.819100
0.820825
0.824275
0.828075
0.830275
0.840000
0.863150
0.886875
0.892500
0.896200
0.898350
0.898550
0.905975
0.931275
0.933425
0.943125
0.956025
0.958875
0.959150
0.977275
0.985375
0.994800
1.017375
1.022500
1.022675
1.023775
1.041300
1.043700
1.053750
1.080000
1.093275
1.100075
1.111575
1.112650
1.121525
1.157225
1.169700
1.173300
1.189525
1.198775
1.214525
1.222450
1.227100
1.254275
1.268400
1.288300
1.328775
1.353775
1.361775
1.370625
1.403500
1.420025
1.429775
1.430625
1.448600
1.455150
1.468050
1.499050
1.516950
1.520700
1.602225
1.605400
1.645500
1.651625
1.664025
1.708275
1.736425
1.942800
2.171850
2.287600
2.364550
265
