0.006950
0.010250
0.010825
0.010925
0.012175
0.013825
0.019150
0.033175
0.035150
0.042400
0.043600
0.043600
0.046975
0.050850
0.056225
0.058125
0.077075
0.077200
0.080175
0.084700
0.086975
0.093875
0.114150
0.114250
0.114900
0.119350
0.120425
0.123450
0.126525
0.128200
0.129000
0.130575
0.131200
0.133425
0.134025
0.145800
0.155350
0.156150
0.157025
0.159100
0.164625
0.166025
0.168250
0.171575
0.173375
0.176450
0.177850
0.183300
0.186550
0.189725
0.195975
0.196175
0.197175
0.197975
0.201550
0.202325
0.213000
0.213225
0.213775
0.217750
0.218350
0.226475
0.229775
0.235550
0.241350
0.244600
0.247775
0.254025
0.256600
0.257325
0.280025
0.281775
0.288325
0.291850
0.296450
0.296875
0.301225
0.308125
0.312000
0.315675
0.321350
0.328875
0.336250
0.339675
0.347450
0.362325
0.363775
0.364475
0.365475
0.366000
0.369650
0.371825
0.378100
0.379475
0.382500
0.385075
0.385325
0.387625
0.393250
0.393325
0.395650
0.398475
0.398800
0.401275
0.413425
0.420300
0.421250
0.421725
0.422000
0.423125
0.424625
0.435625
0.442175
0.442175
0.443325
0.449800
0.460950
0.461675
0.462875
0.463175
0.465950
0.469525
0.469900
0.472600
0.477750
0.477975
0.488325
0.488725
0.490200
0.493925
0.495550
0.500125
0.504300
0.512725
0.514725
0.521875
0.523625
0.525950
0.527975
0.534975
0.536175
0.538175
0.542725
0.557725
0.558075
0.564950
0.566750
0.567925
0.579100
0.587050
0.595600
0.598325
0.598350
0.603450
0.609875
0.615700
0.616650
0.618725
0.620625
0.621475
0.622875
0.624000
0.625075
0.626575
0.628375
0.635550
0.640050
0.641225
0.643175
0.645775
0.647175
0.650500
0.657275
0.659350
0.661150
0.663600
0.677325
0.678600
0.696825
0.703000
0.706200
0.713050
0.718725
0.731650
0.733800
0.737550
0.740925
0.744925
0.752000
0.759425
0.766825
0.767175
0.769175
0.778150
0.780050
0.781625
0.783675
0.784400
0.787575
0.789500
0.797375
0.804750
0.817525
0.821375
0.823775
0.825125
0.827350
0.828075
0.844400
0.851150
0.852225
0.852550
0.853125
0.865525
0.866950
0.870300
0.877400
0.884800
0.903050
0.909400
0.916800
0.924875
0.948400
0.949100
0.963325
0.985175
0.999950
1.002975
1.027775
1.030175
1.036100
1.041400
1.041475
1.045600
1.054350
1.054525
1.061525
1.098700
1.105425
1.105850
1.112200
1.128350
1.129875
1.132075
1.179675
1.259575
1.263625
1.287750
1.305150
1.343425
1.349375
1.358025
1.423575
1.447725
1.463325
1.497725
1.498350
1.502050
1.574600
1.619975
1.683625
1.713825
1.786275
1.803100
1.893100
1.926550
2.059100
2.317750
2.337850
269
