0.005725
0.008725
0.015275
0.020700
0.028250
0.037825
0.043050
0.048850
0.051375
0.059500
0.065175
0.066825
0.068000
0.073700
0.079650
0.083350
0.090550
0.090700
0.092000
0.105650
0.110775
0.111000
0.111250
0.112525
0.113375
0.118125
0.123300
0.126475
0.130500
0.132300
0.134725
0.136375
0.139525
0.146950
0.150950
0.151975
0.160600
0.161525
0.166650
0.167625
0.178725
0.185275
0.186575
0.187275
0.188925
0.194075
0.204150
0.207400
0.208000
0.209175
0.209475
0.219650
0.220775
0.233050
0.239825
0.255225
0.258625
0.260875
0.264825
0.265850
0.267550
0.267825
0.273400
0.281550
0.282175
0.285050
0.295575
0.303400
0.303800
0.310550
0.311225
0.312925
0.330800
0.335300
0.338325
0.341375
0.342825
0.350350
0.356000
0.356625
0.361025
0.376775
0.378350
0.379950
0.390675
0.405550
0.409925
0.419050
0.425400
0.427000
0.429725
0.436100
0.446575
0.448250
0.449850
0.452275
0.458775
0.459000
0.466125
0.468325
0.474700
0.476800
0.482825
0.491550
0.492375
0.493050
0.494700
0.495000
0.495550
0.497850
0.512400
0.514975
0.525950
0.530825
0.531775
0.534325
0.540725
0.543350
0.554425
0.560650
0.562700
0.567250
0.573525
0.582050
0.586100
0.586325
0.591050
0.595225
0.597725
0.599425
0.600775
0.601750
0.615150
0.618500
0.628500
0.634500
0.635950
0.638150
0.638925
0.652575
0.662225
0.664000
0.669425
0.675450
0.677175
0.682400
0.686625
0.688725
0.691050
0.692500
0.700225
0.701075
0.701175
0.702625
0.705075
0.705750
0.707600
0.707925
0.708950
0.718375
0.722050
0.725600
0.730100
0.731325
0.731525
0.736075
0.737025
0.738900
0.743325
0.747975
0.755025
0.758875
0.766100
0.768550
0.773250
0.775450
0.778850
0.779500
0.780525
0.787825
0.792150
0.796450
0.798850
0.800675
0.801800
0.802775
0.803375
0.806050
0.813525
0.817775
0.819500
0.821100
0.827175
0.831900
0.835300
0.836275
0.838975
0.840650
0.848525
0.865200
0.878250
0.883575
0.885275
0.896675
0.905450
0.909525
0.919850
0.925475
0.939400
0.944300
0.961475
0.962025
0.968450
0.974850
0.976500
0.977725
0.979350
0.989725
1.000700
1.003350
1.004175
1.007925
1.014100
1.016025
1.043775
1.045450
1.057650
1.064050
1.071825
1.075025
1.083550
1.095125
1.100925
1.105200
1.116150
1.127200
1.129350
1.143475
1.144375
1.179625
1.182000
1.187800
1.197425
1.201250
1.210750
1.224750
1.239325
1.271375
1.281600
1.301975
1.320275
1.323275
1.338800
1.343050
1.414425
1.430600
1.434600
1.494425
1.496250
1.524625
1.535725
1.584850
1.621850
1.636900
1.674250
1.719300
1.753125
1.927200
1.991650
1.999725
2.415750
271
