0.016875
0.017225
0.029225
0.030025
0.031225
0.033200
0.041500
0.044950
0.050450
0.050525
0.052150
0.052875
0.073850
0.082000
0.085725
0.091725
0.093650
0.095025
0.099375
0.101425
0.104100
0.106300
0.108825
0.117525
0.117625
0.118325
0.126050
0.127225
0.141450
0.145850
0.151125
0.154225
0.157775
0.159075
0.165325
0.166900
0.174350
0.176950
0.177600
0.178375
0.183300
0.188950
0.195425
0.195975
0.197900
0.198675
0.206475
0.208900
0.218425
0.224500
0.227775
0.229300
0.235975
0.237250
0.238200
0.238350
0.247825
0.249250
0.251850
0.255400
0.255850
0.262100
0.263050
0.270475
0.271275
0.289100
0.289675
0.304150
0.306375
0.311775
0.312400
0.315550
0.318625
0.338800
0.347050
0.347625
0.347650
0.371800
0.372025
0.380950
0.380950
0.383200
0.383300
0.386150
0.403875
0.406600
0.409350
0.410250
0.410850
0.412725
0.414000
0.414250
0.418025
0.418500
0.418550
0.422575
0.427675
0.433375
0.441375
0.444275
0.445525
0.453625
0.459850
0.460425
0.463800
0.472675
0.476875
0.484050
0.494200
0.494725
0.509750
0.512400
0.513925
0.514000
0.518750
0.519700
0.527025
0.530450
0.534000
0.534550
0.535950
0.536925
0.541475
0.541700
0.561400
0.577100
0.581725
0.582775
0.588675
0.589225
0.591300
0.594525
0.599200
0.609725
0.615675
0.616050
0.617025
0.621500
0.637275
0.637725
0.639250
0.639975
0.642400
0.642675
0.647200
0.647800
0.653400
0.657950
0.667850
0.670075
0.675700
0.678325
0.682450
0.684500
0.686325
0.688050
0.693725
0.697300
0.698825
0.702750
0.703875
0.706900
0.708825
0.717375
0.719350
0.720150
0.739600
0.740250
0.741250
0.743225
0.744200
0.746025
0.755975
0.758725
0.760600
0.760800
0.762225
0.765400
0.769500
0.770875
0.775300
0.784825
0.785650
0.793000
0.798850
0.799275
0.801100
0.805375
0.805550
0.810650
0.812525
0.817500
0.821825
0.828425
0.829150
0.831575
0.832925
0.834100
0.837950
0.843675
0.875825
0.875900
0.876725
0.881275
0.897375
0.900675
0.904100
0.904975
0.906200
0.922975
0.923800
0.928000
0.929000
0.939150
0.940250
0.941100
0.943675
0.957725
0.965300
0.968850
0.969900
0.973425
0.980050
0.982775
1.002950
1.021075
1.028900
1.032075
1.033600
1.041900
1.054350
1.060000
1.089925
1.123575
1.128550
1.131200
1.150800
1.154050
1.166350
1.171800
1.180725
1.182250
1.210225
1.213375
1.220575
1.222875
1.241625
1.253750
1.274025
1.285650
1.287400
1.314550
1.338625
1.338900
1.359550
1.371175
1.389675
1.393750
1.432450
1.465650
1.479100
1.500625
1.609950
1.619750
1.649275
1.680775
1.713775
1.767850
1.840500
1.907500
1.907750
1.944125
2.040500
2.054000
2.085325
2.346625
276
