0.002900
0.005675
0.009175
0.017175
0.017825
0.022000
0.024525
0.025250
0.026275
0.027025
0.027550
0.028350
0.028950
0.032050
0.032900
0.032925
0.043475
0.043775
0.047350
0.049075
0.050750
0.052250
0.054825
0.062425
0.067950
0.072625
0.072975
0.073350
0.076900
0.083950
0.088875
0.096100
0.100050
0.100225
0.101000
0.104525
0.105525
0.113150
0.118025
0.127275
0.135650
0.143050
0.144725
0.148200
0.150125
0.151275
0.160675
0.163250
0.163325
0.169450
0.175875
0.185775
0.190375
0.191250
0.192425
0.194075
0.195000
0.195325
0.196950
0.211850
0.230550
0.234175
0.243100
0.251100
0.256350
0.256825
0.258700
0.262575
0.263125
0.263975
0.264250
0.264725
0.267675
0.269450
0.270225
0.270600
0.275925
0.277000
0.279375
0.281625
0.283100
0.285725
0.288525
0.289350
0.291175
0.298675
0.302100
0.304325
0.306600
0.307275
0.308575
0.312025
0.322375
0.322725
0.327650
0.331925
0.333275
0.340750
0.350525
0.352100
0.352275
0.357875
0.358825
0.362675
0.365625
0.377075
0.379100
0.384300
0.394100
0.413750
0.415650
0.417150
0.420875
0.425100
0.432300
0.440650
0.441000
0.445025
0.460000
0.462550
0.478850
0.482900
0.483125
0.483625
0.487350
0.493975
0.503025
0.512050
0.517500
0.517975
0.518950
0.519550
0.522200
0.526275
0.527150
0.529675
0.531625
0.536400
0.536425
0.541675
0.551550
0.560050
0.562575
0.565800
0.565925
0.566700
0.573475
0.579700
0.580750
0.602325
0.606775
0.613575
0.614675
0.621200
0.629825
0.643725
0.644475
0.644725
0.651700
0.660525
0.667400
0.672850
0.673700
0.678675
0.685325
0.688575
0.690100
0.703575
0.705925
0.715650
0.719200
0.723925
0.730425
0.734225
0.736400
0.753675
0.760325
0.761650
0.762325
0.765525
0.775875
0.782525
0.785200
0.786075
0.790825
0.800600
0.806050
0.812450
0.815125
0.820500
0.828725
0.845050
0.846050
0.850250
0.856200
0.862050
0.867750
0.874400
0.887325
0.907750
0.919450
0.923675
0.949675
0.979775
0.979950
0.982650
0.988225
0.988575
0.988675
0.991450
0.996225
1.013150
1.020475
1.023100
1.032025
1.033175
1.049375
1.050300
1.066375
1.069225
1.085325
1.088150
1.090350
1.094100
1.105500
1.105725
1.107675
1.137775
1.144075
1.154925
1.206800
1.259025
1.263675
1.288200
1.304250
1.309350
1.309900
1.313350
1.320325
1.341900
1.342500
1.376775
1.382925
1.384525
1.442275
1.449150
1.466850
1.485075
1.501350
1.542750
1.588650
1.632400
1.733150
1.780225
1.781675
1.840675
1.893800
1.942350
2.027850
2.111325
2.220200
2.329450
2.432100
263
