0.003225
0.004000
0.004775
0.011900
0.016825
0.019550
0.020775
0.021125
0.021800
0.029100
0.035350
0.046900
0.049425
0.051725
0.053250
0.054125
0.062225
0.072875
0.073175
0.077700
0.077950
0.091825
0.094675
0.095075
0.096525
0.101425
0.102375
0.103025
0.109350
0.114925
0.116275
0.124100
0.125075
0.125225
0.126400
0.137150
0.138375
0.147050
0.158000
0.158725
0.162150
0.163275
0.164450
0.172875
0.174100
0.181350
0.185800
0.193425
0.193650
0.194225
0.196675
0.198850
0.199525
0.201450
0.201925
0.207700
0.220525
0.237725
0.240375
0.243700
0.248875
0.264700
0.267225
0.268625
0.269825
0.270350
0.271000
0.278800
0.282550
0.284475
0.285425
0.289250
0.290525
0.291900
0.293400
0.298925
0.300400
0.307575
0.325125
0.330950
0.338225
0.339350
0.344750
0.350700
0.364450
0.367125
0.368125
0.374525
0.376600
0.387775
0.389350
0.390425
0.391875
0.392225
0.398200
0.407525
0.407950
0.407975
0.408925
0.423925
0.431625
0.438150
0.439775
0.442625
0.446150
0.451850
0.471150
0.475875
0.476525
0.489825
0.491775
0.495550
0.507875
0.508075
0.512975
0.513850
0.520375
0.524500
0.525600
0.533525
0.537525
0.542600
0.549900
0.549975
0.561025
0.576300
0.580850
0.585125
0.595875
0.596700
0.606725
0.612675
0.615950
0.621375
0.631800
0.640425
0.644700
0.648275
0.649350
0.656700
0.669400
0.670125
0.671875
0.677400
0.681375
0.682125
0.690350
0.692900
0.697450
0.702725
0.707875
0.719950
0.725950
0.732150
0.738300
0.738725
0.749675
0.749725
0.753150
0.756025
0.756525
0.761275
0.770550
0.779075
0.781900
0.782425
0.790250
0.793750
0.794225
0.795050
0.797275
0.808150
0.809850
0.828700
0.836925
0.839275
0.841650
0.843700
0.850800
0.854750
0.857350
0.861800
0.885075
0.892025
0.913150
0.919050
0.919750
0.925850
0.940700
0.952850
0.961450
0.967525
0.969925
0.974650
0.980775
0.986400
0.994675
1.002125
1.002600
1.004150
1.024225
1.037150
1.040825
1.053125
1.058800
1.058825
1.062525
1.075225
1.082050
1.092175
1.095700
1.117325
1.119000
1.134775
1.137675
1.167625
1.168375
1.180825
1.190700
1.202850
1.217850
1.218200
1.225850
1.234325
1.248400
1.258475
1.263525
1.268200
1.305025
1.313100
1.320125
1.324075
1.362800
1.367800
1.394050
1.430675
1.461175
1.462425
1.504725
1.530700
1.534350
1.606900
1.609800
1.630975
1.679825
1.754575
1.855475
1.871925
1.905200
2.176300
250
