0.004575
0.005300
0.009325
0.015325
0.025800
0.027650
0.027875
0.030125
0.032175
0.035625
0.036625
0.041250
0.050300
0.065525
0.076125
0.079900
0.091400
0.101400
0.108900
0.109100
0.120300
0.121400
0.125900
0.131450
0.135100
0.135575
0.144000
0.144650
0.158625
0.168525
0.169925
0.180125
0.183050
0.186025
0.186550
0.187175
0.190325
0.191850
0.203050
0.211425
0.214800
0.216425
0.227525
0.242175
0.244175
0.245850
0.257100
0.258700
0.260325
0.265125
0.276300
0.276500
0.282425
0.286150
0.288175
0.289500
0.293400
0.296375
0.302225
0.305100
0.307850
0.307950
0.312975
0.313775
0.324850
0.325400
0.326625
0.333725
0.343450
0.354100
0.370600
0.373000
0.374525
0.375175
0.378075
0.381200
0.383900
0.386250
0.391500
0.397050
0.398575
0.410200
0.412075
0.422025
0.422725
0.431175
0.437175
0.438600
0.443850
0.445825
0.448400
0.448575
0.449325
0.450450
0.455250
0.459725
0.462075
0.462350
0.462425
0.471475
0.479100
0.486325
0.490475
0.495275
0.496950
0.500825
0.502750
0.505550
0.506950
0.511200
0.516225
0.522350
0.528600
0.540225
0.540475
0.553825
0.556275
0.556525
0.576900
0.579975
0.580550
0.580825
0.592650
0.595200
0.595825
0.596825
0.598325
0.598500
0.600175
0.601700
0.608575
0.613350
0.619275
0.620325
0.625700
0.645400
0.662400
0.672075
0.672225
0.674850
0.676875
0.677650
0.680550
0.680925
0.682900
0.683700
0.683775
0.684875
0.685350
0.697975
0.698050
0.702275
0.704100
0.708175
0.711725
0.712175
0.716525
0.718475
0.720575
0.730450
0.731575
0.732000
0.736550
0.742175
0.742725
0.762125
0.764925
0.782825
0.787025
0.793675
0.794175
0.796000
0.797925
0.805050
0.805425
0.808500
0.811875
0.817900
0.818000
0.823500
0.833625
0.836300
0.837725
0.839725
0.843100
0.858025
0.863700
0.866850
0.868650
0.874325
0.882800
0.906600
0.911300
0.918225
0.925300
0.933500
0.940875
0.943175
0.949325
0.963275
0.972625
0.982825
0.998375
0.998925
0.999125
1.015175
1.019375
1.022500
1.025900
1.029475
1.040375
1.061700
1.062450
1.089075
1.110575
1.120000
1.137650
1.170400
1.242625
1.251300
1.259100
1.330975
1.334600
1.368350
1.395350
1.417625
1.437300
1.456925
1.514650
1.547075
1.618700
1.619150
1.644350
1.654675
1.667925
1.717525
1.742700
2.020250
2.057850
2.082700
2.127725
2.280875
2.320775
2.344400
2.478525
245
