0.005325
0.010600
0.012025
0.012425
0.018525
0.018650
0.020100
0.023525
0.028975
0.030350
0.030950
0.038200
0.042800
0.048900
0.049075
0.052525
0.054200
0.058950
0.060150
0.069100
0.080550
0.083375
0.084375
0.085200
0.098575
0.106750
0.108050
0.109000
0.116475
0.117025
0.128250
0.129325
0.131750
0.133550
0.139650
0.140400
0.144275
0.146400
0.148750
0.149250
0.151350
0.166025
0.168850
0.174950
0.177725
0.179725
0.188075
0.191050
0.194600
0.197075
0.201375
0.201400
0.201750
0.203175
0.209550
0.210150
0.219150
0.236500
0.238125
0.241425
0.245850
0.255750
0.255875
0.258550
0.278050
0.284000
0.287450
0.289825
0.293425
0.297375
0.301225
0.303150
0.304050
0.304625
0.311975
0.313950
0.315850
0.326625
0.330275
0.333175
0.335400
0.336825
0.344300
0.345700
0.354325
0.354800
0.357000
0.364550
0.368875
0.378525
0.380375
0.380650
0.381825
0.389050
0.391525
0.397325
0.401100
0.418275
0.419150
0.425525
0.432250
0.447325
0.454575
0.458725
0.458925
0.462500
0.464725
0.473875
0.484525
0.486150
0.496000
0.503675
0.505450
0.507450
0.518900
0.520525
0.520725
0.543450
0.549250
0.550675
0.553100
0.556475
0.566450
0.569575
0.574375
0.579225
0.580300
0.603600
0.605150
0.607075
0.612225
0.613175
0.613425
0.613875
0.616400
0.635050
0.639600
0.642075
0.643275
0.643925
0.645825
0.653750
0.659625
0.662300
0.664350
0.678925
0.692950
0.698950
0.704650
0.713575
0.716000
0.719325
0.724900
0.726575
0.731800
0.732350
0.737000
0.739400
0.751600
0.754150
0.758300
0.764325
0.767975
0.768475
0.770800
0.773475
0.777525
0.779750
0.783000
0.808200
0.812100
0.812700
0.825900
0.826400
0.827375
0.832475
0.834350
0.845825
0.857750
0.864275
0.867900
0.875550
0.881075
0.915175
0.916150
0.917750
0.925400
0.926550
0.928225
0.941300
0.945750
0.964150
0.977025
0.980275
0.990925
0.998800
1.004700
1.008100
1.011050
1.016425
1.017650
1.020975
1.023375
1.031650
1.031775
1.039700
1.044375
1.053400
1.065325
1.066400
1.090050
1.097825
1.102600
1.104750
1.133975
1.135200
1.139450
1.145175
1.152925
1.184150
1.215725
1.243575
1.270775
1.316400
1.398775
1.463225
1.480125
1.572525
1.579800
1.579900
1.597875
1.623675
1.644925
1.716400
1.723100
1.793375
1.872725
1.873075
2.031500
2.071500
2.425500
241
