0.003975
0.004650
0.013150
0.019350
0.022925
0.025775
0.034875
0.046150
0.050250
0.053550
0.062175
0.063525
0.063975
0.064075
0.071875
0.073200
0.074225
0.079100
0.079600
0.082475
0.082750
0.092425
0.093200
0.095075
0.096025
0.097800
0.104450
0.110850
0.116000
0.117275
0.129650
0.130075
0.131950
0.137475
0.138700
0.139525
0.144525
0.148850
0.150525
0.157700
0.158800
0.170675
0.173075
0.176350
0.178475
0.185525
0.189700
0.195475
0.196325
0.197600
0.198250
0.201275
0.201850
0.203350
0.203550
0.218700
0.220425
0.222775
0.223900
0.225200
0.232925
0.235475
0.239800
0.240725
0.243300
0.253500
0.265750
0.274750
0.277425
0.281425
0.292075
0.295875
0.295950
0.300500
0.304425
0.304750
0.305525
0.312375
0.318150
0.321750
0.327150
0.329700
0.361625
0.368125
0.370850
0.374400
0.375400
0.376200
0.396150
0.396825
0.405375
0.408100
0.410950
0.413300
0.414000
0.415775
0.416000
0.426400
0.426575
0.427000
0.430900
0.431100
0.432125
0.433575
0.436325
0.448725
0.451075
0.452175
0.456650
0.458150
0.458725
0.463150
0.488675
0.492925
0.495425
0.500950
0.507825
0.508350
0.519825
0.520575
0.525600
0.533175
0.533625
0.534150
0.535875
0.545400
0.547025
0.549225
0.558625
0.564800
0.567650
0.570800
0.579650
0.582225
0.582400
0.589550
0.594750
0.597650
0.602125
0.605925
0.615825
0.618525
0.620025
0.622200
0.643125
0.646500
0.647375
0.648000
0.650625
0.652775
0.663700
0.663750
0.664375
0.664900
0.676825
0.678275
0.680250
0.681350
0.685650
0.696750
0.715800
0.742500
0.743500
0.745625
0.747825
0.754075
0.755350
0.761850
0.762925
0.765025
0.774375
0.781375
0.781375
0.783100
0.783450
0.786300
0.788300
0.796975
0.800650
0.810600
0.813000
0.814050
0.817400
0.820350
0.820675
0.825225
0.830850
0.832850
0.834075
0.847650
0.852500
0.853375
0.854100
0.865975
0.901625
0.903050
0.919925
0.922925
0.930450
0.941825
0.950925
0.951050
0.958325
0.968275
0.972875
0.975400
0.997300
1.005750
1.009925
1.011000
1.023250
1.036875
1.038500
1.040725
1.047950
1.051250
1.054575
1.058450
1.059200
1.066600
1.070675
1.072400
1.074675
1.083000
1.091100
1.097600
1.100875
1.107875
1.108025
1.114525
1.146400
1.149975
1.150600
1.158725
1.167425
1.173175
1.191950
1.206675
1.237800
1.247050
1.249500
1.269325
1.298225
1.307250
1.333375
1.340000
1.384650
1.424450
1.493150
1.515700
1.558600
1.609100
1.644600
1.943050
2.182500
255
