0.004375
0.004575
0.008475
0.011950
0.017000
0.017600
0.025025
0.026925
0.031000
0.047900
0.049825
0.050850
0.052900
0.059125
0.070375
0.073350
0.075900
0.083150
0.084300
0.084375
0.084675
0.087700
0.093650
0.097525
0.101300
0.104450
0.110575
0.110975
0.111125
0.115475
0.120725
0.120875
0.123150
0.126450
0.128625
0.136475
0.136650
0.140450
0.143850
0.148775
0.149025
0.149850
0.151925
0.154800
0.154900
0.159600
0.160150
0.161625
0.167625
0.175850
0.176000
0.177375
0.182250
0.196650
0.199600
0.207400
0.216475
0.217700
0.228400
0.230925
0.231550
0.232225
0.235175
0.239200
0.246525
0.248625
0.248725
0.253200
0.257325
0.260750
0.263900
0.271225
0.278925
0.280350
0.289875
0.290800
0.291125
0.291675
0.298900
0.298975
0.299075
0.305125
0.308525
0.311725
0.313550
0.325550
0.328275
0.346175
0.347225
0.357550
0.359350
0.370425
0.372100
0.381750
0.390550
0.392200
0.395175
0.395200
0.398375
0.400375
0.406150
0.412975
0.414375
0.420300
0.428850
0.429850
0.430725
0.431025
0.434150
0.437150
0.440825
0.441725
0.445150
0.447100
0.454725
0.457025
0.462075
0.464200
0.473425
0.473875
0.478500
0.490975
0.494225
0.513675
0.519200
0.534275
0.544300
0.548675
0.550100
0.556600
0.556950
0.558375
0.562650
0.563100
0.564075
0.566375
0.568150
0.569025
0.571675
0.577175
0.579500
0.589200
0.593600
0.593875
0.597725
0.599675
0.602725
0.603075
0.606575
0.609725
0.613150
0.616200
0.618725
0.620950
0.629650
0.634225
0.634750
0.637900
0.645750
0.645800
0.652825
0.657775
0.659975
0.661200
0.666350
0.680325
0.683950
0.687700
0.702925
0.706300
0.713825
0.721425
0.721550
0.723000
0.723850
0.725325
0.731675
0.734650
0.734900
0.737975
0.740250
0.742175
0.748375
0.759850
0.765875
0.776625
0.782325
0.791775
0.793425
0.794475
0.794750
0.797400
0.800325
0.802225
0.802800
0.802875
0.807950
0.811475
0.818025
0.818175
0.819925
0.819950
0.820500
0.825825
0.830000
0.843475
0.845075
0.848150
0.853625
0.855425
0.856150
0.859350
0.862200
0.865150
0.870475
0.872800
0.888150
0.895675
0.899675
0.905850
0.905875
0.909675
0.913700
0.914875
0.923425
0.924575
0.954525
0.955125
0.962600
0.971375
0.983375
0.995675
0.996900
1.020875
1.033150
1.034725
1.041875
1.046750
1.054250
1.054300
1.096075
1.102075
1.128175
1.138225
1.146000
1.155675
1.161825
1.171425
1.171950
1.192475
1.224825
1.230475
1.256975
1.275350
1.275600
1.293500
1.298100
1.308200
1.325125
1.337400
1.356150
1.369525
1.387200
1.387450
1.421475
1.453300
1.461450
1.462025
1.543800
1.645325
1.681175
1.686425
1.716250
1.748500
1.798325
1.837200
1.849250
2.204875
2.211875
2.371125
280
