0.002775
0.021650
0.033325
0.034075
0.034625
0.039750
0.041050
0.041600
0.046850
0.050925
0.068150
0.069550
0.072975
0.076500
0.076575
0.077450
0.078850
0.079675
0.088775
0.092800
0.097150
0.098800
0.099625
0.111425
0.113525
0.121525
0.139325
0.139525
0.140550
0.143525
0.149350
0.152375
0.155975
0.158050
0.159100
0.163950
0.167025
0.171300
0.171325
0.175250
0.175400
0.186475
0.188425
0.189100
0.192325
0.195775
0.196575
0.208525
0.210350
0.224000
0.231350
0.231400
0.232100
0.234775
0.253300
0.260400
0.262725
0.263050
0.276150
0.277550
0.278550
0.279325
0.280450
0.281100
0.281225
0.290875
0.293025
0.295425
0.297075
0.298600
0.299975
0.300600
0.307250
0.310750
0.316775
0.319275
0.320125
0.320400
0.322225
0.331700
0.334325
0.334525
0.334550
0.340150
0.340225
0.343800
0.348500
0.352200
0.359475
0.369000
0.372075
0.377800
0.379550
0.385650
0.387650
0.391625
0.395550
0.395825
0.403925
0.406175
0.406625
0.417225
0.420450
0.421275
0.422175
0.422725
0.426875
0.427200
0.435725
0.450275
0.451800
0.451850
0.455075
0.456275
0.464375
0.469650
0.475850
0.477275
0.481050
0.496625
0.498225
0.500200
0.501450
0.502775
0.505050
0.514075
0.517775
0.519725
0.521100
0.523650
0.524350
0.524400
0.525225
0.527250
0.538625
0.551300
0.558625
0.560375
0.561300
0.566625
0.584350
0.588700
0.590225
0.613050
0.614925
0.615400
0.618450
0.621950
0.627525
0.627675
0.628025
0.628200
0.637825
0.644475
0.645075
0.649425
0.652275
0.655675
0.660400
0.666475
0.667750
0.670750
0.673900
0.674775
0.684400
0.684950
0.687200
0.688675
0.693475
0.694600
0.695125
0.698325
0.701300
0.702975
0.704325
0.720575
0.728375
0.730950
0.737175
0.739150
0.744200
0.748800
0.750125
0.750900
0.754450
0.755050
0.757575
0.760150
0.760225
0.762025
0.785950
0.798800
0.799000
0.804850
0.818250
0.822250
0.824800
0.825925
0.839600
0.849350
0.861000
0.863700
0.864050
0.864500
0.865650
0.868525
0.878050
0.878800
0.880000
0.900475
0.901025
0.901425
0.910925
0.911875
0.914375
0.940875
0.944100
0.950150
0.953700
0.956900
0.963350
0.981250
0.981950
0.998975
1.003900
1.013350
1.029400
1.033150
1.040100
1.056975
1.059175
1.063000
1.073425
1.082925
1.103225
1.104575
1.122500
1.127150
1.138625
1.146375
1.147300
1.150725
1.156750
1.173175
1.175575
1.191825
1.196500
1.197850
1.201350
1.201450
1.223125
1.230925
1.267725
1.271600
1.271750
1.278400
1.280700
1.285150
1.286325
1.302550
1.324550
1.332400
1.336175
1.346200
1.404625
1.430925
1.445725
1.460225
1.477700
1.534925
1.542750
1.607125
1.612975
1.645225
1.666475
1.671900
1.760575
1.765775
1.812275
1.912475
1.978825
2.032425
2.158675
2.446050
284
