0.004725
0.006325
0.009250
0.009450
0.013650
0.014275
0.019325
0.019375
0.020925
0.023950
0.034425
0.035025
0.036875
0.040675
0.049050
0.056825
0.057525
0.061550
0.064750
0.070700
0.073850
0.079225
0.079675
0.081600
0.081700
0.087625
0.089100
0.093900
0.104150
0.107750
0.108550
0.108550
0.110300
0.118725
0.134175
0.134675
0.137550
0.144650
0.155300
0.160325
0.166200
0.168700
0.169250
0.171475
0.179375
0.180225
0.183675
0.191200
0.191900
0.196525
0.198950
0.216675
0.217475
0.218300
0.223750
0.230850
0.232625
0.233950
0.234425
0.235125
0.235125
0.235650
0.241500
0.242100
0.245075
0.246150
0.253925
0.260225
0.266825
0.268225
0.269650
0.274075
0.284250
0.292625
0.300250
0.301650
0.301850
0.303575
0.306000
0.306025
0.309925
0.316775
0.318250
0.318725
0.331100
0.331500
0.333750
0.344250
0.345000
0.345525
0.347500
0.347625
0.359425
0.360875
0.361175
0.364750
0.368575
0.369175
0.371100
0.376450
0.392975
0.393475
0.395250
0.398175
0.400825
0.401125
0.402300
0.403250
0.405525
0.407725
0.408625
0.417100
0.417450
0.419900
0.434100
0.434525
0.435650
0.439400
0.446400
0.451200
0.457925
0.458975
0.464900
0.467175
0.467225
0.468650
0.481800
0.483525
0.487700
0.491500
0.492325
0.522250
0.527475
0.533650
0.538050
0.540450
0.544650
0.558125
0.572475
0.574950
0.575975
0.577850
0.579600
0.580450
0.582725
0.593350
0.593775
0.594600
0.594875
0.606325
0.609550
0.613750
0.620950
0.627900
0.629250
0.630475
0.637250
0.637850
0.648600
0.661550
0.665700
0.670450
0.679250
0.687025
0.687575
0.690975
0.691750
0.692575
0.695225
0.705625
0.705925
0.706450
0.706525
0.713800
0.715975
0.718075
0.721150
0.721775
0.723200
0.729925
0.737850
0.746550
0.759950
0.760275
0.764450
0.767275
0.768525
0.775925
0.785825
0.786650
0.789125
0.792200
0.793125
0.793250
0.793500
0.794725
0.809650
0.814450
0.815025
0.818700
0.821475
0.826325
0.828900
0.850550
0.857700
0.861075
0.868625
0.874350
0.876950
0.887125
0.896225
0.903025
0.932225
0.943975
0.944425
0.950975
0.953675
0.956175
0.978900
0.980925
0.981125
1.021900
1.038150
1.044375
1.048000
1.050300
1.058500
1.067300
1.073300
1.073900
1.074775
1.080250
1.082800
1.092150
1.092200
1.099500
1.110250
1.116500
1.117525
1.125175
1.131525
1.135650
1.154575
1.164675
1.165075
1.165450
1.179675
1.184525
1.187850
1.195900
1.216075
1.266100
1.274025
1.306125
1.326450
1.332450
1.332525
1.333350
1.338300
1.344125
1.391000
1.451125
1.543750
1.666500
1.671375
1.734300
1.792250
1.810125
1.892050
1.931850
1.977250
1.983175
2.136125
2.211775
2.214300
2.311350
276
