0.004100
0.020750
0.025950
0.031450
0.041800
0.042000
0.042050
0.054250
0.060575
0.063800
0.064500
0.067300
0.069750
0.072650
0.084925
0.085325
0.111075
0.112100
0.112275
0.115325
0.116000
0.122125
0.124675
0.126900
0.127125
0.129650
0.136375
0.136725
0.141100
0.141475
0.142700
0.144825
0.146175
0.150075
0.152425
0.160900
0.167600
0.167700
0.169775
0.172925
0.181000
0.189525
0.202900
0.204150
0.208900
0.210100
0.210750
0.213350
0.222975
0.224850
0.234900
0.240175
0.243725
0.243825
0.244500
0.245250
0.259725
0.266400
0.266450
0.274575
0.295100
0.295850
0.303950
0.308100
0.311000
0.317625
0.319400
0.331775
0.335725
0.335925
0.336450
0.346500
0.353050
0.354900
0.356150
0.358200
0.364075
0.364950
0.365875
0.379350
0.379575
0.379875
0.387400
0.390625
0.393950
0.394550
0.397050
0.399750
0.403500
0.408450
0.415800
0.417250
0.417475
0.419725
0.422625
0.423225
0.436300
0.445625
0.452150
0.460800
0.461100
0.464900
0.480100
0.483800
0.490800
0.490900
0.492300
0.495225
0.501125
0.503100
0.503300
0.507650
0.509575
0.513350
0.514050
0.516375
0.531725
0.544050
0.547050
0.553175
0.565050
0.566150
0.574250
0.584450
0.586750
0.588100
0.589025
0.597375
0.602125
0.613625
0.620050
0.626575
0.631350
0.634350
0.636175
0.642050
0.643800
0.648250
0.656850
0.659350
0.659775
0.660425
0.660700
0.662900
0.667925
0.669500
0.670350
0.673925
0.677250
0.681075
0.684775
0.690175
0.695675
0.695725
0.695775
0.696675
0.707050
0.709300
0.715250
0.715725
0.723200
0.724125
0.727500
0.728425
0.740875
0.744000
0.745925
0.746400
0.758000
0.761450
0.776350
0.777825
0.778225
0.778425
0.785550
0.787575
0.807225
0.813475
0.814900
0.827725
0.833625
0.833825
0.835400
0.857750
0.862650
0.864450
0.865825
0.869525
0.887800
0.911900
0.919800
0.928450
0.937375
0.937525
0.943025
0.944525
0.947375
0.952875
0.954575
0.959150
0.965075
0.967350
0.971800
0.981125
0.983925
0.995650
0.999275
1.007850
1.008750
1.014300
1.036925
1.041725
1.046150
1.050500
1.053525
1.073700
1.089175
1.099775
1.099925
1.106250
1.110325
1.114450
1.119500
1.156250
1.165825
1.178025
1.191425
1.229525
1.272975
1.285450
1.287400
1.296000
1.329500
1.333550
1.397700
1.415225
1.440375
1.612825
1.622950
1.659800
1.666100
1.670575
1.823825
1.884475
2.020075
2.158950
2.406425
2.461875
248
