0.002100
0.008900
0.009625
0.011925
0.013025
0.017275
0.028900
0.049325
0.060975
0.064825
0.065200
0.067475
0.070025
0.072575
0.075000
0.079000
0.080775
0.086600
0.106300
0.108650
0.110825
0.115975
0.123700
0.124975
0.127975
0.129300
0.132600
0.134700
0.135925
0.141675
0.151775
0.155575
0.156725
0.159000
0.160200
0.164650
0.165275
0.167450
0.167550
0.172775
0.174025
0.177000
0.185025
0.187050
0.207150
0.210150
0.213150
0.214500
0.222225
0.223950
0.224850
0.235150
0.237600
0.237800
0.238175
0.249375
0.252025
0.253950
0.254675
0.254725
0.256300
0.262825
0.263975
0.287200
0.290425
0.290575
0.291175
0.304025
0.306075
0.312800
0.315250
0.318025
0.327775
0.331500
0.335100
0.343275
0.344250
0.346075
0.346175
0.347475
0.350050
0.350875
0.380275
0.386225
0.388450
0.390675
0.396700
0.396825
0.397725
0.400550
0.405225
0.415500
0.418050
0.421875
0.426150
0.426625
0.427800
0.430175
0.446875
0.448600
0.457175
0.467250
0.468150
0.473150
0.474275
0.477850
0.477975
0.478900
0.481975
0.502350
0.503525
0.507550
0.510550
0.510675
0.517225
0.527525
0.531150
0.535875
0.545575
0.547550
0.547650
0.548425
0.551500
0.551775
0.558825
0.562175
0.564525
0.579100
0.580375
0.580400
0.591025
0.591800
0.595725
0.597700
0.601000
0.613750
0.619525
0.619575
0.642225
0.643125
0.646125
0.646800
0.648750
0.653925
0.653975
0.662475
0.662525
0.663900
0.674350
0.675050
0.684475
0.686250
0.687950
0.695900
0.703725
0.704750
0.708750
0.713925
0.724600
0.732400
0.735700
0.739975
0.740475
0.741550
0.742150
0.743125
0.755250
0.762150
0.763125
0.767675
0.769575
0.772050
0.782375
0.782525
0.783975
0.786800
0.788900
0.790350
0.792000
0.792975
0.793575
0.795875
0.807250
0.815800
0.820550
0.821975
0.822875
0.835000
0.837100
0.842525
0.845625
0.850750
0.859025
0.864000
0.867350
0.886550
0.894200
0.895350
0.901375
0.904525
0.908450
0.923675
0.927825
0.928350
0.932400
0.933225
0.934675
0.946700
0.952950
0.955950
0.963825
0.964100
0.975225
0.976600
0.977250
0.982025
0.982150
0.989000
0.992900
1.000575
1.006300
1.012350
1.036175
1.041575
1.045050
1.045750
1.048475
1.062375
1.063550
1.094050
1.095975
1.101475
1.106875
1.115075
1.119100
1.124475
1.128050
1.160825
1.166900
1.184050
1.191800
1.216750
1.221675
1.231725
1.296375
1.301625
1.359200
1.383000
1.405800
1.419775
1.460825
1.517450
1.559425
1.593775
1.656075
1.673450
1.690400
1.890050
1.890875
1.939275
1.942775
2.044300
2.049075
2.132500
2.353000
2.437300
266
