0.001150
0.008975
0.012675
0.017875
0.020600
0.024600
0.025225
0.028575
0.029825
0.030625
0.043250
0.044825
0.044900
0.046000
0.049300
0.051200
0.052150
0.054275
0.055000
0.055575
0.062050
0.063675
0.067150
0.071100
0.074350
0.074600
0.074975
0.077600
0.077750
0.083475
0.087525
0.092100
0.094175
0.099600
0.106800
0.114475
0.114975
0.126925
0.133950
0.134075
0.136600
0.140900
0.148450
0.149525
0.159100
0.159975
0.164850
0.169175
0.174825
0.177825
0.181900
0.197275
0.198450
0.200975
0.207975
0.210300
0.212400
0.217975
0.225175
0.227275
0.230700
0.235700
0.236475
0.251275
0.251950
0.260600
0.260825
0.264400
0.264425
0.269925
0.276325
0.277650
0.279375
0.281800
0.283450
0.289075
0.292550
0.298625
0.299775
0.300950
0.304100
0.304775
0.306675
0.307125
0.312600
0.316450
0.318250
0.321575
0.322575
0.326800
0.327700
0.332675
0.336075
0.346625
0.346800
0.359550
0.378200
0.379500
0.381650
0.386550
0.389300
0.396350
0.401425
0.404000
0.408675
0.411900
0.414625
0.424350
0.426350
0.430325
0.438325
0.446125
0.450125
0.456200
0.456550
0.465450
0.468225
0.475550
0.484925
0.490200
0.498575
0.512875
0.513950
0.515850
0.518350
0.519350
0.520125
0.520850
0.529125
0.530900
0.540225
0.541125
0.551925
0.558675
0.560075
0.560100
0.560250
0.566550
0.566800
0.568500
0.572150
0.572275
0.586775
0.587350
0.595175
0.596875
0.602025
0.602925
0.605900
0.606525
0.612600
0.618350
0.618600
0.622625
0.622850
0.629100
0.630075
0.635275
0.644325
0.647750
0.659575
0.659800
0.661950
0.676850
0.677450
0.677675
0.683400
0.692800
0.695950
0.697200
0.697375
0.697975
0.709700
0.711950
0.721975
0.724850
0.727350
0.730200
0.731700
0.736650
0.741625
0.743750
0.744725
0.745825
0.746925
0.748125
0.752525
0.760200
0.764425
0.771375
0.779725
0.780775
0.788775
0.789675
0.790550
0.795875
0.808875
0.817825
0.829475
0.830625
0.841475
0.848625
0.852400
0.857225
0.859850
0.879300
0.880550
0.884850
0.885950
0.888475
0.894750
0.895425
0.896850
0.898900
0.906350
0.908400
0.908900
0.915925
0.927475
0.928575
0.953175
0.953950
0.969325
0.974750
0.996800
1.004725
1.007600
1.029625
1.029725
1.034275
1.035500
1.053125
1.060525
1.063975
1.065925
1.077800
1.079775
1.080475
1.083550
1.089575
1.105025
1.111775
1.131575
1.142800
1.152550
1.161475
1.162800
1.189275
1.205400
1.256550
1.265675
1.269950
1.274825
1.284975
1.293400
1.298825
1.312400
1.317175
1.328350
1.348650
1.372525
1.379500
1.398050
1.409775
1.490725
1.659400
1.725775
1.743825
1.754825
1.830425
1.886275
1.918625
2.000675
2.059425
2.106450
2.136050
276
