0.004625
0.008000
0.014525
0.021650
0.029525
0.034225
0.041150
0.054775
0.060775
0.061225
0.067700
0.082300
0.083275
0.086025
0.099250
0.105875
0.112800
0.112900
0.112975
0.118775
0.118875
0.119950
0.132300
0.133500
0.139175
0.140650
0.145450
0.145875
0.152600
0.153400
0.161925
0.164900
0.168500
0.168825
0.172075
0.182050
0.184075
0.185050
0.186225
0.193700
0.200600
0.205100
0.210900
0.212850
0.212975
0.219450
0.226000
0.227450
0.243475
0.244125
0.244825
0.245150
0.245375
0.250150
0.254975
0.282025
0.286850
0.290725
0.293175
0.302575
0.307525
0.307725
0.314800
0.315125
0.322950
0.351175
0.359525
0.364750
0.369575
0.376325
0.376325
0.391375
0.399200
0.399325
0.415450
0.421050
0.426825
0.428950
0.429775
0.438000
0.446525
0.460525
0.469675
0.470400
0.483075
0.484925
0.487050
0.489575
0.496950
0.498150
0.500575
0.500750
0.504500
0.514650
0.524825
0.529125
0.531125
0.534025
0.537625
0.539825
0.545575
0.553000
0.569625
0.570350
0.570375
0.572425
0.574900
0.586050
0.590900
0.591000
0.593575
0.594075
0.599975
0.623350
0.624150
0.626150
0.635000
0.635700
0.637075
0.643400
0.653725
0.657000
0.658750
0.659325
0.665325
0.668750
0.671425
0.674975
0.678300
0.678775
0.680325
0.680475
0.684425
0.687575
0.692750
0.698450
0.708850
0.709650
0.711450
0.712825
0.715625
0.737025
0.743700
0.761450
0.766575
0.769725
0.771925
0.773825
0.783875
0.789800
0.795525
0.802000
0.811525
0.813075
0.815325
0.830575
0.845150
0.850425
0.854425
0.861925
0.869175
0.874625
0.878450
0.884400
0.888700
0.896925
0.901300
0.903725
0.910100
0.925825
0.937525
0.940175
0.942525
0.943900
0.961325
0.973400
0.974375
0.988300
0.999225
1.010175
1.012400
1.012400
1.021850
1.026300
1.029050
1.030000
1.058525
1.071575
1.076350
1.078975
1.095725
1.096375
1.096375
1.107850
1.117150
1.120500
1.122600
1.123000
1.125200
1.158075
1.177775
1.186475
1.195950
1.206750
1.209725
1.211500
1.223650
1.229550
1.246450
1.262375
1.267800
1.284950
1.292675
1.314200
1.323375
1.324925
1.350750
1.371775
1.402350
1.415375
1.467800
1.485900
1.534900
1.558450
1.601725
1.629875
1.659075
1.924400
1.929250
1.948325
1.966075
2.021275
2.024300
2.170075
234
