0.004225
0.006025
0.007425
0.012350
0.016025
0.018725
0.019350
0.020950
0.021325
0.023350
0.023525
0.031100
0.032050
0.036125
0.036700
0.037875
0.051125
0.055775
0.059150
0.066600
0.068775
0.075275
0.076400
0.078375
0.097850
0.109125
0.110950
0.112100
0.112400
0.133325
0.133825
0.134075
0.136850
0.140950
0.155400
0.158200
0.160925
0.162575
0.166600
0.167075
0.171575
0.174150
0.175425
0.177775
0.180300
0.181200
0.185750
0.187275
0.192200
0.197150
0.198875
0.200650
0.205275
0.208300
0.208750
0.215250
0.224800
0.237625
0.243225
0.251575
0.259525
0.260150
0.266125
0.271325
0.277975
0.278375
0.287125
0.290950
0.293900
0.304400
0.314950
0.323325
0.324750
0.326650
0.330350
0.330725
0.331775
0.334825
0.335300
0.339075
0.339925
0.341400
0.344425
0.346650
0.350850
0.355425
0.378450
0.379050
0.383250
0.388225
0.406675
0.411250
0.411275
0.420600
0.424300
0.430175
0.440300
0.451025
0.452000
0.454575
0.455700
0.459275
0.461850
0.464875
0.469650
0.470000
0.471925
0.473625
0.474925
0.484625
0.490425
0.500125
0.507650
0.508725
0.509250
0.519925
0.524125
0.528450
0.535175
0.541675
0.543425
0.553100
0.561750
0.561850
0.569175
0.573725
0.574150
0.592550
0.595800
0.596225
0.597175
0.597300
0.598200
0.600225
0.600400
0.603350
0.603375
0.607425
0.608950
0.616350
0.616525
0.621975
0.623175
0.629025
0.632125
0.638975
0.639225
0.644425
0.652625
0.653375
0.655825
0.657300
0.658150
0.661075
0.667850
0.674275
0.674625
0.677275
0.690750
0.697575
0.701625
0.710375
0.712450
0.712900
0.713800
0.715750
0.719000
0.724075
0.732550
0.732625
0.739450
0.740700
0.742325
0.744025
0.747725
0.749875
0.750225
0.756125
0.756275
0.776150
0.776275
0.783075
0.790000
0.790300
0.790550
0.804475
0.806875
0.814125
0.815800
0.819775
0.825225
0.829825
0.833125
0.840975
0.849875
0.862550
0.867100
0.872450
0.876050
0.882700
0.886850
0.895625
0.913100
0.922425
0.948450
0.951275
0.957275
0.960800
0.961350
0.962125
0.965025
0.978375
0.983550
0.995325
1.008625
1.012325
1.022875
1.025175
1.032800
1.035125
1.041975
1.055350
1.068750
1.072500
1.092250
1.114725
1.142475
1.145375
1.147775
1.166775
1.171400
1.174100
1.174750
1.266200
1.275625
1.305125
1.323000
1.328500
1.331075
1.334000
1.347525
1.571025
1.576800
1.593750
1.620350
1.621550
1.640750
1.641875
1.685675
1.703575
1.747450
1.822250
2.064800
2.146975
2.198375
2.227250
2.243250
257
