0.000750
0.003250
0.004825
0.007625
0.011275
0.012150
0.013450
0.017850
0.021125
0.026225
0.030700
0.038675
0.047975
0.048600
0.050675
0.066125
0.070500
0.071975
0.078225
0.084600
0.098975
0.103775
0.105575
0.107725
0.108150
0.109100
0.111225
0.115250
0.118225
0.120975
0.127100
0.131500
0.148100
0.149325
0.155125
0.156925
0.174175
0.174800
0.178400
0.179350
0.181250
0.183825
0.184875
0.185825
0.186075
0.189950
0.194950
0.196000
0.196625
0.202375
0.203350
0.205175
0.207675
0.225200
0.229975
0.230350
0.231575
0.236950
0.253825
0.255825
0.257300
0.269200
0.269500
0.279400
0.285275
0.286975
0.288000
0.293000
0.293250
0.293900
0.297350
0.297875
0.308775
0.312650
0.315775
0.323125
0.346150
0.346325
0.347100
0.347375
0.350300
0.353800
0.354425
0.358150
0.358625
0.373750
0.379125
0.395300
0.398575
0.398825
0.399975
0.411300
0.411525
0.411825
0.412725
0.416625
0.418825
0.423025
0.424950
0.429400
0.441800
0.444400
0.447600
0.450050
0.451050
0.451125
0.451350
0.453075
0.453525
0.456250
0.457200
0.457725
0.461825
0.463850
0.467300
0.470650
0.479875
0.489825
0.490075
0.491450
0.501500
0.506825
0.507075
0.512200
0.512850
0.517000
0.519075
0.520525
0.528475
0.529200
0.531400
0.532675
0.535000
0.538975
0.541200
0.548525
0.551650
0.553975
0.559675
0.561000
0.572925
0.574100
0.580725
0.582600
0.596775
0.606975
0.610775
0.620550
0.620925
0.624425
0.632150
0.632275
0.639000
0.642625
0.642775
0.645025
0.648550
0.650975
0.654100
0.654575
0.654975
0.659525
0.665100
0.665475
0.670750
0.671425
0.687600
0.688325
0.688800
0.692800
0.705525
0.707725
0.720650
0.728000
0.728600
0.729775
0.738925
0.740400
0.742575
0.745025
0.749775
0.755750
0.760325
0.760775
0.761025
0.766500
0.769275
0.770575
0.777575
0.787500
0.791225
0.792075
0.792800
0.801475
0.804475
0.810350
0.811025
0.819925
0.824000
0.835200
0.837375
0.838425
0.838750
0.839700
0.844450
0.853675
0.860075
0.861775
0.862925
0.865400
0.866125
0.867975
0.869225
0.871125
0.877675
0.886000
0.895700
0.902925
0.912375
0.912975
0.921775
0.925100
0.939300
0.950775
0.953675
0.957650
0.982075
0.990475
0.993275
0.996950
0.997150
1.006950
1.008825
1.009675
1.009825
1.013525
1.014650
1.034625
1.037300
1.039550
1.040125
1.043500
1.082550
1.083825
1.113050
1.115250
1.117825
1.118175
1.125350
1.130275
1.145650
1.147150
1.164800
1.168925
1.172025
1.184350
1.196475
1.202400
1.207575
1.209525
1.258375
1.260225
1.280275
1.280625
1.295725
1.315025
1.325975
1.326000
1.333075
1.365375
1.369475
1.383550
1.394350
1.415400
1.461950
1.491575
1.512475
1.519050
1.527850
1.617900
1.656750
1.657225
1.680900
1.723250
1.748900
1.953025
2.072100
2.265350
2.294425
289
