0.017975
0.019525
0.020500
0.021050
0.024725
0.025550
0.027700
0.030650
0.037075
0.037500
0.037875
0.038150
0.038325
0.049125
0.051250
0.051975
0.067425
0.068525
0.068900
0.074500
0.081800
0.081900
0.083550
0.083750
0.085700
0.086675
0.090000
0.092575
0.100175
0.103700
0.110950
0.112925
0.114550
0.118025
0.130225
0.136600
0.149400
0.156325
0.158650
0.163975
0.169025
0.179375
0.182850
0.183725
0.189000
0.195550
0.199175
0.200825
0.209175
0.209425
0.218475
0.219125
0.221225
0.222225
0.225225
0.226625
0.240125
0.243975
0.261150
0.265275
0.274725
0.278450
0.287650
0.290275
0.290325
0.296925
0.304050
0.307900
0.314600
0.314925
0.318600
0.327775
0.329300
0.331250
0.332075
0.338150
0.343775
0.347350
0.354700
0.355900
0.361450
0.363075
0.364275
0.364375
0.365000
0.365300
0.380300
0.381950
0.386275
0.393250
0.393900
0.398425
0.399450
0.404075
0.409725
0.414475
0.422975
0.424600
0.432825
0.435450
0.443400
0.445125
0.450650
0.460600
0.461550
0.474150
0.491900
0.499625
0.503975
0.505775
0.512975
0.518350
0.519525
0.525450
0.526150
0.529300
0.532875
0.533950
0.534825
0.540950
0.554075
0.563175
0.564050
0.572075
0.578750
0.578850
0.579275
0.580900
0.581700
0.583575
0.588825
0.593600
0.597900
0.598000
0.601625
0.601825
0.602350
0.603450
0.604500
0.608475
0.624250
0.624850
0.641025
0.644175
0.646400
0.659275
0.676950
0.685375
0.688400
0.698950
0.699325
0.716900
0.721875
0.725275
0.741475
0.749900
0.755075
0.763500
0.764575
0.774275
0.775825
0.784125
0.784575
0.784950
0.802200
0.811675
0.812650
0.816400
0.831800
0.836125
0.836725
0.840900
0.845575
0.854200
0.854450
0.866175
0.892050
0.898000
0.901800
0.921500
0.932650
0.941825
0.943325
0.954050
0.954875
0.961350
0.968250
0.971325
0.980575
0.986375
1.002300
1.009200
1.012250
1.019725
1.021925
1.029500
1.039250
1.044750
1.052250
1.052375
1.065875
1.094700
1.101200
1.104250
1.129475
1.129650
1.137700
1.140375
1.144100
1.145325
1.147125
1.159225
1.167375
1.186600
1.196550
1.263050
1.287475
1.297900
1.303125
1.310200
1.329525
1.358050
1.377350
1.389125
1.396675
1.489200
1.513925
1.537500
1.559325
1.580875
1.699100
1.753475
1.773625
1.778550
1.921400
1.921525
2.130150
2.210550
2.327025
2.458575
2.461650
241
