0.001375
0.011800
0.024375
0.035975
0.037000
0.044175
0.050225
0.059400
0.063300
0.068575
0.068950
0.070450
0.070650
0.074250
0.080825
0.081825
0.085175
0.091500
0.096900
0.097950
0.102600
0.106400
0.106675
0.112125
0.112250
0.112775
0.112775
0.113350
0.117875
0.120525
0.126450
0.129900
0.130900
0.130950
0.131575
0.132575
0.155050
0.159350
0.167675
0.167925
0.182875
0.197225
0.197325
0.197650
0.197750
0.199725
0.201400
0.207450
0.237300
0.239425
0.240200
0.244550
0.246425
0.249875
0.250300
0.255050
0.257050
0.258375
0.260775
0.271900
0.279725
0.280175
0.298475
0.298725
0.303475
0.304300
0.304725
0.310850
0.321950
0.327700
0.329975
0.333875
0.335875
0.337775
0.340100
0.340400
0.343300
0.345200
0.347775
0.348500
0.348550
0.351225
0.353850
0.355950
0.359875
0.363650
0.378525
0.378900
0.379875
0.387175
0.403850
0.403900
0.404425
0.411300
0.415575
0.428950
0.434525
0.440175
0.443225
0.451300
0.455675
0.458425
0.469100
0.472600
0.495150
0.499875
0.500475
0.505325
0.508025
0.531900
0.533375
0.534800
0.536600
0.544650
0.546875
0.556975
0.565525
0.569650
0.570800
0.575625
0.581275
0.582400
0.585425
0.585575
0.586025
0.588225
0.591075
0.593850
0.594300
0.594325
0.594525
0.599450
0.600550
0.602775
0.607450
0.610025
0.611075
0.618250
0.620325
0.621000
0.625425
0.626275
0.634925
0.635650
0.637225
0.643600
0.649775
0.664675
0.668450
0.669400
0.680425
0.682850
0.689375
0.689500
0.690275
0.693575
0.697350
0.701900
0.703925
0.704725
0.706000
0.712700
0.724000
0.725925
0.732950
0.735075
0.736575
0.736775
0.737975
0.740850
0.759750
0.760600
0.765475
0.766700
0.768925
0.780000
0.791325
0.791425
0.796175
0.799625
0.807650
0.809075
0.813125
0.816225
0.820375
0.823575
0.826600
0.831900
0.832650
0.847250
0.849675
0.859875
0.860550
0.860800
0.862400
0.863375
0.863925
0.866075
0.879650
0.883250
0.885200
0.896000
0.898750
0.901075
0.903275
0.905200
0.907900
0.909375
0.915175
0.921050
0.933750
0.946350
0.947125
0.952500
0.958300
0.960400
0.962275
0.978300
1.002675
1.004575
1.004775
1.009200
1.015000
1.016100
1.032875
1.043950
1.064750
1.066100
1.111200
1.127675
1.135775
1.155400
1.166475
1.172775
1.186600
1.196325
1.250500
1.254775
1.260100
1.262650
1.307425
1.341275
1.369425
1.385650
1.386275
1.417975
1.418800
1.508350
1.517675
1.535425
1.583750
1.671725
1.732775
1.747925
1.817175
1.858950
1.943300
1.974350
2.057000
2.269500
2.323100
261
