0.005125
0.006375
0.014800
0.015775
0.021825
0.023975
0.024575
0.024675
0.027375
0.027375
0.039025
0.041925
0.051725
0.053800
0.055700
0.063875
0.065525
0.067175
0.068900
0.068925
0.071275
0.088800
0.093025
0.095100
0.101850
0.102750
0.108100
0.110150
0.121125
0.123375
0.128200
0.138575
0.143075
0.144675
0.148525
0.150975
0.153050
0.156075
0.157350
0.160025
0.163700
0.168000
0.172225
0.173900
0.183200
0.195300
0.197175
0.201600
0.207800
0.210500
0.213825
0.224550
0.230375
0.233850
0.237975
0.240075
0.247600
0.252350
0.259750
0.261500
0.263200
0.263425
0.263750
0.265800
0.267600
0.267775
0.269775
0.278050
0.281350
0.282350
0.284275
0.288875
0.292175
0.297275
0.297575
0.299875
0.302575
0.307025
0.309600
0.316300
0.318100
0.319500
0.321225
0.323450
0.324600
0.329150
0.336525
0.339975
0.343575
0.354375
0.358925
0.372875
0.380175
0.383900
0.385950
0.393100
0.396950
0.397525
0.406625
0.410325
0.411375
0.412700
0.418225
0.418600
0.426225
0.437600
0.440200
0.440775
0.441525
0.443525
0.446975
0.450450
0.455700
0.457800
0.465900
0.466225
0.466775
0.480075
0.481550
0.487075
0.499625
0.500800
0.502025
0.505900
0.508300
0.518650
0.522500
0.523250
0.532900
0.538550
0.539600
0.542000
0.548975
0.552700
0.562850
0.565800
0.576375
0.577775
0.579250
0.589100
0.607675
0.613900
0.614800
0.617875
0.621175
0.628475
0.629350
0.640500
0.647950
0.650900
0.652850
0.655325
0.656225
0.657750
0.658775
0.661900
0.665700
0.666850
0.667750
0.674425
0.679250
0.680500
0.681175
0.688575
0.691025
0.692125
0.698150
0.699625
0.703925
0.716050
0.717300
0.721275
0.726275
0.734125
0.734625
0.737375
0.748125
0.751325
0.761775
0.765025
0.770550
0.771925
0.773500
0.773900
0.787300
0.787625
0.790050
0.796700
0.801425
0.803375
0.808650
0.811775
0.831100
0.837750
0.838100
0.844050
0.844500
0.849750
0.850125
0.854700
0.855225
0.865650
0.867800
0.875200
0.890925
0.902375
0.916400
0.925825
0.927600
0.938975
0.953725
0.972175
0.972775
0.980625
1.002675
1.002925
1.008125
1.012150
1.022550
1.022550
1.032425
1.036500
1.039075
1.045350
1.052350
1.066400
1.081350
1.100800
1.106550
1.106900
1.107025
1.109025
1.115225
1.118950
1.137050
1.146900
1.157050
1.194925
1.197400
1.213525
1.216775
1.252225
1.270075
1.270175
1.274650
1.279425
1.291550
1.305300
1.310275
1.316150
1.316300
1.327900
1.349450
1.384325
1.393125
1.449375
1.474000
1.513625
1.515400
1.516475
1.528500
1.553475
1.726000
1.797025
1.818825
1.854150
2.004775
2.205350
2.295800
2.319275
2.363025
271
