0.013125
0.015350
0.017250
0.017575
0.026700
0.026825
0.029100
0.034825
0.038650
0.043550
0.049575
0.052675
0.057475
0.068325
0.071050
0.074300
0.076875
0.080550
0.087650
0.090025
0.091925
0.099275
0.103925
0.105475
0.109825
0.113975
0.117600
0.117875
0.127025
0.138200
0.138475
0.139175
0.140400
0.142575
0.161125
0.163250
0.163825
0.167425
0.168025
0.169900
0.169975
0.177500
0.178000
0.181950
0.183150
0.185625
0.185800
0.192825
0.195625
0.205225
0.211275
0.211575
0.212950
0.216275
0.218375
0.226125
0.226750
0.226925
0.231600
0.233800
0.233950
0.234225
0.247800
0.251950
0.253625
0.254250
0.260500
0.260800
0.269525
0.270600
0.276525
0.281400
0.284675
0.289650
0.292775
0.301600
0.313500
0.313975
0.318075
0.330375
0.339300
0.344525
0.349000
0.351450
0.357125
0.361575
0.362350
0.363375
0.368125
0.381175
0.394525
0.403675
0.406400
0.406950
0.409325
0.410175
0.411575
0.429050
0.432750
0.436850
0.439575
0.445000
0.447600
0.449650
0.457150
0.459650
0.462200
0.467075
0.475825
0.478725
0.479200
0.486400
0.488450
0.490425
0.498000
0.500850
0.501675
0.513500
0.516100
0.522025
0.533700
0.535800
0.540250
0.542075
0.542325
0.546675
0.555300
0.560650
0.561475
0.573025
0.577325
0.577400
0.588350
0.598825
0.602825
0.611400
0.611825
0.615675
0.621975
0.634800
0.636525
0.641450
0.645950
0.646925
0.651175
0.651650
0.654850
0.661550
0.661650
0.662925
0.675650
0.688250
0.689975
0.691575
0.691700
0.693800
0.693950
0.699500
0.700375
0.707875
0.711000
0.713325
0.721925
0.731500
0.732950
0.741900
0.758825
0.761325
0.761950
0.762650
0.764950
0.766175
0.785150
0.789200
0.797200
0.798475
0.808100
0.810250
0.831350
0.839525
0.846950
0.855725
0.858450
0.869250
0.871275
0.880550
0.880975
0.882475
0.894950
0.897425
0.904050
0.916425
0.917025
0.922250
0.933425
0.937000
0.940000
0.945025
0.951875
0.958975
0.965250
0.983150
0.997075
0.999800
1.010425
1.027550
1.032975
1.043900
1.045700
1.075025
1.088700
1.102700
1.106100
1.110600
1.114825
1.127400
1.134875
1.150450
1.150600
1.155350
1.160000
1.170725
1.177850
1.189800
1.210450
1.259150
1.294025
1.312725
1.344725
1.383050
1.404225
1.422500
1.427325
1.491800
1.604950
1.673850
1.678125
1.695425
1.707000
1.743950
1.827725
1.902350
1.989925
2.057800
2.066250
2.068600
2.322525
2.364250
248
