0.008325
0.015600
0.017825
0.018125
0.023000
0.025950
0.040625
0.045200
0.047175
0.048000
0.050100
0.061450
0.063075
0.066150
0.071700
0.073100
0.088200
0.092000
0.093275
0.098900
0.100125
0.106275
0.116900
0.127150
0.135450
0.139175
0.141600
0.142550
0.149575
0.149625
0.156775
0.167125
0.172375
0.174825
0.184225
0.190550
0.198900
0.203450
0.214025
0.214250
0.218925
0.222100
0.252875
0.268125
0.271600
0.271675
0.274125
0.280050
0.286550
0.287900
0.298050
0.298475
0.299450
0.303600
0.304400
0.305050
0.309250
0.312025
0.319125
0.322225
0.329875
0.338825
0.347250
0.350125
0.351225
0.353775
0.353850
0.357225
0.365100
0.366400
0.378875
0.381600
0.395450
0.401200
0.415250
0.416425
0.424425
0.426250
0.428275
0.429425
0.433625
0.440275
0.441825
0.442175
0.446025
0.450125
0.451950
0.454275
0.454825
0.455075
0.459325
0.460275
0.464650
0.465025
0.465275
0.465750
0.466750
0.474100
0.477250
0.478050
0.483000
0.483300
0.485775
0.487925
0.491075
0.494600
0.495175
0.495775
0.497350
0.498850
0.500450
0.503050
0.504400
0.504550
0.511125
0.511650
0.519150
0.519625
0.521625
0.522800
0.525550
0.525925
0.541200
0.541600
0.547300
0.555050
0.557175
0.557950
0.563000
0.563200
0.563400
0.565825
0.566825
0.573900
0.591875
0.600725
0.601950
0.605600
0.607950
0.608925
0.609050
0.610850
0.612025
0.618600
0.619450
0.622650
0.635175
0.637650
0.639125
0.642150
0.649725
0.650800
0.659950
0.669025
0.675950
0.682650
0.705050
0.706050
0.706675
0.713800
0.727225
0.730150
0.732400
0.734050
0.741100
0.745975
0.751075
0.771100
0.775375
0.776775
0.779800
0.780125
0.786675
0.787425
0.789025
0.800200
0.801450
0.808450
0.809900
0.816100
0.821050
0.830125
0.831625
0.834175
0.843600
0.849375
0.857225
0.866075
0.867825
0.867900
0.873275
0.873650
0.876475
0.878100
0.893375
0.908975
0.919250
0.931075
0.933875
0.938275
0.943575
0.952075
0.965200
0.973975
0.976325
0.983050
0.996975
0.997025
1.025150
1.040325
1.043150
1.062700
1.092275
1.127475
1.129950
1.137875
1.144225
1.152825
1.154000
1.154125
1.157175
1.164875
1.166900
1.167400
1.175950
1.177050
1.205050
1.234625
1.245725
1.254175
1.261325
1.267975
1.278325
1.288525
1.300325
1.316500
1.337150
1.357225
1.405375
1.429575
1.509075
1.539750
1.585350
1.603875
1.624750
1.673475
1.675875
1.711650
1.833575
1.873325
1.976125
2.147750
2.360475
2.367025
254
