0.007475
0.034700
0.047625
0.051600
0.060525
0.073425
0.076950
0.084400
0.084550
0.085375
0.087725
0.094350
0.096800
0.103525
0.103700
0.106775
0.108475
0.118600
0.131525
0.136825
0.137600
0.150300
0.155275
0.161250
0.173725
0.183925
0.187125
0.188250
0.189150
0.192875
0.196650
0.197625
0.199225
0.202650
0.214350
0.215475
0.216050
0.216175
0.217850
0.230200
0.231625
0.232000
0.236175
0.245075
0.248725
0.250700
0.255100
0.269125
0.274575
0.279025
0.282325
0.285050
0.286650
0.296475
0.301000
0.302725
0.305525
0.308875
0.310100
0.312800
0.318600
0.320875
0.322750
0.323575
0.325750
0.331475
0.331675
0.333150
0.335075
0.335350
0.338725
0.340400
0.349325
0.351425
0.353700
0.356025
0.375000
0.388625
0.391725
0.393175
0.399625
0.408325
0.411900
0.417375
0.421175
0.424900
0.427825
0.444725
0.450300
0.466025
0.474125
0.476050
0.480825
0.482925
0.486700
0.487100
0.488025
0.489325
0.490275
0.490875
0.493800
0.494750
0.499325
0.499400
0.503725
0.511025
0.511600
0.515325
0.521425
0.522925
0.527150
0.528025
0.528350
0.530075
0.533400
0.543375
0.545675
0.547200
0.547775
0.549250
0.551375
0.557750
0.559050
0.559550
0.563575
0.565850
0.566950
0.568600
0.568850
0.570150
0.571200
0.572875
0.577900
0.579925
0.590225
0.601650
0.602550
0.604225
0.619650
0.630800
0.634250
0.645875
0.650975
0.669425
0.671650
0.674700
0.682100
0.685550
0.687750
0.687825
0.692950
0.702425
0.705975
0.706900
0.710725
0.713350
0.717400
0.732375
0.735925
0.741675
0.742000
0.749950
0.762200
0.764150
0.766800
0.767275
0.772625
0.775600
0.779675
0.790750
0.793000
0.797150
0.817600
0.817950
0.828800
0.851350
0.855000
0.858450
0.874000
0.878475
0.882600
0.886950
0.887700
0.914525
0.916625
0.920250
0.933175
0.951375
0.956400
0.957050
0.974175
0.987275
0.990725
0.992825
1.005925
1.012825
1.018125
1.018825
1.023375
1.033975
1.035950
1.036250
1.044475
1.050800
1.065250
1.078150
1.084300
1.094900
1.098100
1.109500
1.137575
1.142500
1.148275
1.151825
1.166050
1.168975
1.201275
1.208475
1.209950
1.217200
1.234150
1.247250
1.262500
1.307400
1.379875
1.394075
1.473675
1.542925
1.575525
1.600150
1.632975
1.643050
1.691275
1.750800
1.755150
1.786700
1.951350
2.055925
2.278850
2.298425
2.424350
241
