0.000050
0.000350
0.000400
0.001600
0.002975
0.004100
0.006275
0.015200
0.016525
0.016950
0.017400
0.020900
0.022075
0.025625
0.031200
0.035350
0.038925
0.039975
0.040575
0.045075
0.051050
0.056475
0.059200
0.062850
0.068525
0.068550
0.069600
0.070125
0.072100
0.077400
0.087000
0.089575
0.094675
0.098275
0.101775
0.106825
0.107150
0.118325
0.119750
0.124375
0.125025
0.126900
0.127250
0.128100
0.129350
0.136700
0.142575
0.144875
0.145175
0.146450
0.150500
0.153525
0.156125
0.158775
0.159800
0.163375
0.167325
0.171475
0.174450
0.178750
0.195250
0.205725
0.208675
0.210150
0.210525
0.211625
0.214575
0.230925
0.232125
0.234550
0.240100
0.240225
0.250225
0.253025
0.253500
0.256700
0.265250
0.274025
0.275825
0.290025
0.298550
0.304175
0.309675
0.321925
0.322325
0.323750
0.324950
0.328100
0.330575
0.334050
0.342325
0.344025
0.352275
0.356675
0.363025
0.363500
0.364775
0.373100
0.378900
0.380700
0.384600
0.389550
0.390325
0.392425
0.396275
0.403650
0.406100
0.409625
0.415150
0.416175
0.424000
0.424075
0.431825
0.432400
0.432925
0.433150
0.434950
0.437675
0.440575
0.441550
0.442800
0.443625
0.444375
0.446350
0.448825
0.448975
0.450900
0.460900
0.462000
0.462125
0.462375
0.468975
0.473500
0.477400
0.486150
0.486475
0.495300
0.495900
0.499975
0.510100
0.515225
0.521000
0.533025
0.533175
0.540750
0.542750
0.544000
0.546425
0.551025
0.551350
0.554025
0.555800
0.566750
0.567825
0.572150
0.574200
0.583725
0.590025
0.590750
0.597000
0.597175
0.597500
0.604600
0.611675
0.612175
0.612475
0.625325
0.633200
0.634150
0.634575
0.646050
0.648475
0.657075
0.662975
0.681850
0.683500
0.685500
0.703975
0.705000
0.711050
0.716475
0.718575
0.719550
0.728425
0.731500
0.742800
0.745575
0.747800
0.748050
0.750125
0.757900
0.761600
0.762500
0.762650
0.769325
0.770350
0.772125
0.776450
0.777400
0.779475
0.780400
0.784350
0.805475
0.811200
0.811625
0.825600
0.826900
0.827500
0.831000
0.834975
0.841075
0.852575
0.862275
0.876275
0.883550
0.886775
0.899500
0.906950
0.908775
0.912550
0.913950
0.921000
0.930125
0.957125
0.962325
0.975625
0.991550
1.008900
1.010650
1.012025
1.014550
1.022725
1.023475
1.028325
1.032500
1.036650
1.076675
1.084500
1.099725
1.111850
1.114600
1.156700
1.164325
1.170475
1.200175
1.245450
1.261475
1.287150
1.292700
1.320025
1.320325
1.332650
1.359475
1.379650
1.429225
1.444550
1.460425
1.463650
1.468500
1.519975
1.551400
1.618100
1.698350
1.698650
1.703125
1.709975
1.727350
1.741450
1.752500
1.778425
1.896600
1.938750
1.961625
2.030575
2.379775
275
