0.002525
0.009825
0.013150
0.018150
0.027575
0.041250
0.045025
0.050025
0.052875
0.054550
0.060000
0.060800
0.062550
0.068050
0.069475
0.073550
0.079450
0.083075
0.085000
0.089575
0.091425
0.091525
0.092675
0.098200
0.106725
0.115150
0.126625
0.143500
0.156600
0.160100
0.162475
0.170625
0.173250
0.181025
0.183500
0.191775
0.198425
0.199925
0.212975
0.230525
0.230800
0.231975
0.232600
0.232925
0.237475
0.245675
0.248075
0.250975
0.252775
0.258750
0.269575
0.271950
0.273350
0.275125
0.275350
0.276150
0.276425
0.276800
0.281700
0.293825
0.294225
0.306325
0.310550
0.313550
0.317200
0.319600
0.319600
0.331025
0.333250
0.342550
0.345750
0.346175
0.347675
0.350925
0.352975
0.359875
0.361800
0.367200
0.370000
0.377700
0.379375
0.390075
0.391825
0.396975
0.400475
0.409750
0.414050
0.419800
0.426350
0.429575
0.435725
0.436700
0.438300
0.438650
0.445925
0.447500
0.448825
0.449775
0.453000
0.457800
0.462750
0.469250
0.479750
0.483600
0.499925
0.502325
0.502875
0.508900
0.513800
0.520375
0.520775
0.524150
0.533375
0.535325
0.543150
0.545300
0.554650
0.564775
0.569600
0.579825
0.582650
0.588225
0.591525
0.601525
0.605200
0.610825
0.623150
0.625750
0.629000
0.655075
0.655650
0.659500
0.663175
0.663375
0.672375
0.674725
0.678750
0.692475
0.696400
0.698925
0.699300
0.701000
0.708925
0.713650
0.719025
0.733700
0.735075
0.737800
0.739600
0.739700
0.741900
0.743925
0.756775
0.759525
0.759675
0.766000
0.767175
0.773075
0.774200
0.777000
0.779025
0.780750
0.790900
0.791100
0.798625
0.801450
0.809475
0.811025
0.817275
0.828950
0.831475
0.837175
0.838725
0.841925
0.847875
0.852650
0.867225
0.870450
0.874875
0.886025
0.916950
0.923550
0.929175
0.946950
0.951575
0.966475
0.974350
0.974925
0.976175
0.990400
0.990875
0.992000
0.995925
1.002125
1.012725
1.021200
1.021225
1.035900
1.041125
1.043000
1.043425
1.053675
1.063700
1.069250
1.073175
1.095050
1.098425
1.138675
1.142175
1.211775
1.218500
1.224850
1.251050
1.260600
1.279525
1.292200
1.305575
1.308300
1.327350
1.345600
1.360975
1.367050
1.369975
1.397350
1.419000
1.440375
1.456600
1.474400
1.481925
1.482925
1.489150
1.548425
1.602650
1.697375
1.777375
1.793900
2.158600
2.276700
2.299425
239
