0.002075
0.003050
0.005750
0.007400
0.021325
0.022800
0.039250
0.044125
0.047225
0.051525
0.057250
0.058000
0.063700
0.073325
0.078750
0.085150
0.086675
0.089975
0.099000
0.102450
0.102575
0.104750
0.107875
0.115975
0.123525
0.126650
0.130200
0.130400
0.137950
0.140025
0.143525
0.161000
0.162900
0.163225
0.166925
0.169850
0.172525
0.173000
0.173450
0.178475
0.184600
0.186975
0.187000
0.188425
0.188675
0.208200
0.210725
0.211375
0.218000
0.218300
0.219800
0.220425
0.221775
0.227575
0.231625
0.232150
0.239475
0.241050
0.243800
0.245150
0.254300
0.258850
0.264125
0.270875
0.281125
0.286450
0.289275
0.289775
0.292775
0.298275
0.305900
0.311425
0.313175
0.316650
0.317600
0.317625
0.322000
0.326250
0.332625
0.335100
0.336700
0.338000
0.346775
0.354125
0.354600
0.355325
0.358875
0.366400
0.379950
0.384000
0.389825
0.389875
0.390350
0.395650
0.398350
0.400450
0.403050
0.403875
0.410775
0.412575
0.424000
0.435525
0.436050
0.436575
0.439000
0.440400
0.444250
0.447625
0.447825
0.450275
0.458050
0.475250
0.480600
0.486125
0.486375
0.488175
0.497325
0.501450
0.506625
0.525750
0.528200
0.529150
0.533325
0.534925
0.539100
0.540975
0.543975
0.549400
0.550275
0.554900
0.566675
0.567000
0.570150
0.570300
0.595200
0.600425
0.608075
0.613200
0.617150
0.622400
0.623600
0.623925
0.626175
0.630350
0.630775
0.632150
0.632925
0.633150
0.652175
0.655400
0.657750
0.660875
0.668550
0.675000
0.676975
0.681600
0.687850
0.696100
0.697750
0.698725
0.704750
0.709450
0.710550
0.718125
0.727050
0.733800
0.739575
0.753775
0.757075
0.758375
0.760150
0.760175
0.763700
0.764375
0.775725
0.778475
0.781675
0.785175
0.787375
0.790500
0.796250
0.805025
0.805450
0.812100
0.813275
0.826200
0.838200
0.846750
0.860550
0.863100
0.882300
0.882575
0.883750
0.884000
0.884100
0.903050
0.922000
0.922650
0.956025
0.999400
1.003975
1.005800
1.041200
1.044475
1.056875
1.059025
1.069200
1.072700
1.087325
1.112200
1.123450
1.125275
1.184350
1.191525
1.229275
1.246675
1.249250
1.257800
1.303925
1.310425
1.326175
1.343275
1.345575
1.350500
1.353275
1.380725
1.386875
1.392400
1.398650
1.427050
1.469025
1.469150
1.489950
1.504725
1.602700
1.631825
1.748400
1.779000
1.836475
1.850550
1.938500
2.014550
2.036075
2.153075
2.221325
245
