0.005350
0.010125
0.018025
0.024525
0.025875
0.030200
0.036900
0.039500
0.043900
0.054350
0.056950
0.063150
0.064775
0.070625
0.071100
0.071825
0.073125
0.073525
0.080575
0.093000
0.093125
0.096150
0.104675
0.106275
0.127925
0.132050
0.132250
0.136275
0.136375
0.138950
0.151200
0.158925
0.173600
0.176400
0.178525
0.181475
0.184150
0.187625
0.194075
0.202500
0.206650
0.208075
0.211500
0.215600
0.217325
0.222400
0.239650
0.253750
0.263950
0.266750
0.267750
0.270425
0.270525
0.282050
0.285925
0.287750
0.293950
0.294100
0.296100
0.296175
0.297600
0.311175
0.316950
0.321575
0.322475
0.326600
0.331075
0.332875
0.334275
0.334625
0.336025
0.349125
0.354200
0.359200
0.362250
0.365525
0.368825
0.370175
0.381275
0.391675
0.393175
0.396700
0.397075
0.398050
0.402025
0.411500
0.413300
0.420575
0.425450
0.431375
0.435825
0.437425
0.440525
0.440850
0.445100
0.452800
0.457100
0.464400
0.476975
0.482875
0.486375
0.491075
0.492775
0.497125
0.509350
0.510425
0.523850
0.524400
0.524625
0.525800
0.526550
0.527450
0.531275
0.532525
0.534425
0.535850
0.540425
0.552875
0.558525
0.588100
0.595700
0.596050
0.599650
0.604325
0.607850
0.609050
0.613450
0.625550
0.630250
0.633350
0.648175
0.648300
0.652350
0.653900
0.655900
0.660425
0.667375
0.667650
0.669700
0.671225
0.675600
0.678625
0.681725
0.682900
0.683000
0.684425
0.688750
0.696850
0.697500
0.699375
0.717375
0.718125
0.720975
0.723025
0.723375
0.733550
0.736625
0.749800
0.753225
0.757625
0.771250
0.774800
0.780425
0.782300
0.784400
0.784625
0.786600
0.791225
0.814925
0.815200
0.825550
0.832450
0.834125
0.835975
0.840650
0.849775
0.854300
0.857750
0.861450
0.877475
0.879975
0.896350
0.904450
0.906175
0.907000
0.907000
0.922325
0.926425
0.930700
0.933250
0.935750
0.937025
0.941975
0.943425
0.943825
0.949475
0.952775
0.989550
0.992000
1.002300
1.008075
1.063550
1.068625
1.071875
1.079975
1.103425
1.113550
1.117575
1.117650
1.130975
1.141125
1.150075
1.161875
1.191875
1.192900
1.220300
1.226400
1.236850
1.248175
1.273200
1.288400
1.293225
1.311875
1.346825
1.446425
1.553750
1.554325
1.570150
1.578500
1.584775
1.594975
1.625775
1.799875
1.889300
1.923475
1.944000
2.136025
2.292350
238
