0.001800
0.010450
0.011100
0.013150
0.023950
0.025550
0.029425
0.043200
0.043550
0.057250
0.060325
0.066775
0.069150
0.073250
0.076175
0.078525
0.082325
0.083800
0.088775
0.094150
0.101900
0.103825
0.105925
0.111600
0.111925
0.115800
0.118625
0.125700
0.127825
0.135725
0.158050
0.170975
0.171950
0.175675
0.177825
0.189100
0.190850
0.200625
0.204650
0.223775
0.229950
0.235825
0.240225
0.242275
0.243950
0.247525
0.258450
0.260450
0.281050
0.282625
0.302825
0.304650
0.306225
0.312750
0.315125
0.319350
0.333675
0.337950
0.338100
0.352425
0.356425
0.356925
0.366800
0.371550
0.372050
0.378550
0.378775
0.383900
0.385400
0.394325
0.396825
0.398200
0.405650
0.407300
0.410125
0.410200
0.410950
0.414525
0.425650
0.427250
0.428075
0.434550
0.437675
0.445000
0.447950
0.450100
0.462900
0.474475
0.475700
0.479150
0.482100
0.499400
0.500700
0.506200
0.507925
0.507975
0.514575
0.515500
0.516450
0.517175
0.517775
0.524775
0.540450
0.540950
0.542125
0.542650
0.550325
0.553625
0.562150
0.576725
0.579525
0.582850
0.583050
0.594475
0.595900
0.596700
0.600750
0.602300
0.607950
0.611250
0.614850
0.618100
0.620275
0.620575
0.621200
0.626875
0.634825
0.636875
0.638025
0.640325
0.646225
0.648050
0.661525
0.663500
0.665750
0.671900
0.672250
0.672650
0.675025
0.682975
0.689200
0.692000
0.693775
0.695275
0.702425
0.703375
0.704150
0.707800
0.707850
0.713800
0.716950
0.720175
0.721750
0.724775
0.732400
0.735850
0.737025
0.738625
0.739325
0.741925
0.749400
0.753850
0.754300
0.755775
0.761125
0.763425
0.767525
0.770300
0.781000
0.781025
0.785000
0.788150
0.789625
0.799800
0.809900
0.810150
0.811525
0.819650
0.824000
0.825300
0.825750
0.828275
0.829350
0.838350
0.843675
0.844225
0.845275
0.852150
0.855175
0.860550
0.867625
0.882425
0.890775
0.903875
0.919175
0.920375
0.921125
0.927300
0.929950
0.945050
0.947000
0.951750
0.958650
0.970650
0.983800
0.989600
0.997550
0.998275
1.011650
1.042700
1.049175
1.057525
1.059200
1.060625
1.069975
1.070675
1.073025
1.089625
1.138500
1.143125
1.162650
1.173225
1.187650
1.192875
1.246075
1.246375
1.251700
1.261975
1.264275
1.272000
1.284125
1.303975
1.305275
1.341200
1.404750
1.451275
1.548175
1.551875
1.580800
1.622550
1.631725
1.657900
1.702150
1.793800
1.795275
1.826975
1.850150
1.888500
2.045375
2.212800
2.370650
251
