0.006225
0.007050
0.008050
0.011050
0.015225
0.015525
0.017950
0.026075
0.028525
0.034400
0.044925
0.048225
0.055575
0.059500
0.087225
0.089575
0.090425
0.097150
0.103425
0.103600
0.109825
0.110475
0.110475
0.117950
0.129600
0.143250
0.146350
0.151475
0.161300
0.161600
0.166700
0.174575
0.176325
0.177100
0.188950
0.202000
0.206500
0.231925
0.233425
0.240000
0.240700
0.247725
0.252025
0.254925
0.256325
0.262450
0.272175
0.284075
0.299150
0.300825
0.303325
0.303975
0.306450
0.306600
0.307200
0.311350
0.311850
0.312725
0.314250
0.314600
0.323675
0.333500
0.333925
0.342350
0.348300
0.354750
0.355100
0.355950
0.356125
0.365225
0.365300
0.374500
0.374700
0.378275
0.380625
0.385900
0.386875
0.388350
0.388925
0.390950
0.391375
0.402100
0.404425
0.405650
0.415825
0.416700
0.417300
0.418025
0.423575
0.429325
0.429525
0.431600
0.439375
0.439850
0.446825
0.448125
0.452650
0.455000
0.455225
0.457300
0.462725
0.474125
0.476750
0.481000
0.482525
0.486075
0.489125
0.491750
0.496550
0.504200
0.510150
0.515350
0.515600
0.520850
0.522175
0.533125
0.540000
0.540400
0.546275
0.546775
0.552075
0.566900
0.568450
0.580550
0.582750
0.584325
0.587500
0.602475
0.607025
0.615025
0.615525
0.617500
0.632125
0.638400
0.648275
0.652500
0.662450
0.663800
0.667275
0.670725
0.676500
0.676925
0.683075
0.684150
0.693400
0.699125
0.699150
0.702100
0.714100
0.738100
0.740450
0.741625
0.748850
0.750950
0.756400
0.765500
0.766750
0.768675
0.773150
0.774425
0.778225
0.787600
0.788350
0.790300
0.790850
0.793325
0.797750
0.809200
0.813150
0.820975
0.827925
0.837525
0.842100
0.853625
0.861475
0.863850
0.866050
0.873725
0.876450
0.886250
0.887550
0.889775
0.891175
0.901400
0.903850
0.906175
0.909450
0.928625
0.933950
0.939375
0.941875
0.944825
0.958975
0.964000
0.972175
0.978425
0.982725
0.984000
0.988475
0.999950
1.013900
1.017300
1.022275
1.026100
1.027050
1.032050
1.033625
1.074875
1.082025
1.096075
1.110250
1.111075
1.111450
1.118350
1.120050
1.121600
1.123950
1.142975
1.159300
1.161400
1.172600
1.176400
1.196200
1.215475
1.226300
1.233475
1.263050
1.289625
1.352950
1.358075
1.437000
1.439575
1.470425
1.489150
1.528100
1.565625
1.586750
1.633625
1.645650
1.722900
1.825375
1.825425
1.829150
1.978675
2.126175
245
