0.016100
0.019850
0.023625
0.025400
0.025450
0.032800
0.033625
0.034375
0.043950
0.044675
0.051400
0.056325
0.057950
0.060025
0.062600
0.064525
0.065000
0.071050
0.096750
0.097350
0.098550
0.109325
0.112775
0.113200
0.116100
0.133975
0.134550
0.135975
0.138700
0.140700
0.140975
0.146750
0.148650
0.151150
0.158325
0.158800
0.158950
0.167125
0.168825
0.169625
0.180650
0.196625
0.201425
0.201900
0.205300
0.205400
0.205425
0.207100
0.211800
0.215075
0.216375
0.217350
0.221700
0.223300
0.230675
0.231325
0.241650
0.242675
0.247375
0.254900
0.256425
0.261900
0.263550
0.264750
0.269775
0.282575
0.288475
0.290125
0.296375
0.300150
0.302925
0.329650
0.331125
0.336075
0.340150
0.345225
0.347575
0.349625
0.353850
0.356000
0.356375
0.356700
0.375250
0.385825
0.386750
0.388275
0.389450
0.403775
0.403775
0.405700
0.412050
0.413950
0.415200
0.415275
0.416875
0.417850
0.422725
0.426850
0.428750
0.433750
0.436925
0.437150
0.441375
0.443475
0.443775
0.444300
0.446875
0.451075
0.453225
0.454975
0.471900
0.472300
0.473550
0.473725
0.480150
0.489325
0.492075
0.499325
0.502350
0.503425
0.511925
0.522075
0.525950
0.534025
0.538850
0.551775
0.563350
0.568700
0.575425
0.581350
0.593125
0.595800
0.595900
0.596625
0.611250
0.614300
0.616225
0.617775
0.618900
0.619675
0.623100
0.627075
0.628500
0.629125
0.631700
0.631925
0.631950
0.632100
0.636525
0.636875
0.648250
0.650525
0.652400
0.652750
0.656425
0.675325
0.676975
0.678175
0.684425
0.692175
0.695250
0.699300
0.700300
0.708300
0.710050
0.712350
0.713850
0.717775
0.718975
0.729225
0.732650
0.735525
0.736875
0.739275
0.742425
0.744450
0.750175
0.751575
0.760525
0.767425
0.771475
0.772950
0.784000
0.785150
0.791450
0.794450
0.802400
0.804225
0.821200
0.821400
0.823125
0.832350
0.838050
0.838375
0.850350
0.853000
0.855650
0.856325
0.856525
0.859100
0.878125
0.893750
0.905650
0.912650
0.919325
0.929100
0.938475
0.939675
0.942775
0.946175
0.947350
0.954625
0.971875
0.975775
0.985300
0.988625
0.991150
1.007750
1.008525
1.008600
1.025225
1.053050
1.057150
1.071425
1.088950
1.089500
1.130975
1.133050
1.134050
1.136850
1.146075
1.163375
1.178850
1.185300
1.208125
1.235625
1.240300
1.247550
1.256000
1.264500
1.293675
1.321875
1.335475
1.355650
1.429925
1.456850
1.463600
1.486175
1.522925
1.572150
1.575875
1.657300
1.777475
2.006675
2.167475
2.177500
2.304225
2.426375
258
