0.004375
0.005500
0.007550
0.017950
0.019425
0.025475
0.026150
0.027325
0.029275
0.030875
0.032200
0.036150
0.043325
0.044000
0.044325
0.046900
0.048550
0.049975
0.052800
0.060175
0.060200
0.063325
0.069775
0.071425
0.080150
0.084050
0.086475
0.094850
0.095650
0.105400
0.107425
0.114950
0.118700
0.123800
0.125900
0.138200
0.141975
0.144700
0.149850
0.152925
0.152950
0.155150
0.161900
0.172325
0.172700
0.173100
0.175375
0.177025
0.183750
0.183950
0.184300
0.184575
0.189150
0.190775
0.193850
0.194550
0.195875
0.196575
0.204350
0.210400
0.222625
0.226225
0.236400
0.244325
0.246100
0.248725
0.255500
0.256375
0.258575
0.258925
0.265975
0.266525
0.268675
0.279500
0.285200
0.286250
0.292225
0.292700
0.293175
0.298725
0.310150
0.312675
0.319650
0.321000
0.324675
0.337625
0.346375
0.348075
0.362875
0.362975
0.365625
0.373000
0.377775
0.379975
0.389825
0.400950
0.401900
0.417925
0.419825
0.430000
0.430725
0.431425
0.439325
0.442025
0.446650
0.449175
0.450825
0.451700
0.454000
0.456725
0.466675
0.470275
0.470825
0.482975
0.483700
0.486450
0.488650
0.489275
0.493975
0.495950
0.496650
0.500500
0.507250
0.509625
0.509950
0.512325
0.513675
0.515325
0.521600
0.525675
0.526275
0.533950
0.533975
0.534975
0.541375
0.543750
0.547175
0.551250
0.566400
0.584775
0.586300
0.589425
0.590100
0.602200
0.606725
0.607325
0.615075
0.617325
0.622550
0.624225
0.624300
0.629775
0.631800
0.632075
0.638925
0.643650
0.644375
0.646825
0.651925
0.656050
0.658350
0.664175
0.667150
0.671175
0.675575
0.677975
0.678300
0.678725
0.679325
0.680050
0.683200
0.692650
0.701750
0.704300
0.709725
0.715125
0.724925
0.726325
0.728325
0.732625
0.745550
0.750525
0.750575
0.756550
0.760625
0.763600
0.765600
0.780775
0.781375
0.785375
0.799200
0.800750
0.805075
0.809800
0.811800
0.818800
0.842375
0.842825
0.844975
0.852000
0.855550
0.868400
0.884500
0.887900
0.893550
0.894525
0.894725
0.903100
0.905950
0.913100
0.914275
0.927100
0.928175
0.929125
0.931350
0.938725
0.949900
0.951875
0.969125
0.973175
0.978400
0.980000
0.994825
1.002350
1.003875
1.009900
1.012750
1.045000
1.067675
1.069900
1.072150
1.091250
1.098950
1.119525
1.124925
1.137275
1.138100
1.162600
1.167725
1.179350
1.181625
1.194675
1.209650
1.217875
1.231175
1.241875
1.248775
1.255575
1.292800
1.305775
1.306800
1.319275
1.330250
1.340625
1.352050
1.366150
1.377275
1.402325
1.403200
1.557800
1.621450
1.738175
1.796025
1.796550
1.849800
1.913450
1.923775
2.059725
2.208350
2.210625
2.370750
271
