0.002100
0.003225
0.019150
0.021525
0.023500
0.025775
0.030750
0.033475
0.048550
0.048875
0.049900
0.051075
0.056050
0.060625
0.061375
0.065400
0.065950
0.069175
0.073100
0.089300
0.089750
0.090400
0.090700
0.108250
0.116225
0.120475
0.127100
0.127175
0.133200
0.135975
0.142550
0.144625
0.154900
0.155000
0.162325
0.163050
0.165950
0.176650
0.178025
0.180350
0.202375
0.211300
0.219075
0.220125
0.228700
0.229875
0.235700
0.236025
0.237425
0.243025
0.244275
0.251275
0.259875
0.262875
0.264375
0.265875
0.271775
0.276000
0.276250
0.280075
0.282775
0.308225
0.311325
0.313675
0.323525
0.325225
0.326700
0.333425
0.335225
0.341000
0.341475
0.344450
0.347175
0.348850
0.361550
0.361775
0.371825
0.377125
0.382800
0.386325
0.393175
0.393850
0.400925
0.401450
0.402475
0.406100
0.410275
0.422825
0.431725
0.432400
0.443525
0.446500
0.449175
0.451950
0.453500
0.455775
0.458050
0.458450
0.461050
0.465225
0.469650
0.476175
0.482025
0.497700
0.506725
0.512825
0.516400
0.524150
0.530750
0.532100
0.533350
0.534450
0.535825
0.536500
0.553550
0.555325
0.557775
0.566375
0.567325
0.585275
0.587025
0.601075
0.605200
0.607750
0.625575
0.633525
0.636125
0.639725
0.660750
0.662275
0.664425
0.665825
0.668325
0.676525
0.682000
0.684500
0.690750
0.692575
0.698575
0.701700
0.703125
0.705850
0.708100
0.710600
0.715150
0.715625
0.716425
0.720125
0.722850
0.727275
0.728050
0.732600
0.732875
0.736375
0.743525
0.757100
0.762050
0.762650
0.764125
0.769525
0.772800
0.774800
0.775825
0.777550
0.781000
0.783075
0.785450
0.785600
0.791425
0.796275
0.801475
0.808175
0.822650
0.844400
0.845500
0.847875
0.849100
0.854000
0.856100
0.860950
0.868325
0.872325
0.872650
0.882300
0.885400
0.886975
0.887875
0.892975
0.902725
0.906875
0.908425
0.926650
0.928850
0.932975
0.934975
0.939000
0.942325
0.944975
0.948725
0.965050
0.998100
1.014650
1.030400
1.030650
1.037450
1.047850
1.049225
1.050525
1.064575
1.073625
1.082250
1.092950
1.099250
1.114600
1.155925
1.156300
1.173400
1.177425
1.179725
1.207625
1.211025
1.218250
1.218325
1.239575
1.243550
1.258450
1.264950
1.286350
1.303000
1.307050
1.324725
1.329375
1.332150
1.334700
1.352600
1.366350
1.368175
1.368200
1.373400
1.386500
1.419575
1.465550
1.496875
1.656450
1.736150
1.746925
1.777825
1.828000
1.939250
2.036750
2.112475
2.112475
2.134275
2.208925
2.370275
255
