0.003675
0.003925
0.028400
0.043375
0.047350
0.051600
0.055875
0.057875
0.060475
0.063300
0.068250
0.069975
0.076425
0.093200
0.097800
0.102600
0.107000
0.109325
0.113500
0.117350
0.118925
0.120475
0.137925
0.140050
0.142700
0.155675
0.158425
0.160900
0.165925
0.168675
0.172000
0.174000
0.179825
0.182175
0.182475
0.191200
0.196000
0.197425
0.197725
0.198475
0.201050
0.202225
0.210250
0.213625
0.213725
0.217250
0.219275
0.220250
0.220875
0.220950
0.228450
0.230450
0.230925
0.239800
0.256475
0.256700
0.256750
0.257825
0.259675
0.260075
0.265475
0.271975
0.281125
0.283250
0.296850
0.298525
0.300875
0.304775
0.311000
0.315950
0.318375
0.321500
0.324675
0.325800
0.328275
0.328450
0.329125
0.330525
0.338050
0.339525
0.340275
0.341100
0.356600
0.361725
0.365925
0.368300
0.382025
0.385925
0.389675
0.395100
0.396325
0.397950
0.403450
0.405275
0.434225
0.437275
0.437450
0.441025
0.445400
0.450025
0.451200
0.459950
0.460975
0.465875
0.472200
0.475725
0.480375
0.482200
0.490500
0.492775
0.496725
0.498450
0.506050
0.511475
0.514775
0.517500
0.522175
0.522500
0.525700
0.538075
0.553200
0.559850
0.562250
0.563725
0.565525
0.567700
0.571625
0.572750
0.578425
0.589525
0.593375
0.600575
0.603650
0.611350
0.619450
0.629400
0.634000
0.634650
0.641700
0.646150
0.666600
0.669075
0.676225
0.677900
0.686525
0.688950
0.691175
0.692050
0.694250
0.697025
0.697125
0.701600
0.701700
0.705025
0.706100
0.710650
0.713175
0.714275
0.718675
0.722650
0.723225
0.725300
0.725400
0.730500
0.733050
0.744125
0.760950
0.764275
0.765525
0.773600
0.776300
0.776775
0.781200
0.784050
0.801425
0.818975
0.833775
0.839825
0.856600
0.856900
0.857900
0.857975
0.860275
0.873225
0.875225
0.876225
0.878600
0.878700
0.879175
0.880750
0.886050
0.896875
0.903375
0.903900
0.911800
0.911950
0.917750
0.937875
0.940275
0.942000
0.948350
0.953100
0.956000
0.959050
0.982350
0.983550
0.988300
0.999850
1.006225
1.014125
1.016850
1.036175
1.045775
1.046325
1.061625
1.067750
1.073125
1.090575
1.098525
1.102250
1.104325
1.130300
1.137900
1.157500
1.159325
1.160675
1.164925
1.173075
1.176775
1.192825
1.193050
1.209275
1.220850
1.223125
1.235375
1.236875
1.254150
1.257300
1.265650
1.275950
1.326375
1.344375
1.417675
1.519775
1.613775
1.641050
1.763250
1.938650
2.016900
2.055925
2.230175
2.232175
252
