0.003900
0.005850
0.011325
0.017150
0.020725
0.022250
0.024300
0.028025
0.028625
0.032950
0.038500
0.040450
0.041475
0.043350
0.045200
0.045800
0.046975
0.051475
0.053675
0.055375
0.057100
0.060375
0.062450
0.074175
0.075725
0.078350
0.091550
0.093425
0.098975
0.107525
0.115000
0.125400
0.130475
0.130725
0.132950
0.135900
0.141825
0.146150
0.146875
0.147075
0.148525
0.158450
0.162575
0.172175
0.198525
0.200575
0.202050
0.209225
0.217800
0.220375
0.222675
0.227950
0.232125
0.232750
0.237125
0.250025
0.251550
0.251950
0.255675
0.257925
0.261025
0.274350
0.274550
0.278100
0.286575
0.289800
0.299300
0.300675
0.316200
0.319175
0.326450
0.330750
0.335825
0.341325
0.348075
0.350050
0.352875
0.363700
0.364250
0.372250
0.373600
0.382350
0.389175
0.398825
0.406325
0.408825
0.413225
0.417075
0.419725
0.421500
0.427200
0.441775
0.452625
0.460025
0.460050
0.460100
0.461850
0.471400
0.473975
0.478750
0.479175
0.480650
0.492700
0.496850
0.500375
0.507600
0.515650
0.528325
0.533950
0.536700
0.547225
0.547850
0.548925
0.553550
0.560075
0.560950
0.561825
0.568150
0.570175
0.570925
0.572550
0.576750
0.581275
0.588400
0.597100
0.605325
0.608075
0.627825
0.636725
0.637425
0.643975
0.648875
0.649525
0.656875
0.661075
0.662675
0.663525
0.672375
0.686125
0.687725
0.700775
0.702400
0.705975
0.713125
0.713175
0.714075
0.716600
0.717150
0.729175
0.731075
0.733575
0.738650
0.739750
0.741800
0.746800
0.751975
0.753025
0.763175
0.763450
0.767750
0.772875
0.775925
0.779600
0.780850
0.789650
0.797325
0.812375
0.813900
0.817725
0.835525
0.852575
0.855400
0.859450
0.866675
0.873375
0.880850
0.887975
0.888075
0.897150
0.904975
0.908225
0.912950
0.922275
0.931525
0.954675
0.969075
0.987675
0.995900
0.996275
0.999325
1.007600
1.036200
1.046400
1.067950
1.074325
1.077550
1.093550
1.097925
1.105625
1.136325
1.138050
1.145400
1.147625
1.168025
1.177450
1.177650
1.183425
1.191600
1.195200
1.215975
1.225275
1.320275
1.370975
1.397050
1.411850
1.478925
1.498050
1.525425
1.532125
1.560200
1.618500
1.629325
1.653625
1.655625
1.691750
1.872450
2.002800
2.154100
2.179650
229
