0.005775
0.014775
0.016900
0.016925
0.028150
0.031700
0.035300
0.040250
0.042175
0.050275
0.057200
0.060175
0.066125
0.069350
0.074175
0.091350
0.106400
0.107600
0.108275
0.114075
0.118100
0.120450
0.126175
0.131550
0.141250
0.149875
0.156750
0.157100
0.157600
0.165300
0.169925
0.175275
0.178950
0.183275
0.188950
0.193375
0.193400
0.193950
0.198975
0.200800
0.207350
0.212300
0.214275
0.217925
0.221550
0.224300
0.224600
0.224975
0.230950
0.239200
0.242650
0.247650
0.247850
0.256225
0.261100
0.262775
0.263900
0.267875
0.275725
0.287950
0.288825
0.299200
0.304525
0.305150
0.305600
0.309300
0.310750
0.317250
0.318250
0.321475
0.322075
0.322475
0.322475
0.323050
0.323550
0.331625
0.351900
0.357800
0.373475
0.373950
0.381300
0.386525
0.389025
0.389550
0.400450
0.421850
0.425575
0.430425
0.431050
0.432000
0.432475
0.433800
0.435800
0.436750
0.439525
0.442350
0.443950
0.448075
0.448400
0.448775
0.451575
0.452125
0.459950
0.461175
0.465275
0.468375
0.474575
0.479525
0.479550
0.481325
0.499450
0.514300
0.514750
0.527450
0.528175
0.532925
0.540125
0.541450
0.542400
0.542850
0.549175
0.552100
0.552575
0.554225
0.558825
0.559200
0.561825
0.563750
0.579325
0.581300
0.589125
0.593175
0.594400
0.595125
0.598975
0.601975
0.602450
0.607125
0.608025
0.609725
0.617000
0.617350
0.617725
0.618175
0.619650
0.628825
0.628950
0.631125
0.632150
0.634850
0.646000
0.647725
0.648650
0.650000
0.653325
0.661850
0.665325
0.666150
0.671275
0.673350
0.673625
0.674375
0.680300
0.682550
0.683775
0.690075
0.701300
0.703900
0.706200
0.706450
0.706600
0.707250
0.712875
0.716925
0.719425
0.720350
0.720650
0.726350
0.733225
0.735300
0.736150
0.741500
0.744525
0.749300
0.754150
0.754800
0.755125
0.756200
0.768275
0.768725
0.770350
0.771550
0.772275
0.775650
0.778375
0.784050
0.793125
0.794025
0.799825
0.804700
0.810400
0.812300
0.816400
0.816550
0.820950
0.821350
0.824200
0.830975
0.834200
0.838700
0.861475
0.861800
0.863575
0.870875
0.891400
0.907175
0.910675
0.917525
0.926200
0.927375
0.940100
0.949275
0.952150
0.959675
0.965075
0.975450
0.979075
0.982025
0.991000
0.992825
1.014450
1.016725
1.016950
1.047150
1.048025
1.052450
1.057350
1.082700
1.085575
1.096850
1.098550
1.106150
1.115375
1.139775
1.142575
1.143200
1.152375
1.157750
1.167750
1.177675
1.209350
1.217025
1.229550
1.238075
1.272025
1.283575
1.304175
1.325650
1.357275
1.361550
1.362650
1.381925
1.389050
1.410400
1.462650
1.464175
1.468450
1.491025
1.500650
1.523175
1.553925
1.561925
1.589800
1.679100
1.763350
1.864925
1.919825
1.997450
2.029500
2.390000
2.390000
281
