0.000850
0.017575
0.018475
0.019950
0.021950
0.022525
0.033925
0.035775
0.037175
0.038775
0.040275
0.040525
0.041875
0.047350
0.047825
0.053700
0.058650
0.061325
0.073550
0.073600
0.084200
0.086825
0.089500
0.105600
0.106100
0.109425
0.110175
0.112400
0.114075
0.117400
0.126175
0.131200
0.132975
0.139800
0.144750
0.151425
0.152475
0.154450
0.163425
0.166675
0.172450
0.173075
0.173850
0.181400
0.185550
0.188475
0.192350
0.192750
0.197225
0.198100
0.200375
0.201375
0.211050
0.212075
0.218825
0.223525
0.226675
0.226875
0.242900
0.245925
0.249450
0.259100
0.261525
0.261650
0.274200
0.279925
0.286400
0.290775
0.293500
0.304150
0.306725
0.330825
0.332600
0.337625
0.338925
0.342425
0.348050
0.357850
0.360675
0.368175
0.379275
0.385750
0.389475
0.392275
0.395825
0.398025
0.398725
0.411450
0.423750
0.435050
0.442900
0.455100
0.478100
0.478500
0.479150
0.479750
0.480925
0.483675
0.486500
0.495175
0.499275
0.499975
0.504425
0.505875
0.515800
0.521550
0.523200
0.523975
0.528025
0.529025
0.530475
0.548300
0.550825
0.551375
0.552600
0.558250
0.568900
0.572850
0.581075
0.607650
0.611550
0.633875
0.638475
0.639750
0.642850
0.644825
0.649750
0.652700
0.653700
0.655450
0.655525
0.659025
0.663100
0.663675
0.664925
0.668575
0.670425
0.670425
0.672050
0.688900
0.691150
0.695000
0.695125
0.697075
0.699800
0.702800
0.706400
0.710975
0.721825
0.734850
0.738725
0.741275
0.754800
0.757225
0.763675
0.770625
0.782100
0.789200
0.791650
0.794625
0.800425
0.805875
0.814200
0.814900
0.816475
0.817575
0.825525
0.829650
0.832100
0.832800
0.836900
0.838400
0.850675
0.858450
0.862675
0.870000
0.871400
0.879775
0.880375
0.880900
0.887375
0.890550
0.897550
0.904925
0.914925
0.916175
0.929625
0.939750
0.946450
0.948525
0.952375
0.955775
0.956600
0.965350
0.966825
0.974575
0.975425
0.984875
0.990250
0.990400
1.022225
1.032000
1.041400
1.073100
1.073250
1.077500
1.082025
1.129725
1.144475
1.144675
1.153250
1.157375
1.160375
1.164175
1.164675
1.175400
1.198100
1.205725
1.219875
1.232075
1.238275
1.259950
1.289100
1.296225
1.308650
1.317475
1.326050
1.333475
1.373025
1.383550
1.414650
1.466250
1.479825
1.622600
1.647225
1.661200
1.702775
1.751425
1.778400
1.786625
1.827925
1.917800
2.016325
2.042375
2.150250
2.224900
2.463175
247
