0.010550
0.015700
0.025525
0.025600
0.026325
0.033525
0.036775
0.037400
0.045075
0.048525
0.051275
0.056200
0.056600
0.063250
0.067275
0.068225
0.077450
0.087525
0.092850
0.092975
0.100325
0.100675
0.101350
0.115025
0.115500
0.115725
0.119950
0.121000
0.122700
0.124425
0.134125
0.138800
0.145475
0.150100
0.152850
0.161100
0.164900
0.165150
0.167300
0.169875
0.174725
0.176300
0.184275
0.185775
0.186750
0.189575
0.193325
0.199800
0.199925
0.216975
0.217025
0.222775
0.225950
0.233600
0.233900
0.235775
0.236200
0.249900
0.251625
0.259600
0.259600
0.261500
0.263750
0.265775
0.268375
0.276250
0.277350
0.278925
0.280350
0.280700
0.283375
0.285075
0.289225
0.291450
0.301325
0.306925
0.311150
0.317650
0.320175
0.322150
0.325600
0.327150
0.327500
0.328375
0.330825
0.335200
0.353950
0.370025
0.377175
0.379075
0.379250
0.387650
0.388475
0.400525
0.402450
0.404925
0.406650
0.408125
0.417775
0.420175
0.420575
0.423650
0.425625
0.426650
0.429125
0.429300
0.439400
0.444875
0.448925
0.449225
0.450825
0.452850
0.456800
0.460800
0.468000
0.469550
0.471100
0.484575
0.488575
0.490500
0.498850
0.499475
0.510875
0.512975
0.513425
0.513575
0.516225
0.516450
0.518000
0.518750
0.522350
0.522450
0.523875
0.525725
0.527750
0.543275
0.544400
0.551925
0.564725
0.568500
0.568800
0.575825
0.581900
0.599225
0.600200
0.604325
0.606075
0.608425
0.620775
0.621000
0.623400
0.627100
0.630075
0.634275
0.644300
0.645125
0.653425
0.667875
0.668425
0.668800
0.672300
0.674500
0.675925
0.680600
0.683150
0.686375
0.687250
0.689400
0.691725
0.694150
0.698950
0.707025
0.710450
0.717350
0.724950
0.727850
0.730500
0.741750
0.741875
0.745775
0.760300
0.760700
0.764150
0.765375
0.769750
0.776125
0.787900
0.789175
0.802975
0.803675
0.805975
0.817750
0.823175
0.825150
0.838750
0.840975
0.849650
0.850050
0.871925
0.882700
0.885550
0.886325
0.886675
0.891650
0.897500
0.899225
0.906025
0.910075
0.916050
0.924475
0.935575
0.938925
0.948225
0.955725
0.956725
0.960350
0.964500
0.970775
0.986800
0.987050
0.998500
1.009300
1.021225
1.033450
1.045500
1.052450
1.073525
1.080300
1.085525
1.104375
1.104700
1.104900
1.108875
1.114925
1.128925
1.165875
1.211300
1.223625
1.238725
1.252150
1.264575
1.273575
1.281975
1.306900
1.336225
1.374975
1.375050
1.375325
1.414125
1.467650
1.489725
1.515550
1.572025
1.591175
1.647175
1.695575
1.754775
1.860550
2.125875
2.156350
2.296475
2.393175
2.471950
263
