0.003700
0.004575
0.005750
0.007675
0.012500
0.018275
0.022800
0.022850
0.024800
0.028400
0.037300
0.040425
0.040550
0.042525
0.046775
0.046950
0.050550
0.055550
0.057350
0.070600
0.078475
0.087775
0.090800
0.091075
0.091550
0.093350
0.109250
0.114050
0.131125
0.151300
0.158950
0.162525
0.166075
0.185625
0.189125
0.197850
0.199900
0.200625
0.203150
0.207525
0.214150
0.216200
0.217125
0.219325
0.223875
0.224025
0.224950
0.231025
0.231525
0.232425
0.235875
0.236025
0.236225
0.236400
0.236650
0.238125
0.238225
0.241575
0.243950
0.248800
0.251200
0.251375
0.252300
0.253125
0.253400
0.255075
0.273200
0.274125
0.277000
0.277550
0.280175
0.280750
0.283575
0.284575
0.286475
0.288025
0.292325
0.298525
0.299875
0.300975
0.308275
0.310950
0.312625
0.312800
0.331850
0.342225
0.343750
0.344775
0.345625
0.349050
0.351350
0.353825
0.355300
0.357350
0.360775
0.382875
0.385775
0.387675
0.392375
0.395000
0.395575
0.400075
0.406075
0.409750
0.411150
0.417150
0.418850
0.419025
0.429525
0.430425
0.438225
0.439625
0.442750
0.448425
0.448550
0.465325
0.467175
0.472225
0.478675
0.495275
0.497200
0.506800
0.515325
0.517575
0.522975
0.528675
0.535125
0.536925
0.537175
0.539450
0.541725
0.547675
0.548175
0.552425
0.553350
0.554100
0.557875
0.564550
0.569200
0.570350
0.573125
0.576550
0.588300
0.591950
0.592100
0.592175
0.596675
0.596750
0.599100
0.603700
0.604700
0.624625
0.629000
0.632150
0.633000
0.633400
0.634550
0.637675
0.641450
0.642275
0.644100
0.644525
0.647175
0.660950
0.662250
0.665425
0.665700
0.670950
0.675175
0.681125
0.683300
0.684525
0.686400
0.690175
0.694700
0.696000
0.696075
0.698775
0.704900
0.706200
0.713375
0.717300
0.750375
0.754425
0.757775
0.764150
0.767350
0.770825
0.776025
0.778050
0.795150
0.808275
0.824475
0.831775
0.837475
0.837625
0.837850
0.845925
0.853600
0.860625
0.863675
0.881650
0.892750
0.896225
0.925475
0.944050
0.949275
0.957325
0.958875
0.960925
0.963550
0.971300
0.974075
0.975150
0.975875
0.976275
0.982025
1.005175
1.006525
1.031375
1.042575
1.049825
1.053875
1.062025
1.062800
1.063200
1.066000
1.067025
1.078575
1.086825
1.100150
1.102025
1.104525
1.124275
1.128950
1.131075
1.144925
1.182075
1.211775
1.214600
1.227450
1.233500
1.253125
1.267075
1.284175
1.304475
1.361075
1.389175
1.418750
1.460050
1.483225
1.519925
1.596350
1.734400
1.773600
1.836800
1.837675
1.935875
2.022900
2.099325
260
