0.004625
0.006450
0.010675
0.022175
0.023300
0.023500
0.023600
0.024800
0.027050
0.030300
0.035975
0.038375
0.050875
0.052925
0.062025
0.095500
0.098600
0.100875
0.102550
0.103625
0.105625
0.106925
0.111000
0.120400
0.122475
0.125900
0.138425
0.140750
0.148525
0.151375
0.152375
0.153825
0.158575
0.165525
0.166475
0.179700
0.179925
0.192375
0.199775
0.205600
0.217075
0.220875
0.222925
0.230475
0.234800
0.241100
0.248150
0.248350
0.258425
0.262900
0.263500
0.266625
0.267625
0.269750
0.272050
0.273075
0.277475
0.280325
0.286475
0.288975
0.292925
0.295750
0.298700
0.302900
0.304925
0.307475
0.311400
0.315675
0.319200
0.324350
0.330000
0.331675
0.340500
0.343600
0.352950
0.361150
0.362625
0.370875
0.371350
0.377025
0.386150
0.390025
0.393675
0.394750
0.399250
0.403275
0.403575
0.418175
0.425600
0.438800
0.444600
0.448950
0.456550
0.458825
0.476050
0.488475
0.488475
0.492150
0.496600
0.497175
0.498475
0.505275
0.510200
0.514050
0.521075
0.524225
0.531400
0.546700
0.549075
0.552850
0.553625
0.556650
0.560825
0.561275
0.561425
0.561675
0.567025
0.568800
0.574175
0.578825
0.581150
0.585925
0.588825
0.592175
0.597175
0.597500
0.607975
0.610425
0.612200
0.614050
0.618325
0.620450
0.620575
0.625600
0.628600
0.632675
0.634125
0.635025
0.635875
0.637425
0.641100
0.647850
0.661700
0.667675
0.668300
0.668900
0.669400
0.675525
0.676725
0.679525
0.692025
0.699650
0.709175
0.710375
0.711225
0.712400
0.715700
0.715925
0.725325
0.729100
0.729225
0.731750
0.736175
0.736200
0.736975
0.740925
0.743775
0.757600
0.759425
0.769650
0.781425
0.782750
0.784650
0.785275
0.787325
0.799075
0.801350
0.804500
0.805675
0.806375
0.820800
0.822575
0.830375
0.830825
0.837450
0.855700
0.857000
0.857500
0.861925
0.878050
0.880000
0.881750
0.882325
0.894050
0.906850
0.915800
0.916750
0.923350
0.930275
0.931475
0.935300
0.937425
0.937950
0.955450
0.961600
0.964025
0.974100
0.977125
0.978550
0.978550
0.985800
0.991425
1.004125
1.008875
1.011025
1.022125
1.042750
1.043025
1.050300
1.065225
1.069350
1.071075
1.087925
1.103600
1.139925
1.140525
1.185075
1.206175
1.219500
1.234725
1.243175
1.250025
1.256600
1.270825
1.281475
1.288450
1.301500
1.321175
1.419225
1.444025
1.541625
1.549900
1.553000
1.579775
1.592575
1.608175
1.621675
1.645525
1.676975
1.685175
1.685650
1.701075
1.759550
1.805750
1.911725
2.242850
2.393700
257
