0.006825
0.006950
0.009025
0.017775
0.022225
0.026200
0.033850
0.034125
0.038375
0.043650
0.047675
0.047700
0.048450
0.053775
0.068075
0.070200
0.070400
0.079050
0.088450
0.090125
0.090325
0.090400
0.090725
0.094325
0.095450
0.103150
0.105975
0.123450
0.135300
0.151750
0.159325
0.160850
0.168000
0.173575
0.173850
0.181100
0.194725
0.199250
0.203000
0.208925
0.213500
0.218450
0.221450
0.221775
0.228275
0.232225
0.232875
0.235425
0.244875
0.249775
0.250250
0.250525
0.256450
0.259450
0.269350
0.271150
0.286100
0.286625
0.291000
0.298800
0.305800
0.306275
0.311550
0.316900
0.320550
0.326225
0.330125
0.346600
0.347950
0.351125
0.353925
0.354400
0.360625
0.364025
0.366975
0.369875
0.371625
0.376200
0.380150
0.380400
0.384675
0.395600
0.402825
0.402900
0.405525
0.405850
0.409550
0.417700
0.419500
0.421925
0.423050
0.424925
0.426050
0.427700
0.433200
0.433550
0.440150
0.441325
0.444650
0.462175
0.463250
0.463775
0.471950
0.473975
0.477750
0.485175
0.490975
0.494250
0.496525
0.504375
0.508300
0.509050
0.509550
0.514050
0.515450
0.521000
0.522125
0.529675
0.541475
0.543350
0.551775
0.559425
0.568650
0.573225
0.575650
0.581550
0.581825
0.582850
0.591550
0.603950
0.605125
0.605300
0.605600
0.609475
0.612400
0.620950
0.630575
0.636125
0.636750
0.642675
0.652750
0.653325
0.656225
0.677125
0.682400
0.690350
0.693400
0.693975
0.696300
0.698625
0.701825
0.703775
0.705475
0.705725
0.706375
0.716100
0.717225
0.727600
0.734450
0.734625
0.736775
0.737225
0.751250
0.759200
0.760875
0.766400
0.770525
0.774000
0.776475
0.781300
0.784800
0.790150
0.794900
0.800625
0.811100
0.823575
0.827875
0.835150
0.838525
0.838625
0.847625
0.857250
0.864800
0.868900
0.876100
0.880400
0.894600
0.901850
0.913775
0.923925
0.946275
0.966375
0.972600
0.996400
1.063325
1.089425
1.093600
1.101850
1.112025
1.112675
1.117200
1.145075
1.156150
1.160900
1.183025
1.217175
1.230350
1.254275
1.273200
1.274275
1.277025
1.301125
1.310875
1.329050
1.333025
1.340050
1.345325
1.354875
1.382900
1.416475
1.418075
1.426850
1.440225
1.503425
1.533225
1.607875
1.623300
1.689000
1.713650
1.728325
1.968075
2.084200
232
