0.003000
0.003150
0.005675
0.005725
0.007900
0.008350
0.021300
0.023025
0.033000
0.034800
0.035850
0.049550
0.058050
0.060575
0.062125
0.063375
0.069575
0.074175
0.077350
0.082850
0.083100
0.084300
0.089725
0.090275
0.090300
0.091075
0.091075
0.091675
0.103000
0.104350
0.106100
0.108025
0.113550
0.116600
0.127350
0.129650
0.130325
0.143650
0.147550
0.149250
0.151800
0.152575
0.155500
0.159275
0.162925
0.171125
0.178600
0.182600
0.187525
0.192900
0.193800
0.202675
0.209725
0.210400
0.212350
0.213300
0.222300
0.226350
0.239600
0.263625
0.264525
0.269250
0.273575
0.283725
0.284150
0.286525
0.289500
0.292600
0.294100
0.302800
0.304225
0.310450
0.310575
0.311650
0.311900
0.316325
0.319975
0.321025
0.324825
0.324875
0.329150
0.339625
0.341725
0.359000
0.359575
0.362125
0.363250
0.367700
0.371375
0.372450
0.372450
0.394100
0.401350
0.401850
0.405725
0.410125
0.423125
0.424250
0.430275
0.430650
0.431125
0.436175
0.437300
0.440075
0.440175
0.442675
0.449650
0.458325
0.458900
0.461200
0.461400
0.465825
0.470200
0.478725
0.490775
0.494850
0.498125
0.501300
0.504800
0.508425
0.514025
0.518100
0.527725
0.541275
0.544450
0.544675
0.547925
0.549225
0.555800
0.572875
0.574350
0.577850
0.582625
0.590075
0.593725
0.608900
0.616425
0.616950
0.620025
0.644650
0.649950
0.650275
0.650500
0.661600
0.674925
0.688150
0.703775
0.707100
0.710725
0.714450
0.720425
0.726000
0.726150
0.728400
0.730525
0.732675
0.735700
0.738800
0.743375
0.748700
0.753575
0.754050
0.758275
0.763525
0.763875
0.777875
0.778675
0.785700
0.787750
0.789075
0.791400
0.797300
0.798625
0.804500
0.807525
0.807875
0.808500
0.810775
0.815650
0.820650
0.834625
0.840275
0.840725
0.852075
0.854400
0.855550
0.872800
0.892625
0.897075
0.910725
0.913825
0.917550
0.925075
0.958075
1.001100
1.004325
1.008350
1.009350
1.010075
1.017425
1.025225
1.028075
1.045425
1.050525
1.054550
1.060825
1.063875
1.064850
1.065450
1.085150
1.090525
1.090875
1.091000
1.106600
1.114675
1.118400
1.122450
1.123550
1.150275
1.180475
1.180825
1.204950
1.236475
1.265825
1.270025
1.282300
1.307000
1.328725
1.337775
1.350900
1.366250
1.394950
1.395450
1.406050
1.406350
1.408275
1.415250
1.439900
1.563500
1.633700
1.657850
1.705675
1.905325
1.995050
2.017175
2.027300
246
