0.002825
0.005850
0.018375
0.045550
0.056600
0.059850
0.066500
0.069775
0.075900
0.076825
0.081025
0.090075
0.090725
0.093575
0.094025
0.094575
0.095675
0.097675
0.098225
0.100025
0.102800
0.105925
0.106975
0.108450
0.111325
0.116700
0.120550
0.126500
0.129650
0.135625
0.136275
0.155375
0.159400
0.161350
0.164525
0.171375
0.174100
0.176200
0.178675
0.183950
0.187500
0.189950
0.190400
0.193750
0.197375
0.206575
0.221725
0.227400
0.237100
0.238125
0.244125
0.245375
0.249175
0.260575
0.269850
0.278725
0.287575
0.290650
0.291875
0.302650
0.305425
0.308400
0.312200
0.313300
0.319400
0.330400
0.334125
0.337625
0.338500
0.343675
0.348325
0.352075
0.355050
0.355575
0.361750
0.362025
0.365375
0.370425
0.372100
0.372725
0.380050
0.390575
0.391700
0.394700
0.395050
0.397375
0.398975
0.400175
0.402900
0.414375
0.414975
0.417550
0.423425
0.432925
0.437125
0.439525
0.442475
0.460100
0.475300
0.481275
0.481975
0.485225
0.492675
0.492700
0.496550
0.499625
0.514850
0.515775
0.519425
0.523125
0.533925
0.534950
0.535175
0.540375
0.548425
0.554725
0.557375
0.557850
0.559225
0.559475
0.560050
0.560100
0.568225
0.572600
0.582525
0.583875
0.584275
0.586325
0.589025
0.594700
0.596100
0.605475
0.613225
0.615475
0.626925
0.627900
0.637475
0.644075
0.645375
0.647050
0.647300
0.654000
0.656775
0.657750
0.666550
0.680575
0.681750
0.689350
0.697250
0.700750
0.706175
0.716400
0.719425
0.737450
0.738225
0.741675
0.753200
0.753550
0.757250
0.757400
0.768275
0.768350
0.771700
0.772025
0.774150
0.778075
0.781225
0.790400
0.790625
0.792950
0.801525
0.809075
0.809325
0.811825
0.815300
0.834400
0.839875
0.840200
0.842025
0.853075
0.854775
0.858150
0.870325
0.872900
0.874275
0.879525
0.880975
0.890150
0.891550
0.915975
0.919575
0.920200
0.923700
0.949025
0.964300
0.964900
0.975200
0.976275
0.980700
1.006950
1.007850
1.011325
1.014625
1.021950
1.026400
1.029075
1.036575
1.041725
1.050100
1.054075
1.055500
1.056875
1.056900
1.083425
1.086275
1.092700
1.101075
1.101500
1.104150
1.108500
1.131675
1.153700
1.171100
1.182550
1.200200
1.206275
1.212275
1.257400
1.273900
1.292175
1.299900
1.309650
1.351900
1.354550
1.398625
1.432050
1.442600
1.492150
1.509575
1.613325
1.620450
1.889600
1.891600
2.029100
2.239150
2.370450
2.406325
247
