0.007850
0.008475
0.028425
0.029475
0.036250
0.044950
0.054825
0.056750
0.057850
0.062500
0.065300
0.072000
0.088125
0.089500
0.091275
0.100600
0.102325
0.107500
0.108425
0.111525
0.114275
0.115050
0.134400
0.136325
0.139000
0.141800
0.141950
0.147550
0.155675
0.160925
0.162025
0.163600
0.169150
0.171150
0.172450
0.172600
0.175700
0.178400
0.192675
0.200125
0.202450
0.205125
0.214475
0.223725
0.224075
0.224675
0.228800
0.230575
0.231700
0.232000
0.233425
0.234300
0.235950
0.242000
0.243125
0.261100
0.264750
0.272225
0.273500
0.284275
0.284975
0.292650
0.294075
0.294425
0.298225
0.301675
0.305875
0.309125
0.310125
0.322900
0.328175
0.330250
0.330500
0.337750
0.338100
0.353700
0.356525
0.369900
0.378775
0.388200
0.390025
0.395200
0.395550
0.396300
0.397425
0.399775
0.405075
0.411300
0.415175
0.421900
0.423975
0.424325
0.440825
0.446550
0.450475
0.452150
0.456375
0.457150
0.457775
0.458650
0.463625
0.470950
0.477350
0.478450
0.479275
0.481775
0.483475
0.491950
0.494150
0.499575
0.499850
0.503050
0.504825
0.507575
0.509150
0.509275
0.511100
0.527700
0.537500
0.548425
0.548650
0.552325
0.584925
0.593375
0.600750
0.605275
0.607900
0.612825
0.622375
0.624275
0.633350
0.638800
0.643275
0.645900
0.649950
0.654775
0.654825
0.655125
0.658100
0.661250
0.662925
0.668675
0.674425
0.683875
0.684675
0.686450
0.701675
0.703725
0.704850
0.710575
0.710925
0.734625
0.735900
0.767200
0.769750
0.770650
0.775375
0.776375
0.779225
0.789775
0.794675
0.794875
0.807250
0.823275
0.839675
0.842200
0.847100
0.852625
0.854725
0.861550
0.863300
0.864975
0.872200
0.872275
0.874650
0.875050
0.880300
0.889475
0.893550
0.909900
0.915150
0.915725
0.921125
0.946650
0.950600
0.953125
0.954600
0.956200
0.968925
0.972875
0.985675
0.999100
1.009700
1.012275
1.015025
1.018150
1.020650
1.023350
1.024825
1.039975
1.040975
1.052850
1.070925
1.073425
1.073450
1.074875
1.081625
1.100450
1.102425
1.134825
1.154875
1.179550
1.195275
1.206250
1.231200
1.233450
1.238100
1.246400
1.246425
1.260725
1.287525
1.299050
1.302050
1.322075
1.327625
1.352400
1.405050
1.411675
1.435575
1.498675
1.505125
1.521100
1.525350
1.551000
1.645475
1.658625
1.681600
1.688050
1.688325
1.696725
1.717300
1.726725
1.756350
1.830450
2.027200
2.183100
246
