0.005075
0.009075
0.010500
0.014225
0.017350
0.018100
0.018725
0.020400
0.023650
0.034275
0.035825
0.037300
0.037650
0.052575
0.073075
0.074275
0.094325
0.094375
0.094750
0.095875
0.097875
0.100100
0.102550
0.103625
0.104350
0.106200
0.106475
0.108500
0.111825
0.112000
0.112875
0.121850
0.127100
0.127150
0.127675
0.129900
0.137550
0.138300
0.142850
0.167750
0.172700
0.176075
0.186375
0.195425
0.197975
0.202350
0.203150
0.206150
0.210100
0.214225
0.215400
0.215475
0.234875
0.237750
0.240425
0.243425
0.249275
0.253875
0.254475
0.256175
0.257950
0.271950
0.272325
0.280400
0.286175
0.288325
0.294150
0.297800
0.299050
0.304825
0.305100
0.315650
0.316475
0.323025
0.324525
0.326825
0.334975
0.346450
0.346725
0.347150
0.349850
0.351275
0.362950
0.369175
0.371975
0.378275
0.386450
0.387050
0.389925
0.393025
0.407125
0.410325
0.415900
0.419600
0.422300
0.429050
0.433625
0.439875
0.446025
0.447000
0.447450
0.454025
0.454325
0.459625
0.466300
0.467000
0.467450
0.476325
0.480775
0.492750
0.503150
0.505925
0.508950
0.516575
0.518975
0.519050
0.519375
0.521175
0.530300
0.530900
0.541675
0.544600
0.546550
0.549900
0.550700
0.553650
0.554475
0.554625
0.557400
0.559700
0.562125
0.572225
0.574525
0.577725
0.581225
0.587650
0.598075
0.600075
0.606150
0.607525
0.610100
0.611600
0.614950
0.620200
0.621750
0.629675
0.638875
0.644900
0.646200
0.654500
0.657025
0.660950
0.677300
0.684325
0.688050
0.693400
0.698000
0.709325
0.714300
0.719800
0.722225
0.732525
0.746100
0.751375
0.771625
0.780100
0.781475
0.802125
0.819300
0.827825
0.836850
0.837600
0.839150
0.853575
0.855050
0.859250
0.867225
0.870400
0.879650
0.896100
0.896950
0.905950
0.907050
0.907075
0.915050
0.919950
0.921975
0.927625
0.928650
0.949275
0.974150
0.989025
0.991075
0.991975
0.997175
1.006725
1.011625
1.014150
1.017675
1.038350
1.068375
1.079150
1.101375
1.103900
1.107775
1.110150
1.119850
1.121375
1.137650
1.137875
1.161925
1.174625
1.175950
1.182375
1.186450
1.195875
1.228075
1.287950
1.296650
1.350225
1.396475
1.431175
1.435625
1.440125
1.483625
1.552625
1.573400
1.652775
1.660275
1.677350
1.690925
1.759375
1.893250
1.959925
1.971450
1.987550
2.023550
2.041100
2.495950
239
