0.008675
0.011600
0.011800
0.025350
0.026275
0.029975
0.041050
0.044350
0.044400
0.046575
0.051525
0.055100
0.059275
0.060625
0.063825
0.073600
0.074950
0.084125
0.096525
0.098500
0.100525
0.107325
0.110975
0.115025
0.121450
0.138700
0.141700
0.143575
0.170100
0.171775
0.173750
0.179200
0.179550
0.182350
0.182875
0.193650
0.194400
0.197125
0.207550
0.208600
0.210800
0.211825
0.218675
0.228350
0.235550
0.239250
0.239825
0.246975
0.255500
0.259250
0.259475
0.266500
0.270300
0.274525
0.279400
0.280800
0.285200
0.291400
0.295875
0.297575
0.303100
0.304950
0.312625
0.317325
0.320425
0.323950
0.334025
0.334250
0.336875
0.339975
0.341675
0.361025
0.361725
0.368275
0.371825
0.376700
0.381075
0.385675
0.392700
0.397400
0.400675
0.403300
0.413375
0.414125
0.415975
0.417400
0.420975
0.434775
0.437100
0.439600
0.445400
0.450375
0.456850
0.462200
0.462300
0.466475
0.467300
0.468200
0.468600
0.474950
0.476150
0.476275
0.478275
0.483650
0.490850
0.494450
0.498450
0.501200
0.503625
0.507850
0.514225
0.521575
0.532000
0.536050
0.542550
0.542575
0.554375
0.556500
0.563250
0.566325
0.569350
0.573300
0.579600
0.581225
0.584575
0.592850
0.600400
0.601850
0.602975
0.614500
0.620975
0.622650
0.624975
0.640850
0.641225
0.648075
0.651275
0.652025
0.652625
0.655875
0.657425
0.665450
0.665925
0.666450
0.679475
0.688700
0.693275
0.699650
0.713525
0.715275
0.715825
0.721100
0.721450
0.731875
0.733275
0.740375
0.744300
0.749250
0.757500
0.772475
0.777275
0.777800
0.779500
0.780950
0.783500
0.789450
0.793150
0.800625
0.807375
0.812925
0.813350
0.818250
0.818625
0.830300
0.835625
0.836825
0.837975
0.844300
0.848025
0.851700
0.856125
0.857125
0.860425
0.878375
0.889025
0.894225
0.897250
0.925200
0.940375
0.940550
0.962100
0.967000
0.973250
0.981875
0.984150
1.026700
1.039250
1.049200
1.051250
1.066475
1.066875
1.076025
1.091675
1.092375
1.098400
1.098925
1.108325
1.157650
1.172725
1.186675
1.187275
1.200000
1.200275
1.204700
1.210875
1.215925
1.242575
1.262600
1.271225
1.329250
1.335275
1.338075
1.344650
1.363600
1.424900
1.537075
1.566225
1.611000
1.662725
1.671050
1.686375
1.694350
1.823875
1.958050
1.972425
2.006850
2.026450
2.176125
2.222525
2.275150
240
