0.000750
0.006400
0.007525
0.013675
0.015800
0.019375
0.021275
0.033650
0.037450
0.041225
0.059450
0.064350
0.080100
0.084425
0.091875
0.092175
0.093075
0.096850
0.098075
0.099800
0.115600
0.119150
0.128825
0.129500
0.133400
0.142850
0.145675
0.148475
0.150900
0.152675
0.153075
0.153675
0.156525
0.164025
0.167925
0.180725
0.181950
0.184425
0.195225
0.199000
0.201775
0.203450
0.212150
0.215350
0.216000
0.220150
0.223725
0.224375
0.226525
0.237975
0.243575
0.266400
0.266425
0.271450
0.278675
0.282225
0.282375
0.284175
0.285750
0.294725
0.297550
0.298475
0.302875
0.306625
0.306875
0.311375
0.312700
0.312950
0.313050
0.324900
0.330800
0.340225
0.340800
0.341250
0.341650
0.354725
0.355150
0.359050
0.366725
0.366750
0.374275
0.377500
0.381575
0.384150
0.385400
0.391100
0.403650
0.407225
0.407600
0.424750
0.425500
0.427875
0.429325
0.437025
0.437275
0.437400
0.441200
0.442650
0.443800
0.461125
0.462325
0.467075
0.471450
0.476200
0.477550
0.485675
0.486775
0.488500
0.488775
0.499900
0.505650
0.515850
0.521325
0.527050
0.530950
0.546350
0.553325
0.554300
0.556000
0.567125
0.567525
0.571550
0.576250
0.589500
0.590275
0.592875
0.602875
0.604000
0.605100
0.612375
0.616375
0.617825
0.620900
0.621725
0.625000
0.632475
0.635075
0.636425
0.636825
0.637675
0.640275
0.640975
0.654600
0.660850
0.665175
0.669900
0.669975
0.672425
0.674075
0.689025
0.690325
0.691275
0.695800
0.699950
0.700100
0.704000
0.708025
0.708400
0.708450
0.709125
0.717200
0.718900
0.719700
0.720200
0.722975
0.739150
0.743875
0.758700
0.767650
0.769175
0.769700
0.771025
0.771575
0.778525
0.793275
0.794800
0.811050
0.811425
0.816350
0.817150
0.821225
0.826300
0.833725
0.839625
0.843250
0.844175
0.844475
0.854725
0.859425
0.860400
0.871875
0.877150
0.903325
0.942575
0.943400
0.951675
0.972325
0.975900
1.008850
1.010925
1.021400
1.023700
1.029700
1.033800
1.034800
1.054925
1.055000
1.060375
1.071525
1.078125
1.086275
1.094200
1.094225
1.108825
1.112725
1.125550
1.128450
1.135075
1.153675
1.181675
1.184425
1.186850
1.188425
1.198850
1.220450
1.243075
1.246750
1.263175
1.263950
1.278650
1.289350
1.301125
1.312950
1.340425
1.350075
1.355300
1.365950
1.380850
1.389975
1.416550
1.431325
1.471050
1.494025
1.585825
1.649725
1.716800
1.825100
1.842200
1.905350
2.020950
2.045125
251
