0.008025
0.008375
0.013275
0.018425
0.022625
0.023400
0.024975
0.026250
0.027525
0.031575
0.034725
0.037150
0.041025
0.041475
0.047900
0.059675
0.064700
0.070925
0.071900
0.073925
0.083600
0.103700
0.108475
0.113275
0.115675
0.124200
0.125525
0.126575
0.135600
0.139675
0.147325
0.164600
0.170950
0.171425
0.172250
0.175775
0.195725
0.201050
0.202475
0.204425
0.205800
0.229275
0.238125
0.244200
0.250225
0.254200
0.255450
0.255600
0.257825
0.258475
0.260525
0.267925
0.268100
0.272300
0.280700
0.280900
0.284275
0.284775
0.302500
0.302700
0.317225
0.319675
0.319750
0.331325
0.331950
0.332150
0.337475
0.339925
0.342850
0.345975
0.351925
0.353425
0.369350
0.382750
0.386800
0.389600
0.396925
0.400525
0.401550
0.405000
0.407700
0.407825
0.409350
0.418225
0.418525
0.419825
0.433825
0.447625
0.456625
0.465525
0.465700
0.472850
0.475825
0.481150
0.483375
0.490400
0.497425
0.498375
0.500850
0.502800
0.503600
0.524950
0.530225
0.535150
0.535475
0.539950
0.542300
0.554075
0.561625
0.561775
0.562000
0.562875
0.564900
0.569175
0.581725
0.585000
0.591850
0.596975
0.600525
0.608550
0.609950
0.611075
0.615450
0.623050
0.639875
0.644375
0.648050
0.648875
0.651000
0.656875
0.667925
0.672225
0.673975
0.687500
0.687550
0.689075
0.689900
0.698775
0.706100
0.710225
0.717300
0.719650
0.724975
0.730525
0.737200
0.738425
0.745075
0.746675
0.747025
0.748275
0.750300
0.753900
0.754050
0.756175
0.756675
0.758550
0.758925
0.768750
0.769000
0.779850
0.780750
0.791275
0.791275
0.804950
0.805375
0.808575
0.809675
0.810225
0.815700
0.815875
0.817325
0.821075
0.828250
0.837525
0.849250
0.856025
0.856500
0.868325
0.873375
0.876075
0.883550
0.893350
0.894475
0.911125
0.919475
0.927725
0.942875
0.946225
0.948850
0.959750
0.960675
0.960725
0.993525
0.996200
0.998825
1.022825
1.036050
1.051075
1.068550
1.074875
1.085250
1.092550
1.105450
1.132400
1.133200
1.136500
1.145050
1.147525
1.148100
1.155175
1.165725
1.172050
1.182675
1.184950
1.185875
1.185975
1.193875
1.211800
1.240300
1.241700
1.264425
1.304775
1.305375
1.322650
1.335550
1.363450
1.400025
1.412450
1.433025
1.468525
1.472700
1.475450
1.481625
1.505025
1.552150
1.610500
1.618225
1.637500
1.673000
1.701925
1.755575
1.786400
1.913350
1.935200
1.948800
2.122925
2.228675
247
