0.002775
0.008400
0.016800
0.049050
0.051400
0.052250
0.054300
0.057825
0.063100
0.066550
0.067425
0.070100
0.078150
0.085275
0.088950
0.088950
0.106000
0.119625
0.121675
0.135175
0.137400
0.146300
0.150700
0.152900
0.157525
0.159825
0.162800
0.163450
0.169500
0.170350
0.174925
0.176100
0.176975
0.188825
0.189400
0.193475
0.198575
0.209200
0.219675
0.223425
0.229000
0.243350
0.249975
0.250975
0.253475
0.258750
0.262150
0.263175
0.265525
0.272625
0.274700
0.274900
0.278025
0.280250
0.281625
0.282200
0.284725
0.285500
0.285575
0.306650
0.323075
0.332025
0.340125
0.341375
0.344650
0.346375
0.347275
0.348425
0.350475
0.355525
0.362050
0.364400
0.364900
0.367175
0.369550
0.374125
0.377100
0.381000
0.387200
0.390450
0.400250
0.406200
0.410400
0.410450
0.426600
0.430025
0.431575
0.433925
0.444725
0.447575
0.447650
0.456700
0.466375
0.468100
0.480600
0.486075
0.488300
0.489800
0.493850
0.504900
0.506500
0.510375
0.513575
0.514250
0.516750
0.516975
0.518775
0.520350
0.521925
0.525275
0.532300
0.540675
0.548650
0.555625
0.567025
0.572975
0.573350
0.581900
0.582225
0.590275
0.592325
0.595225
0.595875
0.596500
0.597550
0.599950
0.600175
0.602900
0.603550
0.603900
0.605725
0.608050
0.608125
0.610350
0.614225
0.618925
0.622525
0.623350
0.628100
0.634950
0.638425
0.641700
0.646150
0.649675
0.650900
0.653900
0.666325
0.673350
0.673525
0.677575
0.684800
0.697725
0.699525
0.700375
0.713000
0.715750
0.720525
0.720725
0.728550
0.729775
0.735525
0.739525
0.740250
0.742225
0.749800
0.751925
0.752975
0.764800
0.765675
0.769425
0.769450
0.773675
0.775750
0.776150
0.787000
0.789650
0.801525
0.809700
0.811825
0.816075
0.818950
0.819750
0.829925
0.830075
0.830550
0.830775
0.833975
0.846375
0.861900
0.865225
0.871425
0.874900
0.891025
0.892150
0.895450
0.896450
0.906075
0.908750
0.918850
0.923225
0.928000
0.938100
0.941875
0.946375
0.950800
0.951100
0.953925
0.966025
0.991350
0.992300
0.999550
1.005175
1.012425
1.013750
1.040525
1.049625
1.054150
1.056825
1.064200
1.066025
1.073000
1.074450
1.077475
1.089375
1.097450
1.130425
1.161100
1.178300
1.188525
1.189875
1.204375
1.233250
1.249725
1.264675
1.294125
1.327575
1.338725
1.354825
1.395800
1.407975
1.434450
1.441550
1.479850
1.489525
1.591250
1.646350
1.742075
1.893475
1.992825
2.264225
2.335925
251
