0.005000
0.007750
0.012350
0.012775
0.013825
0.014200
0.016975
0.020575
0.020800
0.021750
0.028450
0.036125
0.047900
0.057300
0.059825
0.069775
0.070100
0.071375
0.078125
0.084475
0.094250
0.094275
0.109450
0.111100
0.116625
0.119075
0.123800
0.135650
0.136400
0.137850
0.137875
0.149425
0.153350
0.156600
0.162200
0.162225
0.162575
0.164575
0.177775
0.181525
0.185450
0.186375
0.187325
0.190950
0.199100
0.201100
0.210350
0.212275
0.217025
0.217750
0.218200
0.218575
0.219175
0.224025
0.225975
0.228550
0.229275
0.243575
0.245425
0.251450
0.255025
0.262650
0.265275
0.271525
0.272625
0.273450
0.273725
0.280725
0.280900
0.284625
0.284925
0.286175
0.289575
0.291875
0.295225
0.299750
0.303150
0.306775
0.318275
0.319725
0.321850
0.326850
0.327250
0.329400
0.330825
0.331125
0.336900
0.342075
0.343800
0.361800
0.361875
0.362825
0.365775
0.367200
0.367350
0.369700
0.376400
0.376575
0.387950
0.389500
0.397000
0.398175
0.401325
0.408300
0.409975
0.412925
0.415225
0.419450
0.421800
0.423750
0.426075
0.433200
0.433650
0.434425
0.438875
0.454300
0.462625
0.470325
0.472225
0.474475
0.487725
0.490750
0.495525
0.499850
0.501800
0.510675
0.511600
0.515200
0.520350
0.526500
0.529800
0.529925
0.536450
0.547950
0.552800
0.555950
0.557250
0.567700
0.567800
0.568275
0.573375
0.574150
0.594375
0.598750
0.616325
0.619525
0.624175
0.631675
0.635525
0.648000
0.650675
0.662200
0.663100
0.668050
0.670150
0.677575
0.694075
0.697050
0.701850
0.707050
0.710600
0.711550
0.715200
0.722575
0.723375
0.724200
0.731875
0.743250
0.750800
0.751575
0.763450
0.764025
0.770075
0.773925
0.790525
0.793225
0.794125
0.800100
0.819100
0.819650
0.822950
0.823250
0.837525
0.839725
0.856475
0.858575
0.859600
0.869375
0.882050
0.884175
0.889400
0.896450
0.912625
0.931125
0.939075
0.939100
0.947050
0.956550
0.963975
0.964650
0.969675
0.972925
0.980525
0.987650
1.004200
1.012550
1.012650
1.053200
1.055300
1.065625
1.082250
1.095950
1.101675
1.106825
1.116150
1.127375
1.130675
1.148125
1.151575
1.183300
1.190800
1.215725
1.225050
1.231650
1.336225
1.350425
1.365725
1.388700
1.393400
1.413125
1.476575
1.508175
1.513325
1.520800
1.533425
1.561325
1.620625
1.787150
1.809375
2.037075
2.159775
241
