0.001900
0.002025
0.004675
0.007275
0.010500
0.010550
0.012125
0.020325
0.022475
0.022725
0.025025
0.028700
0.031725
0.032350
0.033500
0.049600
0.057175
0.063800
0.064175
0.073575
0.075650
0.085050
0.089475
0.093850
0.095675
0.105050
0.107900
0.108425
0.109900
0.110000
0.115950
0.118700
0.122650
0.128125
0.136600
0.140875
0.148300
0.148625
0.153850
0.155775
0.157600
0.165800
0.166250
0.166600
0.169250
0.172700
0.185500
0.193725
0.201525
0.202650
0.222975
0.233900
0.236925
0.237075
0.242100
0.246750
0.249650
0.251850
0.256425
0.262050
0.264900
0.269050
0.269100
0.275400
0.284150
0.289525
0.325225
0.326350
0.339375
0.351000
0.351450
0.361625
0.364150
0.367925
0.374250
0.377000
0.379825
0.380825
0.382900
0.388925
0.390325
0.393800
0.395050
0.402200
0.410150
0.413900
0.415775
0.416500
0.420275
0.422475
0.424400
0.424950
0.428475
0.428725
0.436725
0.437950
0.441250
0.443400
0.445325
0.447200
0.448525
0.456775
0.461125
0.466500
0.467300
0.470400
0.480675
0.483250
0.485550
0.496400
0.505250
0.505300
0.507000
0.511200
0.511450
0.512150
0.523525
0.529050
0.538375
0.544200
0.546950
0.547800
0.548350
0.556825
0.556975
0.559050
0.564200
0.564600
0.567950
0.578875
0.589300
0.591675
0.598425
0.603375
0.609450
0.610625
0.611825
0.616525
0.616750
0.618325
0.621075
0.632650
0.645400
0.650725
0.655325
0.658350
0.659300
0.662350
0.668750
0.668775
0.670225
0.672400
0.674550
0.677950
0.685725
0.690725
0.694300
0.696050
0.697975
0.701050
0.711300
0.714600
0.722400
0.727200
0.733525
0.735475
0.738850
0.743825
0.746875
0.747825
0.754725
0.755575
0.757050
0.759300
0.765500
0.770800
0.772425
0.773750
0.785050
0.787050
0.787425
0.795400
0.795675
0.800500
0.801425
0.802725
0.803600
0.806375
0.807125
0.807375
0.810100
0.816725
0.816800
0.829675
0.836300
0.842400
0.849850
0.850375
0.853525
0.871150
0.879725
0.882525
0.898050
0.898325
0.898525
0.921875
0.922250
0.931125
0.933400
0.940975
0.942850
0.944925
0.947175
0.950175
0.951300
0.954125
0.958025
0.960100
0.962675
0.965875
0.971975
0.992575
0.996225
0.996425
1.019000
1.019900
1.038200
1.041550
1.047000
1.050725
1.055050
1.066300
1.066375
1.072700
1.089200
1.125850
1.130025
1.138950
1.144250
1.163950
1.177250
1.177750
1.192925
1.201300
1.236625
1.290775
1.298550
1.314700
1.344900
1.375950
1.396525
1.404025
1.419500
1.515600
1.519625
1.537375
1.560925
1.579525
1.647825
1.702275
1.712500
1.723225
1.762775
1.766825
1.845325
1.928475
1.981600
2.017350
2.160775
2.293775
270
