0.002950
0.002950
0.005550
0.019075
0.019775
0.019775
0.025250
0.030325
0.037275
0.042850
0.044875
0.052200
0.059350
0.060225
0.060550
0.062725
0.069300
0.069800
0.073925
0.074300
0.077575
0.086650
0.087050
0.088525
0.089100
0.096875
0.098025
0.103625
0.107625
0.109675
0.113800
0.129275
0.134300
0.149050
0.157950
0.158650
0.167450
0.169875
0.197525
0.197650
0.198250
0.199725
0.202925
0.210750
0.218650
0.222100
0.225400
0.225600
0.238175
0.238700
0.243875
0.246300
0.255450
0.261200
0.269225
0.273950
0.275450
0.278800
0.278850
0.288050
0.291500
0.293275
0.295475
0.297475
0.297675
0.299025
0.313075
0.313325
0.314000
0.318550
0.321675
0.329275
0.332900
0.343075
0.349500
0.353975
0.355375
0.361950
0.362550
0.368275
0.372175
0.381075
0.384275
0.384550
0.388975
0.394825
0.400975
0.404575
0.405425
0.406875
0.412025
0.419400
0.420350
0.423575
0.445325
0.455775
0.456150
0.460975
0.468375
0.470250
0.471075
0.476250
0.481125
0.483025
0.490825
0.492450
0.492800
0.494350
0.503525
0.505550
0.506550
0.511475
0.514000
0.517000
0.522225
0.523850
0.527650
0.528750
0.531800
0.531800
0.533725
0.536250
0.537275
0.537800
0.542925
0.554750
0.559625
0.559975
0.585525
0.592650
0.594825
0.597700
0.599250
0.603175
0.609475
0.619400
0.622525
0.623200
0.630750
0.632325
0.633225
0.651750
0.653475
0.654350
0.659575
0.661650
0.676000
0.679275
0.680550
0.681925
0.683075
0.688250
0.692300
0.692750
0.696225
0.697275
0.704050
0.708050
0.713675
0.717775
0.718525
0.722375
0.724475
0.734675
0.743600
0.747825
0.752225
0.752675
0.753000
0.758875
0.758925
0.760150
0.768400
0.772725
0.782925
0.783850
0.787425
0.792450
0.796475
0.800150
0.810350
0.819225
0.822500
0.828225
0.834050
0.834500
0.834925
0.839650
0.850100
0.859300
0.872950
0.878800
0.879800
0.886825
0.889225
0.890625
0.890850
0.902550
0.910675
0.912800
0.913500
0.915700
0.915925
0.919500
0.924050
0.925575
0.926275
0.926525
0.939800
0.939900
0.951575
0.955475
0.961700
0.998900
1.004900
1.020800
1.033875
1.070500
1.072175
1.078975
1.146200
1.177675
1.187625
1.206300
1.216850
1.321275
1.373025
1.387725
1.407525
1.417475
1.467650
1.471675
1.510500
1.544175
1.554325
1.583400
1.666800
1.711650
1.924000
1.954825
1.965975
2.320900
242
