0.009125
0.016925
0.020500
0.030025
0.039050
0.047975
0.050600
0.055800
0.057725
0.060400
0.065400
0.065675
0.066500
0.066950
0.071350
0.075225
0.083725
0.084300
0.099675
0.101275
0.110200
0.113900
0.114325
0.116850
0.122450
0.135000
0.136025
0.137975
0.139700
0.140225
0.148250
0.148550
0.148700
0.158250
0.169575
0.172975
0.174175
0.174825
0.177675
0.177725
0.186500
0.189500
0.189550
0.203650
0.206325
0.214675
0.218300
0.223575
0.226350
0.241225
0.241475
0.246000
0.248850
0.255600
0.256400
0.259550
0.265150
0.265775
0.272650
0.286125
0.286400
0.287525
0.287550
0.290975
0.294350
0.299775
0.303950
0.305675
0.314725
0.317700
0.319300
0.337150
0.343025
0.343500
0.359425
0.359775
0.363225
0.363350
0.365450
0.374300
0.377225
0.393675
0.397450
0.402200
0.407450
0.413175
0.434575
0.436700
0.439950
0.442900
0.446675
0.448550
0.456750
0.458225
0.464025
0.464375
0.464500
0.470925
0.473825
0.479100
0.480175
0.489200
0.491450
0.498675
0.501975
0.502975
0.507800
0.510150
0.510425
0.510525
0.511525
0.513100
0.516275
0.522950
0.529950
0.536000
0.542050
0.543600
0.549300
0.550250
0.554300
0.557825
0.565725
0.568500
0.568525
0.570475
0.574000
0.574250
0.583400
0.593700
0.597000
0.604275
0.604400
0.605150
0.609250
0.611125
0.611300
0.622400
0.623050
0.623325
0.623575
0.624025
0.631975
0.647725
0.661000
0.661500
0.673475
0.676125
0.678050
0.680525
0.682500
0.687650
0.691850
0.693475
0.696525
0.714425
0.717200
0.723275
0.734350
0.736350
0.739225
0.739450
0.744975
0.746650
0.760175
0.775175
0.780300
0.782650
0.800675
0.800725
0.804750
0.811275
0.813775
0.815825
0.824200
0.824300
0.824775
0.825600
0.825950
0.833350
0.833900
0.834475
0.836150
0.846750
0.847700
0.852525
0.865425
0.881475
0.884600
0.917050
0.919350
0.920600
0.929600
0.940400
0.941050
0.942025
0.945825
0.971650
0.976125
0.983250
0.995025
0.999575
1.000325
1.010050
1.021050
1.032725
1.050675
1.072100
1.077425
1.079825
1.080175
1.090225
1.097225
1.100050
1.113175
1.123525
1.124550
1.130900
1.132450
1.138975
1.145025
1.145800
1.149775
1.162350
1.179350
1.202325
1.205975
1.217275
1.219050
1.223750
1.231850
1.242275
1.246500
1.257100
1.257825
1.277075
1.291100
1.323750
1.332775
1.336175
1.405550
1.427925
1.462875
1.482925
1.495800
1.497375
1.511375
1.600575
1.618525
1.749400
1.754550
1.851025
1.918400
2.019325
2.162900
255
