0.000450
0.008425
0.011750
0.015625
0.016075
0.020925
0.028325
0.031875
0.035100
0.036325
0.036700
0.037400
0.048600
0.062625
0.064725
0.070475
0.074200
0.079550
0.081525
0.089700
0.091700
0.099075
0.099850
0.115725
0.124300
0.133425
0.162475
0.166100
0.166500
0.170400
0.171725
0.172050
0.172850
0.176975
0.181550
0.182800
0.182925
0.182950
0.184750
0.197100
0.213700
0.215425
0.234375
0.234475
0.240475
0.243500
0.248075
0.258250
0.259275
0.260700
0.262250
0.265400
0.269725
0.270050
0.271000
0.271125
0.273900
0.274475
0.275125
0.276425
0.287725
0.290225
0.290350
0.291600
0.292400
0.294925
0.296075
0.296525
0.298075
0.303650
0.305325
0.310400
0.312900
0.317850
0.324450
0.326175
0.336550
0.337350
0.337800
0.341875
0.350675
0.351125
0.351225
0.353525
0.354900
0.365800
0.371850
0.374200
0.374650
0.376000
0.386175
0.389250
0.394425
0.395275
0.400075
0.404250
0.405450
0.411750
0.412850
0.419750
0.427225
0.429425
0.436625
0.437400
0.440900
0.440900
0.444725
0.452950
0.464525
0.466250
0.467875
0.472050
0.473650
0.475475
0.494675
0.502150
0.507600
0.508750
0.517350
0.524250
0.525350
0.526300
0.526375
0.529100
0.538225
0.538800
0.545850
0.547400
0.554725
0.558750
0.559000
0.566200
0.566550
0.577525
0.581850
0.582125
0.589800
0.590425
0.600050
0.606575
0.608300
0.612525
0.624200
0.627200
0.627575
0.631100
0.632100
0.641025
0.646775
0.648825
0.651950
0.657950
0.678275
0.686175
0.702725
0.706875
0.709475
0.710775
0.714050
0.715825
0.717550
0.722075
0.722100
0.725575
0.733750
0.735225
0.743525
0.744275
0.756500
0.763325
0.766675
0.782750
0.798525
0.817325
0.818775
0.820125
0.822250
0.822425
0.830200
0.831800
0.838025
0.845800
0.846425
0.852650
0.861625
0.869025
0.875550
0.892000
0.893475
0.907700
0.920475
0.923325
0.934500
0.940275
0.945275
0.946650
0.947750
0.952325
0.955575
0.964100
0.966950
0.976425
0.977550
0.981325
0.987375
0.988850
0.996150
1.001675
1.012425
1.015500
1.028850
1.044175
1.052450
1.052550
1.070675
1.075100
1.079950
1.101775
1.105975
1.138975
1.147900
1.160000
1.161750
1.171775
1.184900
1.186175
1.188150
1.190800
1.196375
1.220425
1.241075
1.248150
1.255350
1.255975
1.332400
1.349350
1.379350
1.380625
1.397425
1.408550
1.408700
1.430100
1.476200
1.544425
1.606475
1.670375
1.672225
1.696125
1.698825
1.709425
1.774525
1.814225
1.851650
1.903075
1.941275
2.150725
2.423500
257
