0.010250
0.019625
0.020225
0.028775
0.030425
0.032550
0.033650
0.036075
0.037875
0.039100
0.042225
0.050375
0.052525
0.057200
0.057950
0.066900
0.073725
0.078725
0.083675
0.085050
0.086300
0.090700
0.091725
0.092300
0.094850
0.095525
0.097100
0.097700
0.101450
0.103575
0.104000
0.110300
0.118175
0.119050
0.126450
0.129050
0.130200
0.142825
0.147175
0.149825
0.158525
0.159450
0.164150
0.176500
0.179675
0.201050
0.202325
0.210375
0.211650
0.213425
0.215550
0.218225
0.221750
0.224150
0.231200
0.233375
0.243700
0.245175
0.250475
0.258050
0.265875
0.266725
0.270375
0.271275
0.282175
0.285450
0.295175
0.299300
0.300850
0.308875
0.316450
0.319050
0.322525
0.327025
0.338775
0.339425
0.339550
0.340950
0.350400
0.351075
0.355000
0.375750
0.378750
0.383550
0.386525
0.390175
0.392850
0.393900
0.394100
0.396375
0.402075
0.409275
0.410125
0.413450
0.416975
0.421175
0.423525
0.436025
0.441425
0.442800
0.449850
0.450850
0.460925
0.462950
0.468550
0.478450
0.478600
0.484700
0.494350
0.500325
0.504225
0.505775
0.511225
0.519750
0.522150
0.539250
0.539550
0.540925
0.549950
0.553900
0.579100
0.580100
0.591200
0.591200
0.596225
0.599225
0.602425
0.602675
0.604375
0.611475
0.614050
0.614825
0.617100
0.617200
0.618900
0.626500
0.633875
0.639250
0.639625
0.640075
0.641900
0.653525
0.653625
0.654825
0.657475
0.666050
0.673175
0.679150
0.684725
0.685375
0.697700
0.700675
0.701925
0.705475
0.710600
0.711375
0.711600
0.714450
0.724650
0.725550
0.726575
0.731300
0.731450
0.738450
0.742075
0.745550
0.763300
0.785400
0.787425
0.794350
0.795175
0.802325
0.806775
0.814400
0.815425
0.819400
0.822575
0.827450
0.832900
0.833350
0.841125
0.841850
0.849025
0.851000
0.856700
0.861025
0.861750
0.866325
0.869525
0.899750
0.902775
0.920525
0.925800
0.930600
0.932125
0.936550
0.952750
0.961025
0.965100
0.967750
0.983250
1.003950
1.016775
1.019575
1.019950
1.022150
1.027700
1.030200
1.034125
1.046825
1.049250
1.054650
1.055025
1.056175
1.063550
1.081875
1.091225
1.092600
1.093200
1.108450
1.117525
1.126025
1.153450
1.156250
1.163350
1.169175
1.191750
1.208450
1.228250
1.261975
1.276925
1.328400
1.346750
1.379025
1.391575
1.392825
1.396625
1.437425
1.442950
1.448325
1.480500
1.507300
1.516925
1.569050
1.572075
1.581775
1.591225
1.591500
1.591575
1.593400
1.628825
1.750550
1.771625
1.960475
2.201500
2.202000
256
