0.005000
0.011425
0.021575
0.026175
0.031200
0.034025
0.035500
0.035650
0.036325
0.036650
0.041625
0.041825
0.046900
0.049725
0.054600
0.056725
0.067850
0.072050
0.080100
0.092050
0.101750
0.114625
0.116800
0.117575
0.122000
0.130100
0.143850
0.144675
0.147625
0.153975
0.155875
0.157575
0.163575
0.170150
0.176925
0.179000
0.180850
0.181100
0.181375
0.191175
0.199575
0.209375
0.219400
0.225775
0.227350
0.227375
0.230750
0.233600
0.234975
0.237850
0.241125
0.256025
0.256025
0.260650
0.261050
0.283625
0.287350
0.287450
0.288900
0.288975
0.293500
0.296225
0.303300
0.304625
0.305250
0.305950
0.308400
0.310050
0.316750
0.324825
0.327950
0.331250
0.336500
0.338450
0.342875
0.344225
0.347875
0.354800
0.357175
0.367475
0.391750
0.395350
0.396925
0.400125
0.406600
0.408775
0.410700
0.425250
0.433525
0.434550
0.438875
0.439450
0.441450
0.443900
0.444900
0.444950
0.445175
0.445700
0.446825
0.449150
0.451800
0.458925
0.462550
0.464025
0.466125
0.475575
0.476125
0.482450
0.482450
0.486650
0.489075
0.492825
0.494200
0.495850
0.506050
0.518275
0.520725
0.522900
0.523400
0.527925
0.543825
0.544700
0.546425
0.549750
0.553125
0.553550
0.562650
0.570525
0.571675
0.575125
0.576125
0.577250
0.581400
0.582300
0.592575
0.593375
0.606625
0.610650
0.617925
0.626675
0.627225
0.637675
0.638475
0.642000
0.648950
0.651150
0.657025
0.662175
0.673025
0.674775
0.678800
0.679200
0.680650
0.681375
0.687075
0.688925
0.693375
0.699075
0.700700
0.702950
0.703050
0.708025
0.719750
0.722375
0.722550
0.725800
0.749700
0.751925
0.757350
0.758800
0.760050
0.763775
0.764175
0.766100
0.766800
0.779300
0.786900
0.786950
0.789500
0.790625
0.796000
0.797550
0.804600
0.810525
0.816625
0.822825
0.834875
0.845950
0.850675
0.850900
0.856200
0.859175
0.866300
0.878925
0.880575
0.883150
0.883675
0.888475
0.889425
0.898425
0.904300
0.915925
0.927325
0.930025
0.934350
0.939550
0.945500
0.951225
0.951650
0.954125
0.955375
0.955775
0.959750
0.965325
0.966750
0.970925
0.971875
0.976000
1.018250
1.023600
1.043825
1.049175
1.061075
1.066350
1.076375
1.119625
1.127050
1.132000
1.148450
1.164800
1.184750
1.192000
1.215525
1.226175
1.237400
1.274225
1.294900
1.311500
1.353725
1.365575
1.412850
1.447425
1.459125
1.473525
1.477500
1.521700
1.537525
1.573175
1.607150
1.681225
1.754625
1.861625
1.916975
2.002075
2.080450
2.160500
2.232500
2.378200
258
