0.001250
0.002875
0.004000
0.005625
0.017300
0.029700
0.030125
0.038775
0.040425
0.042275
0.046450
0.048925
0.051725
0.056875
0.060250
0.064025
0.068150
0.070100
0.078825
0.087325
0.087650
0.087950
0.090175
0.094825
0.107950
0.108375
0.110750
0.119575
0.122350
0.127075
0.135675
0.139025
0.150525
0.153025
0.160000
0.160775
0.163025
0.167325
0.170350
0.173425
0.176000
0.180275
0.185500
0.188350
0.194875
0.206375
0.207200
0.209675
0.210700
0.212150
0.213200
0.214300
0.217950
0.218275
0.218875
0.225800
0.226775
0.229250
0.230575
0.234275
0.239800
0.241500
0.247825
0.257025
0.261025
0.262100
0.262275
0.263050
0.264400
0.269475
0.270550
0.276400
0.284500
0.287325
0.288750
0.293250
0.300075
0.306050
0.309600
0.313675
0.314725
0.323050
0.323175
0.325975
0.326075
0.348250
0.354975
0.355225
0.364375
0.365600
0.376225
0.381450
0.382750
0.386150
0.395825
0.396325
0.400550
0.403175
0.411275
0.412200
0.419625
0.422275
0.431225
0.431600
0.433675
0.437775
0.438000
0.438650
0.439675
0.444200
0.446425
0.447975
0.461050
0.471300
0.476525
0.480575
0.482700
0.484100
0.487475
0.504825
0.509825
0.521900
0.528650
0.547075
0.549900
0.553400
0.559100
0.566150
0.568050
0.574775
0.575900
0.581475
0.585025
0.585475
0.586775
0.600150
0.606525
0.607550
0.614250
0.622775
0.628325
0.628900
0.630100
0.630125
0.631825
0.637300
0.641250
0.652900
0.654850
0.655475
0.655675
0.663425
0.663825
0.663950
0.665175
0.665900
0.670875
0.678850
0.686450
0.698150
0.702525
0.709775
0.716725
0.721200
0.725200
0.726225
0.729225
0.736625
0.738750
0.748800
0.750650
0.762775
0.763475
0.765450
0.773350
0.777175
0.782425
0.799475
0.802200
0.809100
0.814475
0.825525
0.828450
0.831800
0.832075
0.834350
0.843275
0.851850
0.857675
0.866425
0.867825
0.869700
0.870475
0.870700
0.874325
0.888100
0.891650
0.891700
0.891850
0.901975
0.905000
0.909150
0.913700
0.922075
0.925800
0.928425
0.931300
0.932350
0.933975
0.934825
0.938400
0.945400
0.947375
0.948025
0.959475
0.984150
1.002425
1.005000
1.006550
1.014925
1.019375
1.024250
1.024600
1.040250
1.066875
1.076700
1.082875
1.085850
1.111325
1.111575
1.150525
1.156275
1.173925
1.174025
1.176250
1.207200
1.226175
1.245675
1.253175
1.257300
1.267450
1.286375
1.307200
1.355875
1.371525
1.373775
1.373825
1.383700
1.383700
1.385175
1.389250
1.398425
1.425125
1.434475
1.448850
1.464875
1.483275
1.490000
1.526075
1.571525
1.583600
1.716325
1.717175
1.788800
1.816375
1.816575
1.860725
1.916700
1.940700
2.017800
2.020925
2.021850
2.080900
2.335650
2.396625
275
