0.001625
0.002975
0.017575
0.022350
0.022475
0.025575
0.026300
0.031550
0.035550
0.042900
0.053275
0.056025
0.057350
0.057950
0.065650
0.073725
0.076600
0.077300
0.077800
0.081300
0.081800
0.092725
0.099125
0.100225
0.104350
0.111800
0.117325
0.118875
0.119425
0.120800
0.128600
0.130050
0.139275
0.142425
0.155750
0.156250
0.157125
0.162325
0.163200
0.168850
0.172725
0.179875
0.183625
0.193400
0.193675
0.197250
0.201225
0.216500
0.219725
0.229975
0.231000
0.236850
0.244225
0.245400
0.246475
0.246825
0.250375
0.253450
0.255350
0.255450
0.256925
0.259700
0.280475
0.285100
0.285200
0.293125
0.294200
0.295975
0.298300
0.304950
0.312675
0.318650
0.319150
0.323675
0.328725
0.331575
0.333475
0.338175
0.341350
0.342325
0.343850
0.347825
0.351875
0.354225
0.366650
0.369025
0.373325
0.378600
0.379075
0.388025
0.393550
0.394875
0.396875
0.397475
0.397925
0.402625
0.404475
0.407775
0.410775
0.419650
0.420825
0.424975
0.427100
0.437125
0.437525
0.440050
0.441775
0.443025
0.444850
0.446900
0.447575
0.450600
0.457425
0.472750
0.474600
0.479475
0.481725
0.489275
0.497350
0.503625
0.515875
0.524650
0.526975
0.531250
0.531925
0.533700
0.537600
0.538425
0.540725
0.547700
0.549525
0.552375
0.553600
0.560675
0.566675
0.567475
0.570325
0.577500
0.577900
0.581350
0.595600
0.602750
0.615375
0.623525
0.630125
0.631250
0.649175
0.650750
0.659150
0.662125
0.664975
0.683575
0.684800
0.685525
0.687225
0.687925
0.697625
0.698400
0.698700
0.700475
0.711900
0.712475
0.716525
0.721775
0.724500
0.731650
0.734025
0.748675
0.752575
0.754525
0.757050
0.758125
0.766325
0.775575
0.775800
0.776075
0.782200
0.791425
0.795725
0.798650
0.802025
0.802825
0.809375
0.829850
0.833000
0.834475
0.838175
0.849100
0.859125
0.859350
0.863100
0.869900
0.880400
0.882575
0.908225
0.909200
0.918250
0.926500
0.955625
0.959250
0.974475
0.982350
0.988125
1.012375
1.017350
1.020050
1.026225
1.033425
1.034525
1.034975
1.052050
1.058625
1.060850
1.070100
1.090125
1.103775
1.121825
1.128450
1.138850
1.195975
1.217150
1.218525
1.226675
1.246350
1.253125
1.263350
1.266525
1.297850
1.320125
1.333225
1.343675
1.383425
1.385725
1.397750
1.414150
1.590075
1.683975
1.740175
1.956150
239
