0.005375
0.006550
0.007300
0.008025
0.017625
0.021275
0.027900
0.035475
0.037875
0.043350
0.046000
0.046175
0.046300
0.048375
0.059200
0.059925
0.060750
0.060975
0.061175
0.065475
0.071500
0.073000
0.075725
0.087925
0.091925
0.099475
0.100775
0.107850
0.107950
0.112175
0.113600
0.114900
0.128800
0.132700
0.138800
0.140675
0.144825
0.151625
0.157100
0.159150
0.159375
0.160900
0.165525
0.165625
0.166550
0.167200
0.177000
0.177750
0.180100
0.189775
0.194075
0.204600
0.205625
0.207100
0.212600
0.213275
0.215550
0.224150
0.234700
0.240325
0.243550
0.243925
0.254575
0.256175
0.264525
0.268025
0.268750
0.268900
0.276725
0.283950
0.286100
0.300950
0.301350
0.307225
0.310775
0.312100
0.316950
0.322275
0.322875
0.325000
0.327625
0.328175
0.333425
0.335075
0.335625
0.345075
0.356050
0.363850
0.366250
0.369625
0.382350
0.382975
0.390125
0.396375
0.398125
0.402250
0.416925
0.427700
0.432050
0.440150
0.443125
0.454175
0.468725
0.469950
0.477175
0.479300
0.480725
0.484075
0.487525
0.492100
0.505325
0.511650
0.531100
0.531475
0.536900
0.539525
0.545975
0.549625
0.554125
0.556050
0.560150
0.560900
0.564300
0.574325
0.575600
0.594875
0.596575
0.607925
0.620050
0.620775
0.625700
0.632175
0.635850
0.638375
0.638375
0.641000
0.645000
0.647175
0.651675
0.656900
0.665525
0.668525
0.669475
0.670425
0.692825
0.694150
0.699625
0.705625
0.713150
0.714350
0.719150
0.722300
0.729125
0.733625
0.742075
0.745700
0.748775
0.753575
0.754125
0.758050
0.758875
0.764675
0.764950
0.767850
0.770525
0.771350
0.772650
0.779725
0.811250
0.822150
0.822875
0.823375
0.831000
0.835050
0.836125
0.837650
0.840650
0.848050
0.852200
0.852775
0.858300
0.869725
0.906725
0.907350
0.909200
0.911500
0.915575
0.923875
0.928300
0.930250
0.930625
0.931000
0.936925
0.948925
0.969475
0.974325
0.978225
0.978300
0.999825
1.025425
1.027575
1.045775
1.046125
1.071650
1.078950
1.092675
1.103200
1.112650
1.124450
1.138200
1.152850
1.191325
1.201075
1.208325
1.224025
1.227100
1.235800
1.246125
1.280500
1.280850
1.376125
1.391200
1.392300
1.418975
1.434175
1.466425
1.489375
1.500250
1.552075
1.644100
1.705450
1.937225
1.953325
2.044225
2.173200
2.452100
236
