0.000425
0.008975
0.010675
0.011325
0.020450
0.021475
0.024800
0.029225
0.032850
0.035275
0.049975
0.051900
0.057850
0.059925
0.062850
0.065100
0.065100
0.066300
0.069975
0.075125
0.095600
0.096100
0.098625
0.101750
0.104750
0.115050
0.120200
0.122100
0.124225
0.128550
0.129225
0.133000
0.134625
0.136325
0.136375
0.138025
0.145275
0.147475
0.147725
0.150300
0.150725
0.158075
0.159375
0.163550
0.166025
0.177175
0.177625
0.178075
0.184575
0.186075
0.189150
0.190375
0.190575
0.190825
0.202625
0.202725
0.207500
0.215300
0.218150
0.224400
0.241600
0.242800
0.247375
0.257475
0.266750
0.280575
0.281675
0.288025
0.298850
0.302050
0.317225
0.319150
0.332925
0.340175
0.353575
0.361025
0.366000
0.366650
0.369650
0.372225
0.373850
0.374025
0.377775
0.382975
0.389675
0.390025
0.390575
0.390725
0.391000
0.396825
0.406875
0.412225
0.416950
0.420925
0.421025
0.446000
0.447425
0.453325
0.457825
0.458050
0.458300
0.459675
0.465700
0.469900
0.472550
0.475025
0.476650
0.478450
0.503050
0.510525
0.511775
0.516300
0.525000
0.538500
0.550775
0.551975
0.555350
0.559950
0.560500
0.565225
0.566150
0.569300
0.585725
0.590200
0.595475
0.596225
0.597600
0.598500
0.610550
0.615575
0.624700
0.633075
0.634475
0.635925
0.646050
0.647950
0.652075
0.652550
0.654350
0.655200
0.657300
0.658450
0.658675
0.664100
0.667225
0.667650
0.669825
0.673100
0.677050
0.678200
0.679750
0.681975
0.682525
0.682925
0.687550
0.689000
0.693800
0.700925
0.702475
0.706025
0.707400
0.708550
0.712650
0.718800
0.726975
0.734150
0.737225
0.738250
0.741450
0.742200
0.743825
0.751300
0.751675
0.752375
0.754925
0.757450
0.763150
0.766275
0.778125
0.778850
0.779775
0.790475
0.799700
0.803425
0.810800
0.821450
0.824850
0.827625
0.833775
0.838000
0.846900
0.847500
0.858675
0.859000
0.874950
0.895425
0.904400
0.912450
0.919975
0.920750
0.923325
0.929325
0.930400
0.954350
0.957500
0.964875
0.966700
0.982400
0.991650
0.994175
0.998175
1.013475
1.015225
1.017125
1.024575
1.024825
1.026350
1.053875
1.066250
1.071525
1.092075
1.095075
1.098600
1.098950
1.098975
1.104175
1.115575
1.128025
1.136125
1.160900
1.164500
1.228275
1.231425
1.239425
1.250200
1.259675
1.264300
1.278000
1.278675
1.295250
1.315900
1.329525
1.334650
1.335300
1.393275
1.423625
1.442700
1.496150
1.510325
1.583975
1.638475
1.778775
1.779550
1.928575
1.990600
2.009500
2.107775
2.169400
2.362775
2.413250
260
