0.000150
0.005300
0.005700
0.006575
0.006900
0.007175
0.008200
0.010750
0.017150
0.021350
0.022000
0.024625
0.049975
0.062425
0.065825
0.069625
0.077725
0.079100
0.083400
0.090575
0.093400
0.096450
0.100700
0.103250
0.103500
0.116125
0.122375
0.123350
0.124925
0.127675
0.136825
0.137125
0.142675
0.145975
0.149325
0.153900
0.165850
0.173075
0.174325
0.179225
0.185150
0.193975
0.195725
0.206025
0.206300
0.216850
0.218700
0.219325
0.220075
0.220850
0.225600
0.230350
0.230375
0.231325
0.231475
0.238875
0.247125
0.255525
0.266175
0.272050
0.280950
0.284625
0.284850
0.293575
0.298100
0.298300
0.302375
0.307150
0.309975
0.311050
0.317525
0.321925
0.324125
0.327075
0.327400
0.329950
0.333525
0.337225
0.339150
0.340550
0.340700
0.341650
0.345575
0.351075
0.376250
0.378650
0.378925
0.381300
0.385875
0.388700
0.404525
0.419150
0.421675
0.427325
0.438700
0.439975
0.444375
0.450750
0.459650
0.463025
0.463200
0.463800
0.472550
0.477600
0.482850
0.488700
0.496975
0.498625
0.505875
0.512825
0.512875
0.518675
0.522300
0.527100
0.527375
0.530875
0.532100
0.537750
0.537775
0.538350
0.545150
0.552775
0.553125
0.561225
0.563175
0.564425
0.566075
0.566525
0.578625
0.583875
0.589800
0.592675
0.596500
0.598225
0.607275
0.612875
0.618800
0.620650
0.623525
0.623850
0.630950
0.642200
0.644925
0.650500
0.661900
0.666650
0.676800
0.681225
0.688350
0.689925
0.697250
0.701500
0.703050
0.703250
0.706800
0.707175
0.710000
0.716750
0.718450
0.719075
0.731575
0.735700
0.743225
0.744725
0.748475
0.751100
0.757075
0.757425
0.761125
0.762600
0.775750
0.785850
0.792300
0.795425
0.795475
0.799550
0.800125
0.815325
0.844125
0.844600
0.853175
0.853425
0.861325
0.862775
0.864875
0.867175
0.870600
0.874150
0.876650
0.879125
0.880925
0.892450
0.893675
0.901675
0.911825
0.920275
0.920400
0.925125
0.946575
0.953575
0.962775
0.970675
0.980025
0.987225
0.994650
1.002750
1.003100
1.005400
1.009375
1.019575
1.026100
1.032300
1.048775
1.053100
1.074075
1.081500
1.093425
1.099850
1.107650
1.134325
1.141275
1.147350
1.151775
1.152775
1.164700
1.203875
1.205175
1.212900
1.274875
1.297075
1.323300
1.326525
1.424650
1.425625
1.451025
1.451875
1.476000
1.489200
1.575250
1.690625
1.696350
1.726675
1.788975
1.794900
1.845450
1.868000
1.928425
2.063750
2.272225
2.368100
250
