0.004175
0.005350
0.011325
0.013150
0.013650
0.014900
0.022075
0.022575
0.024150
0.026825
0.029275
0.029875
0.035900
0.042400
0.044550
0.048875
0.051125
0.057750
0.069275
0.071250
0.071500
0.076525
0.085425
0.089575
0.090000
0.090075
0.098575
0.099950
0.110250
0.116400
0.117175
0.122725
0.125200
0.131825
0.143000
0.144950
0.156075
0.157400
0.158425
0.160200
0.161500
0.173950
0.176375
0.191950
0.197200
0.212800
0.214275
0.214300
0.214325
0.218225
0.223125
0.228275
0.231225
0.240900
0.245900
0.246900
0.250300
0.252400
0.254600
0.261900
0.284150
0.288775
0.294550
0.323450
0.333700
0.336775
0.342500
0.343900
0.346625
0.352900
0.354125
0.359050
0.362350
0.367000
0.368275
0.371225
0.374025
0.377850
0.380950
0.383525
0.387325
0.388175
0.395900
0.398525
0.400325
0.400600
0.418300
0.433950
0.444175
0.445925
0.446875
0.449625
0.455100
0.455350
0.458850
0.467850
0.470000
0.470525
0.477800
0.478525
0.480625
0.485250
0.487275
0.490275
0.490975
0.492200
0.501950
0.502250
0.505550
0.511425
0.513850
0.516800
0.517975
0.521050
0.529000
0.532775
0.535950
0.548450
0.549250
0.549875
0.551550
0.551700
0.551900
0.553625
0.554650
0.558325
0.566250
0.576875
0.578175
0.581925
0.583700
0.586450
0.586825
0.587625
0.587950
0.588150
0.594650
0.596800
0.600475
0.601250
0.603650
0.613100
0.613625
0.618950
0.627100
0.628075
0.633575
0.634375
0.637425
0.639400
0.639975
0.640800
0.641975
0.649000
0.651175
0.652000
0.655900
0.661025
0.669950
0.670350
0.671700
0.671725
0.672000
0.688750
0.691100
0.691250
0.696525
0.696575
0.701300
0.703825
0.705200
0.706150
0.709500
0.710575
0.717200
0.722650
0.724225
0.729200
0.734375
0.735025
0.737500
0.740225
0.741650
0.742250
0.743300
0.745025
0.753675
0.753700
0.765775
0.770525
0.781750
0.782975
0.783550
0.784500
0.788050
0.794075
0.796725
0.798700
0.803350
0.810425
0.813600
0.815225
0.823000
0.827350
0.827575
0.836600
0.837500
0.838450
0.854850
0.858025
0.858725
0.864025
0.867950
0.873300
0.893500
0.904250
0.911375
0.914375
0.914825
0.932425
0.933925
0.942625
0.948450
0.951050
0.956625
0.961850
0.973250
0.974300
0.986300
0.988725
0.999225
0.999975
1.003650
1.006575
1.008100
1.010025
1.015400
1.026275
1.027000
1.033175
1.038525
1.060600
1.070500
1.101425
1.108625
1.119075
1.150250
1.150275
1.151350
1.155150
1.156425
1.156700
1.157800
1.161550
1.161850
1.169025
1.170850
1.174450
1.188700
1.195825
1.222450
1.227900
1.247425
1.294350
1.309375
1.317500
1.333050
1.495375
1.495850
1.501400
1.537125
1.556125
1.565900
1.586875
1.631325
1.637150
1.652450
1.822575
1.945675
1.946700
1.996650
2.307750
282
