0.006900
0.008175
0.010650
0.017050
0.019850
0.021125
0.021600
0.030350
0.038825
0.044850
0.045125
0.048525
0.051500
0.053200
0.070200
0.076525
0.077050
0.080675
0.080825
0.086675
0.087325
0.093475
0.104175
0.118250
0.122175
0.122625
0.124350
0.128225
0.137525
0.152300
0.157350
0.161875
0.168850
0.192925
0.196850
0.204825
0.209625
0.215300
0.224600
0.231075
0.231200
0.235775
0.237225
0.246500
0.250225
0.254575
0.254925
0.255425
0.256275
0.256500
0.272950
0.285200
0.286975
0.288275
0.292825
0.306575
0.316525
0.318975
0.321700
0.325800
0.327500
0.327850
0.328450
0.335125
0.340725
0.342600
0.344500
0.353475
0.359600
0.365025
0.366225
0.368350
0.371225
0.378775
0.381600
0.383275
0.386475
0.387900
0.389425
0.392175
0.393175
0.393325
0.395775
0.402925
0.404225
0.414500
0.418800
0.421600
0.427900
0.431875
0.434050
0.441550
0.452425
0.483550
0.484800
0.488200
0.492650
0.504700
0.507650
0.508550
0.511300
0.512625
0.514400
0.519650
0.525950
0.529525
0.531550
0.536675
0.539275
0.540575
0.542075
0.545275
0.545950
0.547825
0.553200
0.558425
0.558650
0.568200
0.569325
0.573300
0.573675
0.574950
0.578775
0.579825
0.582175
0.587900
0.596725
0.597675
0.614625
0.624625
0.626825
0.642650
0.646425
0.654425
0.657650
0.660625
0.666125
0.666375
0.670350
0.672050
0.677425
0.679100
0.679725
0.682250
0.684325
0.692650
0.696325
0.705800
0.717725
0.726625
0.727475
0.727850
0.730575
0.731275
0.735350
0.736500
0.737050
0.737300
0.739300
0.742850
0.750200
0.760575
0.761650
0.765050
0.765325
0.767400
0.775375
0.782350
0.784500
0.788500
0.797175
0.798350
0.812025
0.815950
0.831350
0.840375
0.846200
0.846625
0.847475
0.855750
0.856900
0.861900
0.861975
0.867100
0.871100
0.874175
0.874300
0.874500
0.878950
0.886950
0.894875
0.896875
0.903400
0.908725
0.922750
0.923400
0.925375
0.934775
0.943650
0.946050
0.964400
0.966450
0.966950
0.970975
0.987325
0.995375
1.005150
1.010925
1.023025
1.026075
1.040850
1.067050
1.073550
1.139200
1.154075
1.157425
1.162550
1.166625
1.173650
1.184750
1.215825
1.226700
1.237050
1.243125
1.271250
1.275475
1.304125
1.311025
1.332975
1.367200
1.394600
1.419975
1.432200
1.457125
1.462400
1.482200
1.512375
1.559575
1.586800
1.606750
1.616700
1.617975
1.637825
1.684100
1.712475
1.719775
1.738350
1.789875
1.872850
1.880350
1.970100
2.004425
2.102550
2.182975
2.200875
2.338650
2.397050
257
