0.001550
0.007625
0.008125
0.016625
0.031500
0.031550
0.033350
0.043775
0.047925
0.049675
0.051875
0.055550
0.057700
0.059375
0.059825
0.069850
0.081900
0.091475
0.094625
0.096275
0.114975
0.122550
0.129750
0.130850
0.138850
0.155775
0.163400
0.163950
0.175000
0.179925
0.182475
0.188600
0.189300
0.192700
0.204025
0.205850
0.210350
0.210475
0.212200
0.215400
0.226750
0.243900
0.257800
0.259300
0.259875
0.271250
0.274825
0.279825
0.280800
0.281175
0.285650
0.286950
0.293800
0.298075
0.299750
0.303825
0.304050
0.304650
0.308275
0.314475
0.316750
0.316950
0.320225
0.327500
0.331700
0.331750
0.336825
0.349250
0.349400
0.350300
0.354575
0.357225
0.360675
0.362625
0.364375
0.378300
0.380525
0.391725
0.409175
0.415725
0.416725
0.417275
0.422025
0.423300
0.434675
0.436700
0.441375
0.446675
0.448400
0.454400
0.463300
0.487400
0.489500
0.492000
0.498000
0.499950
0.503175
0.506675
0.511275
0.516150
0.516600
0.516825
0.522100
0.529250
0.532025
0.538700
0.539400
0.541425
0.546350
0.548250
0.548400
0.553700
0.556625
0.565650
0.570175
0.570550
0.573175
0.584250
0.585450
0.587600
0.591875
0.592175
0.597750
0.607425
0.611700
0.613275
0.617875
0.618225
0.619200
0.620375
0.627125
0.628425
0.644100
0.647450
0.650350
0.651575
0.652225
0.656425
0.656925
0.660725
0.661175
0.671200
0.671500
0.671750
0.678500
0.682200
0.685800
0.687300
0.690000
0.693025
0.696225
0.698500
0.705150
0.705325
0.709175
0.710900
0.718450
0.722700
0.725300
0.729325
0.729925
0.737925
0.747075
0.762450
0.762750
0.763725
0.764750
0.771600
0.785625
0.799000
0.804750
0.824975
0.827350
0.831550
0.834000
0.835850
0.838575
0.843875
0.857725
0.860075
0.863050
0.864400
0.870925
0.877050
0.881725
0.886725
0.897075
0.903600
0.905325
0.910075
0.923475
0.927250
0.934250
0.942425
0.944075
0.956025
0.960875
0.965375
0.981100
0.982900
0.999950
1.002000
1.015600
1.043350
1.044750
1.050100
1.056125
1.106100
1.118350
1.127000
1.129525
1.140125
1.182075
1.182550
1.209550
1.210600
1.212300
1.215000
1.215850
1.238575
1.257900
1.286000
1.315375
1.320725
1.321300
1.334825
1.344450
1.350600
1.369975
1.373125
1.407400
1.439525
1.449650
1.450725
1.480550
1.485175
1.500875
1.518425
1.547475
1.606175
1.613700
1.615400
1.624325
1.633050
1.726400
1.760350
1.761025
1.814900
1.853225
1.979075
2.196750
2.445025
252
