0.000025
0.000150
0.002925
0.004500
0.005175
0.006900
0.008750
0.021175
0.040850
0.047700
0.051600
0.057775
0.060200
0.060925
0.060925
0.073150
0.075600
0.084950
0.086225
0.095875
0.104825
0.105350
0.106025
0.109100
0.109500
0.114650
0.129725
0.134050
0.136075
0.139700
0.140450
0.140625
0.148000
0.159350
0.162425
0.166125
0.167625
0.167800
0.177075
0.181250
0.187525
0.190700
0.193125
0.199075
0.204575
0.207425
0.211675
0.211850
0.225200
0.228075
0.230550
0.242800
0.261300
0.261950
0.264225
0.268900
0.270750
0.271375
0.271950
0.272925
0.284225
0.285950
0.287400
0.291775
0.294900
0.295750
0.299275
0.309050
0.309100
0.325500
0.329900
0.330375
0.334900
0.338650
0.343050
0.344225
0.354225
0.356375
0.366625
0.369725
0.370025
0.372475
0.373250
0.389150
0.401875
0.410950
0.415825
0.419550
0.419600
0.426925
0.435425
0.435550
0.435975
0.438950
0.447425
0.457675
0.460450
0.460675
0.461650
0.466175
0.485050
0.486825
0.487325
0.491075
0.496900
0.512075
0.525425
0.531950
0.549750
0.556650
0.557250
0.558525
0.564425
0.574300
0.575200
0.575575
0.580775
0.581350
0.582925
0.585875
0.586150
0.588050
0.591875
0.595300
0.596225
0.598050
0.606600
0.610800
0.620175
0.624550
0.630350
0.633225
0.637550
0.646025
0.652600
0.659275
0.660250
0.663225
0.671250
0.673475
0.676475
0.680175
0.682800
0.686925
0.688850
0.689825
0.691650
0.693550
0.699250
0.700875
0.702050
0.705175
0.715700
0.717425
0.718425
0.724650
0.727950
0.728925
0.737775
0.737800
0.743700
0.747775
0.748550
0.752950
0.757750
0.759000
0.762125
0.763525
0.765925
0.774450
0.776525
0.782475
0.790725
0.791525
0.808475
0.820200
0.824250
0.829275
0.829650
0.831575
0.836500
0.836650
0.850800
0.862650
0.869325
0.871350
0.873875
0.897400
0.913450
0.914925
0.922350
0.923875
0.930075
0.932225
0.934825
0.935250
0.949025
0.954900
0.955575
0.959275
0.962625
0.970500
0.982950
0.984825
1.006150
1.014975
1.032350
1.034725
1.037325
1.038675
1.051775
1.060300
1.061675
1.062625
1.085075
1.098150
1.099575
1.109350
1.112425
1.120775
1.131850
1.146725
1.178100
1.184975
1.193225
1.236950
1.255950
1.272675
1.280125
1.301150
1.346675
1.356050
1.387725
1.470250
1.483100
1.504675
1.512150
1.524425
1.536675
1.571325
1.598125
1.620425
1.660550
1.764725
1.964950
2.021875
2.030150
2.064325
2.254675
2.303825
250
