0.002625
0.005575
0.009700
0.010825
0.015250
0.017275
0.026100
0.030400
0.031375
0.036900
0.037675
0.045675
0.046900
0.050850
0.058250
0.059925
0.062050
0.064275
0.065300
0.067525
0.070650
0.085950
0.087500
0.090600
0.101250
0.104050
0.107450
0.110025
0.110025
0.115000
0.121725
0.125500
0.131650
0.133975
0.134025
0.135700
0.138875
0.140775
0.143875
0.144300
0.159325
0.160900
0.162525
0.163200
0.166100
0.167300
0.167750
0.170975
0.174450
0.179050
0.179800
0.187375
0.197375
0.197375
0.202175
0.206500
0.211075
0.217950
0.229425
0.229575
0.230975
0.237250
0.244325
0.250075
0.253250
0.256150
0.271575
0.279625
0.286425
0.288150
0.293725
0.293950
0.297675
0.299550
0.301250
0.303075
0.304300
0.305100
0.305525
0.312125
0.325225
0.331700
0.335250
0.339500
0.344625
0.345750
0.348300
0.351275
0.353325
0.354550
0.354575
0.356775
0.364850
0.367650
0.369025
0.370575
0.371300
0.373475
0.377975
0.378175
0.378875
0.380425
0.387700
0.388775
0.395175
0.399225
0.406725
0.409975
0.411925
0.413450
0.413625
0.417525
0.422575
0.426050
0.429100
0.433075
0.437875
0.441275
0.442875
0.445525
0.453900
0.456050
0.461450
0.463475
0.463500
0.463900
0.465075
0.468400
0.474325
0.478875
0.482575
0.504125
0.525825
0.534700
0.551650
0.553225
0.553600
0.554575
0.558775
0.570325
0.572325
0.573675
0.575425
0.579150
0.580725
0.583375
0.584650
0.591125
0.591425
0.591850
0.592175
0.596225
0.610325
0.613950
0.617075
0.619975
0.621650
0.623875
0.627950
0.628650
0.629975
0.634100
0.635550
0.648675
0.649800
0.650350
0.651875
0.653600
0.654550
0.654775
0.658200
0.658450
0.665800
0.671350
0.676575
0.676600
0.679950
0.682700
0.696325
0.707875
0.715575
0.721400
0.728675
0.730600
0.732750
0.738425
0.750550
0.753225
0.763425
0.764800
0.768650
0.768750
0.775225
0.775350
0.785275
0.792175
0.793450
0.812600
0.813300
0.815600
0.816125
0.824400
0.833150
0.833500
0.839775
0.840200
0.841700
0.843600
0.845400
0.846775
0.853850
0.857975
0.869475
0.871350
0.874025
0.879675
0.891350
0.895700
0.897500
0.897925
0.904650
0.920925
0.921750
0.941500
0.952325
0.972950
0.974525
0.977225
0.979975
0.999625
1.015025
1.015525
1.017800
1.025150
1.029475
1.030150
1.036025
1.038300
1.038800
1.044350
1.050650
1.051475
1.058750
1.059700
1.071400
1.072875
1.087775
1.109775
1.125700
1.147250
1.151175
1.168000
1.169475
1.171425
1.173700
1.197600
1.198400
1.198450
1.198800
1.199500
1.202175
1.206450
1.220700
1.237075
1.253300
1.295650
1.306400
1.320425
1.321325
1.334300
1.354225
1.366150
1.426100
1.495575
1.517175
1.542925
1.544975
1.735250
1.772900
1.774700
1.852950
1.879825
1.914500
1.963025
2.028450
2.039700
2.098425
2.472575
288
