0.002825
0.005700
0.005975
0.011550
0.012625
0.015025
0.015975
0.018150
0.020675
0.029600
0.031150
0.036825
0.039675
0.040525
0.051200
0.053075
0.056375
0.066750
0.072100
0.074875
0.076775
0.082075
0.085150
0.086400
0.087000
0.088200
0.090525
0.100500
0.102900
0.115750
0.116025
0.120225
0.129975
0.134075
0.134775
0.138450
0.145700
0.147525
0.149325
0.158150
0.160250
0.164125
0.168450
0.171900
0.175400
0.176000
0.176425
0.185300
0.187300
0.207200
0.209125
0.209275
0.223200
0.231075
0.234150
0.236350
0.237275
0.239175
0.240325
0.245950
0.255225
0.260350
0.263525
0.264125
0.268750
0.275125
0.283475
0.283575
0.285250
0.296425
0.299625
0.304225
0.318775
0.322500
0.329250
0.335550
0.340900
0.341575
0.345825
0.347025
0.349150
0.350150
0.354300
0.357450
0.363000
0.367400
0.372100
0.373675
0.375425
0.380325
0.380775
0.391575
0.391950
0.392750
0.395050
0.397500
0.402150
0.415425
0.420600
0.420700
0.423650
0.434450
0.435600
0.435925
0.442275
0.444475
0.444700
0.447825
0.448800
0.451875
0.455000
0.455125
0.459875
0.465500
0.474325
0.486800
0.488875
0.495075
0.495550
0.496025
0.496975
0.499575
0.500175
0.501025
0.502500
0.505450
0.509450
0.516125
0.516275
0.518175
0.523525
0.529025
0.532625
0.534875
0.537725
0.538900
0.542075
0.555775
0.556450
0.558275
0.562900
0.570250
0.575400
0.577600
0.580675
0.581200
0.582750
0.582925
0.594300
0.595950
0.597825
0.601250
0.601700
0.601875
0.602925
0.604075
0.607850
0.610775
0.612775
0.613700
0.622500
0.622650
0.625700
0.626800
0.627950
0.628025
0.632700
0.637350
0.641275
0.645800
0.652400
0.672625
0.672825
0.676275
0.680875
0.689275
0.689675
0.695400
0.695550
0.696400
0.699325
0.700100
0.703850
0.706375
0.723875
0.725100
0.725350
0.727925
0.731700
0.732425
0.740525
0.743575
0.746825
0.749775
0.753000
0.759425
0.765325
0.779200
0.789175
0.793000
0.793100
0.798100
0.798575
0.804950
0.816450
0.816725
0.817525
0.825550
0.827300
0.833275
0.839300
0.842100
0.844650
0.851625
0.852000
0.861200
0.862950
0.863925
0.868675
0.876175
0.882025
0.886925
0.889825
0.892400
0.892800
0.908175
0.913350
0.914025
0.923700
0.924800
0.931000
0.931500
0.941575
0.949850
0.949850
0.954300
0.959225
0.969475
0.971750
0.972300
0.976225
1.007800
1.028300
1.035050
1.046700
1.051125
1.055650
1.056600
1.059600
1.060675
1.071250
1.083375
1.084225
1.088950
1.089775
1.096725
1.122300
1.133250
1.135200
1.136375
1.149450
1.170500
1.170825
1.181900
1.189875
1.228850
1.240825
1.257825
1.271400
1.300425
1.301350
1.303325
1.313600
1.316050
1.320525
1.324000
1.328300
1.338825
1.342325
1.345375
1.383650
1.410375
1.428175
1.430800
1.449625
1.509300
1.539550
1.673825
1.736075
1.740975
1.777325
1.874775
2.337200
2.399200
294
