0.012225
0.016400
0.022650
0.025500
0.029150
0.029300
0.029600
0.037050
0.041825
0.045250
0.049700
0.053200
0.070475
0.071200
0.076650
0.077725
0.077825
0.079775
0.082275
0.083025
0.084300
0.087075
0.087975
0.091925
0.092550
0.094250
0.097325
0.098825
0.100525
0.110475
0.111725
0.113025
0.115550
0.116000
0.116275
0.132200
0.133325
0.137850
0.139800
0.141000
0.152450
0.156325
0.157700
0.159800
0.164650
0.176350
0.179125
0.183825
0.193050
0.196650
0.198900
0.204175
0.204625
0.207650
0.212150
0.216425
0.219275
0.226450
0.235125
0.250150
0.253425
0.253925
0.254500
0.254550
0.264325
0.266750
0.282325
0.284450
0.285075
0.287775
0.294725
0.298400
0.298925
0.305675
0.306850
0.318975
0.332850
0.337750
0.338700
0.341250
0.344500
0.349600
0.356025
0.360675
0.360975
0.365725
0.370175
0.372500
0.374600
0.375325
0.376550
0.379325
0.379725
0.382475
0.385100
0.393950
0.399200
0.402400
0.404375
0.407725
0.408750
0.409300
0.429400
0.431125
0.435275
0.441250
0.444950
0.452850
0.454150
0.457250
0.458650
0.465250
0.469125
0.480525
0.482025
0.483600
0.489800
0.497875
0.506150
0.509400
0.513325
0.517675
0.519425
0.532900
0.538925
0.543800
0.557050
0.558825
0.562725
0.566650
0.569200
0.575400
0.583200
0.602975
0.611600
0.616550
0.617550
0.617725
0.620800
0.624850
0.630100
0.633850
0.644275
0.646850
0.649425
0.651350
0.653575
0.660375
0.662375
0.666675
0.670400
0.690925
0.690950
0.691125
0.710050
0.711800
0.714100
0.714725
0.717300
0.723750
0.725600
0.732900
0.734900
0.738350
0.741050
0.754975
0.759225
0.762100
0.773075
0.773950
0.776425
0.778475
0.789100
0.798600
0.799700
0.811075
0.813250
0.822150
0.829025
0.841300
0.841600
0.845175
0.864875
0.867225
0.879550
0.891075
0.908100
0.919925
0.938000
0.948050
0.951375
0.960950
0.965900
0.969450
0.988450
0.996400
1.004450
1.014150
1.042150
1.044850
1.047700
1.050625
1.070525
1.096375
1.097900
1.099525
1.141650
1.145150
1.154250
1.158850
1.164100
1.164525
1.170825
1.179325
1.207100
1.219300
1.257475
1.261450
1.271575
1.284700
1.301300
1.314950
1.357275
1.409750
1.420225
1.426525
1.445150
1.470375
1.548050
1.553975
1.589750
1.668975
1.750350
1.756075
1.784050
1.812425
1.900000
1.902575
1.979325
1.996600
2.131400
2.229425
2.239150
2.364975
2.398550
245
