0.001425
0.003025
0.005800
0.006775
0.007250
0.011900
0.013425
0.019350
0.023425
0.025175
0.027650
0.032025
0.035825
0.049550
0.055050
0.060650
0.061200
0.063575
0.081900
0.088025
0.090350
0.103300
0.106000
0.107625
0.114675
0.124050
0.129475
0.131375
0.140850
0.148300
0.152625
0.157675
0.158825
0.165850
0.169725
0.172575
0.182125
0.186425
0.186750
0.188450
0.189675
0.194775
0.199550
0.202525
0.205375
0.219825
0.220800
0.224625
0.229100
0.235875
0.241300
0.244150
0.248850
0.257150
0.262450
0.268700
0.271150
0.271675
0.271800
0.274825
0.278550
0.283100
0.295175
0.297275
0.304725
0.312875
0.314300
0.315950
0.316075
0.320200
0.324700
0.328100
0.331650
0.334750
0.339300
0.343550
0.350100
0.359675
0.361375
0.361750
0.375050
0.376575
0.379950
0.381475
0.384400
0.389625
0.390675
0.397950
0.401300
0.404575
0.407675
0.409600
0.415600
0.418150
0.418475
0.426925
0.431975
0.433225
0.436450
0.437800
0.443050
0.444050
0.453675
0.468250
0.469000
0.469025
0.478400
0.486875
0.489275
0.522875
0.530025
0.532050
0.532350
0.534900
0.535975
0.540625
0.560250
0.561125
0.569700
0.574275
0.579625
0.586300
0.601875
0.602100
0.602975
0.608225
0.615225
0.619525
0.622950
0.624575
0.627075
0.632225
0.643500
0.644550
0.647275
0.647875
0.650500
0.651175
0.656300
0.661900
0.669600
0.673725
0.674950
0.676350
0.705900
0.710150
0.710300
0.724775
0.726950
0.734250
0.748075
0.750925
0.763025
0.771000
0.771875
0.772775
0.775650
0.778325
0.779575
0.779575
0.782900
0.783425
0.784575
0.786075
0.786650
0.788550
0.788850
0.789150
0.796825
0.797850
0.799150
0.800450
0.806325
0.825000
0.829875
0.830725
0.832375
0.837525
0.840900
0.842650
0.844900
0.855275
0.859900
0.861150
0.864000
0.867725
0.868950
0.870575
0.872525
0.873275
0.888100
0.888200
0.910725
0.914250
0.921625
0.953475
0.955075
0.956475
0.963225
0.969925
0.974825
0.977450
0.978025
0.988675
0.995900
0.996250
0.998050
1.005900
1.008950
1.009400
1.014025
1.014125
1.022550
1.068600
1.110850
1.127575
1.131150
1.156250
1.218675
1.264275
1.264600
1.277600
1.279825
1.280700
1.301925
1.337600
1.348100
1.361925
1.375550
1.403025
1.411000
1.415975
1.485575
1.498575
1.500875
1.509125
1.536925
1.575450
1.679475
1.718975
1.731075
1.782050
1.822700
1.908200
1.919825
2.027975
2.052950
2.148400
2.232700
2.273125
250
