0.001300
0.004050
0.022900
0.037600
0.038000
0.039600
0.039925
0.041700
0.042950
0.044675
0.054025
0.055175
0.061450
0.062300
0.067625
0.068025
0.074350
0.093000
0.093550
0.094950
0.095475
0.098725
0.099450
0.104125
0.112500
0.113075
0.119925
0.120150
0.122075
0.124925
0.128350
0.137000
0.140175
0.141150
0.144250
0.147600
0.158550
0.161550
0.171650
0.180475
0.185775
0.186875
0.188050
0.195175
0.198775
0.200325
0.200425
0.200700
0.201175
0.201850
0.203425
0.208050
0.231100
0.243375
0.255800
0.257425
0.259375
0.259425
0.262225
0.268975
0.271950
0.279675
0.282525
0.282575
0.284500
0.285850
0.294000
0.296525
0.310000
0.310425
0.311925
0.325875
0.327025
0.332925
0.338275
0.341600
0.344500
0.354675
0.370075
0.374175
0.381625
0.382150
0.384850
0.394325
0.398425
0.398975
0.404150
0.405900
0.407300
0.414150
0.415600
0.419050
0.433500
0.447300
0.457325
0.464325
0.468025
0.471375
0.471750
0.478350
0.485350
0.485525
0.497600
0.501100
0.506475
0.513500
0.517125
0.531975
0.532425
0.537700
0.538350
0.538400
0.551025
0.566325
0.567125
0.578450
0.581675
0.584275
0.589500
0.592600
0.593650
0.596225
0.597450
0.608075
0.612600
0.615300
0.623875
0.625950
0.628650
0.636400
0.638900
0.641700
0.648075
0.665175
0.668350
0.675525
0.682550
0.684475
0.684900
0.692225
0.703600
0.705500
0.709875
0.717750
0.719000
0.721275
0.721275
0.722675
0.722925
0.725175
0.726275
0.727625
0.728950
0.733950
0.738450
0.743925
0.744250
0.745525
0.746325
0.754400
0.754675
0.756350
0.769300
0.769975
0.778550
0.781875
0.782075
0.785700
0.793350
0.807125
0.824300
0.828150
0.829425
0.835750
0.851450
0.864900
0.869425
0.871600
0.879825
0.899650
0.903100
0.911525
0.918225
0.921100
0.922300
0.934025
0.940675
0.941325
0.944975
0.952275
0.955800
0.956375
0.959800
0.968550
0.971525
0.983350
0.986975
0.996675
1.001100
1.009325
1.009675
1.014625
1.018225
1.020525
1.020725
1.028700
1.050825
1.057800
1.064175
1.071250
1.073650
1.082950
1.111225
1.116550
1.121025
1.133775
1.135150
1.148100
1.159700
1.167300
1.169925
1.173425
1.178800
1.182700
1.217900
1.218125
1.247050
1.284950
1.285000
1.294200
1.300600
1.304100
1.316900
1.319950
1.334850
1.369550
1.376550
1.436425
1.450150
1.483325
1.504650
1.532500
1.537825
1.549625
1.562225
1.568250
1.632175
1.641500
1.797075
1.813350
1.852325
1.868750
1.889425
1.904075
1.975850
2.073925
2.188025
257
