0.010400
0.010400
0.021475
0.023250
0.032750
0.041850
0.041875
0.041950
0.046525
0.048375
0.048900
0.052775
0.053775
0.063600
0.069850
0.073125
0.076225
0.087250
0.093675
0.104100
0.107400
0.111500
0.112925
0.113575
0.114900
0.132525
0.143300
0.144225
0.148925
0.149675
0.154700
0.156525
0.159650
0.160125
0.166200
0.167425
0.172550
0.173375
0.173900
0.174075
0.178475
0.179875
0.185575
0.185675
0.199625
0.203625
0.220800
0.225750
0.229225
0.237500
0.244000
0.249525
0.253250
0.270025
0.271150
0.277025
0.277575
0.280000
0.280650
0.286725
0.291825
0.299225
0.301375
0.309200
0.310325
0.315950
0.316825
0.316825
0.321675
0.323250
0.324700
0.327425
0.347800
0.355400
0.359725
0.361925
0.385550
0.390200
0.404475
0.410800
0.420625
0.422350
0.423950
0.428575
0.445450
0.452675
0.461100
0.478325
0.478325
0.485225
0.487900
0.490725
0.494300
0.497125
0.500450
0.502425
0.503600
0.503850
0.504225
0.504875
0.514075
0.515400
0.526250
0.534225
0.534975
0.535625
0.541125
0.543950
0.546200
0.546775
0.552050
0.555225
0.566200
0.582975
0.587825
0.602950
0.617675
0.618550
0.621525
0.623475
0.626475
0.628700
0.639025
0.639350
0.649400
0.651875
0.660075
0.663550
0.670175
0.671925
0.673850
0.681425
0.689875
0.690300
0.691325
0.694725
0.700600
0.714325
0.717150
0.720275
0.722500
0.739950
0.742375
0.744475
0.745125
0.752400
0.755600
0.761425
0.762850
0.765975
0.768850
0.786250
0.790800
0.791550
0.801175
0.802975
0.804450
0.805000
0.811700
0.817700
0.817725
0.819950
0.820975
0.834450
0.849125
0.854900
0.857300
0.897550
0.919625
0.944775
0.953650
0.954275
0.969950
0.983325
0.990000
0.991200
0.991375
1.000500
1.002525
1.021300
1.024050
1.031875
1.042025
1.071050
1.074325
1.092650
1.107075
1.109700
1.113100
1.140200
1.141525
1.170300
1.183575
1.199775
1.226575
1.233300
1.241075
1.251025
1.284300
1.292500
1.300175
1.303150
1.315825
1.351625
1.354975
1.379275
1.387125
1.389525
1.438525
1.444525
1.466150
1.479200
1.531400
1.567275
1.584400
1.628025
1.658475
1.693225
1.701075
1.709675
1.731800
1.732875
1.742225
1.752700
1.775025
1.821150
1.825350
1.827300
1.930050
2.134375
2.265325
2.447925
2.460525
233
