0.008175
0.008275
0.020600
0.027050
0.040625
0.042250
0.044625
0.047325
0.051350
0.058800
0.059175
0.063100
0.083650
0.092575
0.093225
0.097525
0.099925
0.100450
0.105200
0.105700
0.106625
0.113550
0.126675
0.138025
0.152850
0.158900
0.161575
0.165275
0.165975
0.171950
0.184850
0.186800
0.188125
0.189425
0.192950
0.203775
0.203850
0.209400
0.221600
0.223925
0.224200
0.225875
0.237850
0.246175
0.250800
0.254800
0.260900
0.261225
0.269175
0.278525
0.284850
0.285200
0.292100
0.300225
0.303775
0.310750
0.311550
0.315275
0.329750
0.339300
0.339425
0.342975
0.353200
0.354475
0.360825
0.369300
0.371975
0.373925
0.379275
0.380625
0.380675
0.394150
0.398000
0.409725
0.421975
0.434275
0.435400
0.439250
0.440650
0.450400
0.451700
0.452325
0.461675
0.462100
0.465875
0.469350
0.476075
0.477700
0.488850
0.489050
0.495775
0.498900
0.501650
0.521300
0.531875
0.534000
0.539300
0.547275
0.553625
0.557400
0.560950
0.565525
0.574475
0.578650
0.579125
0.579675
0.591050
0.591700
0.591875
0.596550
0.610800
0.614225
0.619025
0.619475
0.620900
0.626700
0.628425
0.631825
0.652150
0.656925
0.657925
0.672725
0.675175
0.675725
0.677300
0.680225
0.684200
0.687375
0.688650
0.689400
0.690375
0.693050
0.700350
0.704675
0.705275
0.709625
0.715000
0.718275
0.722525
0.726475
0.730000
0.735800
0.738950
0.740125
0.748125
0.748750
0.749725
0.749775
0.749925
0.754675
0.783050
0.791725
0.792075
0.798750
0.819675
0.836025
0.842775
0.849675
0.858850
0.863475
0.873725
0.878400
0.891925
0.894175
0.895675
0.901475
0.902025
0.907900
0.918600
0.931375
0.947850
0.948775
0.950425
0.973775
0.974200
0.978750
0.979275
0.981500
0.989600
0.991225
0.992225
0.996150
1.009200
1.015650
1.037925
1.051725
1.054050
1.059275
1.062650
1.068975
1.079225
1.090875
1.096200
1.099825
1.117475
1.118025
1.118375
1.120550
1.154350
1.201725
1.274950
1.326425
1.339700
1.404650
1.424150
1.453025
1.521100
1.531000
1.604300
1.654775
1.674325
1.704000
1.745125
1.768750
1.794500
1.806225
1.884325
1.892000
2.011850
2.019700
2.216375
221
