0.005000
0.007775
0.008500
0.010575
0.011325
0.014150
0.016300
0.025075
0.040550
0.050500
0.051525
0.059450
0.060125
0.065750
0.070600
0.073025
0.083200
0.085225
0.085500
0.085875
0.090325
0.090600
0.094600
0.099300
0.101850
0.102975
0.111475
0.111700
0.116625
0.129350
0.131550
0.139125
0.140775
0.151400
0.158500
0.160925
0.162800
0.180250
0.180900
0.181075
0.183300
0.185950
0.191300
0.192325
0.202850
0.202975
0.206300
0.216975
0.220925
0.222700
0.223350
0.235225
0.248275
0.248325
0.250575
0.253575
0.258375
0.266225
0.272225
0.274950
0.275150
0.278750
0.288050
0.288475
0.292400
0.294300
0.297750
0.299050
0.300475
0.319550
0.327325
0.331675
0.335700
0.336900
0.338400
0.340375
0.355925
0.359675
0.365600
0.366800
0.381450
0.381950
0.383675
0.390125
0.402675
0.405625
0.411500
0.412025
0.413625
0.414650
0.420800
0.435025
0.450300
0.452650
0.455225
0.471225
0.471450
0.475850
0.488525
0.488675
0.489650
0.490200
0.494175
0.494400
0.497675
0.498875
0.499475
0.505500
0.507050
0.509350
0.515475
0.528850
0.529800
0.540025
0.541075
0.544150
0.549950
0.552975
0.554375
0.556800
0.560125
0.575525
0.582775
0.594000
0.598500
0.599425
0.601500
0.616725
0.621700
0.625125
0.639200
0.643725
0.649075
0.650175
0.656150
0.661225
0.662475
0.665875
0.666325
0.670875
0.673350
0.679025
0.681450
0.696975
0.697700
0.707800
0.709800
0.713925
0.714800
0.717025
0.724475
0.726100
0.726275
0.730225
0.737500
0.744275
0.745350
0.747575
0.754200
0.761025
0.768050
0.771000
0.772500
0.779100
0.779925
0.782875
0.794275
0.798825
0.800425
0.801825
0.802575
0.807400
0.815575
0.823850
0.831875
0.839675
0.839825
0.844575
0.850050
0.872900
0.909925
0.912875
0.917600
0.923125
0.940300
0.941350
0.942075
0.943925
0.946950
0.970575
0.987400
0.996400
1.005950
1.006300
1.009375
1.017125
1.019550
1.029600
1.031000
1.043850
1.048200
1.063675
1.106850
1.120350
1.136925
1.138500
1.140600
1.146300
1.164000
1.186000
1.188775
1.202150
1.225400
1.247700
1.277150
1.294375
1.296150
1.323350
1.434075
1.492950
1.528225
1.551750
1.573625
1.585350
1.601350
1.679750
1.724425
1.729600
1.806475
1.815125
1.825475
1.860125
1.898875
1.924600
2.176900
2.264725
2.304850
2.351875
2.447775
239
