0.002925
0.008475
0.008850
0.018075
0.034050
0.034975
0.041925
0.042775
0.044450
0.045600
0.050275
0.058400
0.065275
0.068425
0.069525
0.071575
0.073525
0.079350
0.081525
0.084150
0.084275
0.085025
0.088850
0.091875
0.094325
0.096075
0.098075
0.099325
0.101500
0.102575
0.107575
0.108350
0.119000
0.124850
0.125625
0.137875
0.144800
0.144875
0.146625
0.148950
0.150250
0.151975
0.167375
0.170150
0.180725
0.182025
0.183100
0.186900
0.190175
0.192000
0.193450
0.196250
0.196825
0.202350
0.203375
0.205750
0.211525
0.211975
0.213650
0.216825
0.217025
0.220425
0.220425
0.220700
0.224450
0.227325
0.228575
0.232150
0.246600
0.258825
0.262500
0.264125
0.267250
0.272650
0.278775
0.280975
0.282700
0.286900
0.286975
0.291575
0.298500
0.323125
0.329350
0.331825
0.342950
0.343275
0.350700
0.359575
0.363025
0.363475
0.366575
0.373125
0.375750
0.385975
0.395150
0.399550
0.399625
0.403825
0.409725
0.411700
0.424375
0.424575
0.440675
0.453950
0.455950
0.458450
0.461650
0.471050
0.475725
0.476375
0.476425
0.481025
0.482475
0.482825
0.485425
0.495800
0.512050
0.520175
0.521925
0.525700
0.527925
0.529575
0.533225
0.533600
0.543800
0.550825
0.552300
0.566275
0.567275
0.568650
0.569275
0.571250
0.574700
0.580150
0.584750
0.591700
0.608075
0.612875
0.613425
0.623425
0.623575
0.623600
0.629925
0.636975
0.639900
0.640125
0.647850
0.658225
0.663925
0.668375
0.679350
0.681650
0.694775
0.696875
0.697975
0.709875
0.711475
0.717175
0.717575
0.730050
0.733825
0.750325
0.768050
0.777425
0.778675
0.779500
0.783525
0.815300
0.820100
0.832125
0.850850
0.851025
0.861175
0.862100
0.870575
0.875525
0.888100
0.898025
0.898150
0.900500
0.916375
0.917875
0.920750
0.930775
0.932475
0.937300
0.943675
0.955400
0.965075
0.965350
1.002250
1.021925
1.022475
1.033000
1.089450
1.099075
1.104075
1.105900
1.111600
1.126525
1.130000
1.153650
1.154425
1.178100
1.187925
1.197200
1.215525
1.218800
1.242950
1.260100
1.354950
1.412150
1.418525
1.486850
1.491875
1.541650
1.551925
1.571700
1.639225
1.655575
1.776475
1.827450
1.862900
1.878775
1.958025
2.096225
2.147850
2.233150
228
