0.001725
0.004425
0.010925
0.013700
0.015425
0.017025
0.019625
0.024250
0.040225
0.040800
0.042625
0.044850
0.045250
0.048225
0.049000
0.050900
0.058075
0.062350
0.072475
0.073000
0.078300
0.078450
0.083200
0.088750
0.089600
0.092050
0.094050
0.094375
0.096875
0.104400
0.105275
0.111275
0.114600
0.116500
0.123600
0.124775
0.130775
0.134975
0.139850
0.144175
0.145750
0.148325
0.149050
0.175325
0.175625
0.179275
0.183675
0.185850
0.187250
0.190375
0.193150
0.195225
0.196100
0.201850
0.207475
0.214150
0.225075
0.226025
0.235300
0.237400
0.247775
0.248225
0.256675
0.269325
0.273100
0.276025
0.278025
0.278075
0.284850
0.293425
0.294850
0.298250
0.300450
0.307500
0.308150
0.314200
0.337750
0.340975
0.348950
0.350550
0.364200
0.372700
0.386125
0.389825
0.390825
0.393175
0.398650
0.405075
0.408375
0.408875
0.409400
0.409850
0.413925
0.415750
0.416700
0.418150
0.418600
0.422900
0.425625
0.428300
0.429100
0.442325
0.445575
0.450300
0.456200
0.464475
0.470325
0.479725
0.480925
0.490125
0.493575
0.493750
0.496975
0.500750
0.524950
0.525800
0.531950
0.533675
0.537075
0.544650
0.555050
0.558075
0.570450
0.571450
0.571600
0.573175
0.573175
0.583800
0.586400
0.588700
0.589050
0.591050
0.592075
0.592800
0.593450
0.596725
0.600625
0.602275
0.603450
0.604625
0.607775
0.608900
0.613100
0.619700
0.621775
0.636300
0.639825
0.650175
0.653075
0.655275
0.657775
0.666900
0.667125
0.668150
0.668450
0.672800
0.674800
0.678325
0.688775
0.690300
0.697550
0.698050
0.699975
0.704575
0.705400
0.718000
0.727600
0.736875
0.737450
0.742800
0.746075
0.772650
0.776975
0.777825
0.782350
0.786700
0.800075
0.802425
0.808550
0.819800
0.821450
0.821475
0.825725
0.829125
0.831200
0.833750
0.835200
0.840850
0.846975
0.855750
0.859675
0.864950
0.867525
0.873600
0.875450
0.882975
0.895300
0.908225
0.923525
0.933675
0.950300
0.958625
0.979075
0.980825
0.983425
0.985575
0.985675
0.986525
0.988875
0.989250
0.990650
0.992100
1.016825
1.018525
1.032750
1.042225
1.051400
1.060300
1.069775
1.071175
1.071275
1.078300
1.087575
1.104225
1.117725
1.137600
1.143700
1.150400
1.177975
1.188925
1.211750
1.239325
1.242975
1.256700
1.382175
1.438750
1.439975
1.494100
1.523275
1.535550
1.574875
1.585675
1.624150
1.644525
1.648300
1.734475
1.775100
1.880050
1.943000
1.945325
1.952225
1.957625
1.968500
1.974125
2.012425
2.124700
2.475150
2.485550
258
