0.000400
0.004925
0.011175
0.015550
0.020675
0.020775
0.020800
0.026150
0.029075
0.035500
0.047350
0.047375
0.048975
0.050400
0.050675
0.053850
0.054825
0.056775
0.069750
0.070100
0.071225
0.074375
0.075375
0.076250
0.078925
0.081450
0.081975
0.090300
0.094875
0.101725
0.105525
0.105800
0.110650
0.126400
0.140525
0.141550
0.141975
0.153400
0.165250
0.165625
0.173800
0.178825
0.179050
0.179175
0.180925
0.187025
0.191600
0.193825
0.194025
0.195825
0.195875
0.196450
0.196750
0.198075
0.200100
0.203000
0.203800
0.207950
0.209200
0.214450
0.214575
0.215325
0.221200
0.222050
0.224825
0.226950
0.245025
0.247100
0.271375
0.274950
0.277775
0.305675
0.308025
0.320550
0.320650
0.323950
0.328450
0.346925
0.348175
0.349250
0.352725
0.356500
0.358400
0.359175
0.362925
0.367950
0.368325
0.370325
0.386000
0.387250
0.393425
0.402625
0.403900
0.409675
0.413850
0.415925
0.417100
0.419325
0.422475
0.424900
0.425350
0.427000
0.427075
0.429125
0.447050
0.448200
0.456075
0.465275
0.473575
0.474750
0.478525
0.486325
0.493725
0.496550
0.497400
0.499100
0.499575
0.505450
0.507450
0.514550
0.514800
0.519175
0.522075
0.526675
0.527550
0.529100
0.533700
0.537250
0.547075
0.549225
0.553425
0.556275
0.561350
0.564650
0.570025
0.617325
0.618875
0.619100
0.619900
0.626925
0.632875
0.633575
0.635625
0.636575
0.644050
0.655275
0.667125
0.667975
0.672100
0.674975
0.685625
0.696200
0.697175
0.706875
0.706950
0.711050
0.712750
0.714550
0.736925
0.745975
0.747775
0.751600
0.755225
0.759525
0.766525
0.767000
0.771975
0.773150
0.773750
0.781575
0.791025
0.796000
0.796250
0.797750
0.800400
0.806625
0.809150
0.817100
0.822225
0.829000
0.832850
0.843025
0.853375
0.871450
0.873575
0.879050
0.883950
0.891925
0.892925
0.904400
0.916700
0.929675
0.932075
0.957550
0.964525
0.971125
0.976050
1.004250
1.012050
1.019000
1.027675
1.030050
1.040300
1.041600
1.048425
1.049650
1.051750
1.063800
1.090600
1.102025
1.148800
1.177550
1.181200
1.201650
1.207475
1.209225
1.225725
1.253650
1.260400
1.289350
1.291100
1.295175
1.343500
1.344525
1.372025
1.403125
1.431800
1.432650
1.445525
1.455275
1.467400
1.505025
1.537350
1.655650
1.688125
1.706950
1.732975
2.034650
2.208475
239
