0.017575
0.023375
0.023450
0.025625
0.027125
0.051525
0.051575
0.052250
0.065800
0.075250
0.076150
0.076875
0.080175
0.081750
0.081825
0.086050
0.087125
0.089150
0.093225
0.096225
0.102075
0.115025
0.116900
0.121150
0.122775
0.125225
0.141475
0.146400
0.146600
0.151700
0.158825
0.169200
0.180925
0.184750
0.188775
0.189450
0.192575
0.193900
0.195300
0.200075
0.202350
0.202575
0.205550
0.208025
0.208225
0.209700
0.222175
0.224150
0.227025
0.236900
0.239200
0.240325
0.242075
0.244200
0.247100
0.249050
0.251075
0.266125
0.273550
0.284000
0.287700
0.288300
0.288425
0.292275
0.295950
0.301400
0.306750
0.308525
0.308750
0.311950
0.317925
0.323500
0.330325
0.335350
0.338150
0.339550
0.345975
0.349525
0.354725
0.354800
0.357100
0.362000
0.367450
0.371650
0.374225
0.376350
0.384425
0.391525
0.404125
0.408575
0.408775
0.414550
0.414800
0.418075
0.421025
0.426200
0.432825
0.437200
0.444600
0.445200
0.477150
0.479400
0.487225
0.489075
0.494400
0.515125
0.516325
0.520625
0.521150
0.524975
0.527025
0.527600
0.530850
0.531825
0.535300
0.537875
0.539400
0.540625
0.541475
0.541900
0.544300
0.554475
0.559400
0.562275
0.564325
0.569700
0.570850
0.574450
0.576725
0.576875
0.577500
0.583800
0.590900
0.604900
0.609825
0.613600
0.617050
0.622650
0.627450
0.627675
0.628475
0.634600
0.644050
0.647650
0.653475
0.664425
0.673825
0.678500
0.684425
0.692800
0.694675
0.711000
0.711725
0.712500
0.715800
0.716675
0.726500
0.728700
0.735675
0.738850
0.739875
0.740400
0.754900
0.762625
0.763050
0.769675
0.771850
0.780875
0.783100
0.784550
0.792775
0.797375
0.813250
0.814925
0.821975
0.823075
0.832875
0.836950
0.848000
0.852775
0.854950
0.858900
0.875575
0.877125
0.877575
0.883000
0.886650
0.896800
0.897025
0.899575
0.899775
0.903175
0.922825
0.923150
0.930325
0.934325
0.964475
0.973225
0.976000
1.007975
1.011850
1.020750
1.024975
1.045350
1.049225
1.050900
1.061400
1.069400
1.077600
1.095650
1.101775
1.132450
1.134200
1.153250
1.170625
1.183800
1.188075
1.213800
1.219450
1.254875
1.288350
1.289275
1.292075
1.311225
1.311375
1.321750
1.325700
1.333275
1.348750
1.353350
1.365550
1.370725
1.421100
1.498975
1.499275
1.513525
1.570800
1.571025
1.582600
1.633825
1.669325
1.712475
1.762550
1.772025
1.818150
1.837500
1.869925
1.935850
2.007950
2.132875
2.251925
2.312525
2.473100
253
