0.003900
0.008575
0.012025
0.016150
0.019375
0.031975
0.041875
0.046750
0.050750
0.051300
0.056500
0.057650
0.067350
0.072275
0.073800
0.074525
0.075800
0.082975
0.088275
0.094225
0.098825
0.104225
0.104475
0.106775
0.108175
0.150250
0.161225
0.169950
0.183175
0.191525
0.193000
0.196425
0.210675
0.211750
0.218775
0.220125
0.223800
0.226525
0.231200
0.231325
0.240875
0.241550
0.241800
0.258975
0.261950
0.264750
0.265800
0.266575
0.273675
0.281500
0.282625
0.284525
0.288825
0.291300
0.295775
0.306175
0.307375
0.312625
0.312800
0.314175
0.314850
0.317225
0.325100
0.338450
0.340525
0.341200
0.344175
0.351675
0.365175
0.368650
0.374700
0.376025
0.384825
0.393325
0.397350
0.404450
0.412325
0.412750
0.423075
0.431100
0.433525
0.438275
0.473400
0.474250
0.474350
0.481175
0.483425
0.485575
0.494075
0.494825
0.499350
0.500675
0.503475
0.505150
0.505525
0.507675
0.511175
0.515525
0.525100
0.538975
0.543625
0.543900
0.547700
0.552775
0.560375
0.561875
0.571750
0.576900
0.577025
0.579725
0.581275
0.595750
0.612400
0.615400
0.618025
0.622825
0.628175
0.634800
0.638075
0.639150
0.640850
0.648875
0.650050
0.650575
0.654650
0.658425
0.666000
0.672700
0.673825
0.674175
0.678900
0.679025
0.679675
0.689075
0.689625
0.697275
0.698700
0.700100
0.716050
0.720200
0.722250
0.725900
0.728050
0.730700
0.733200
0.736775
0.742825
0.744250
0.749850
0.753925
0.757800
0.759875
0.761950
0.764350
0.778825
0.780600
0.781225
0.784750
0.785300
0.793275
0.798675
0.800675
0.809100
0.816550
0.828200
0.831025
0.833575
0.835325
0.841550
0.844225
0.850500
0.861825
0.864175
0.877200
0.882450
0.886950
0.894375
0.896575
0.906075
0.910700
0.910850
0.910975
0.913600
0.914600
0.920025
0.929800
0.933250
0.954175
0.954625
0.962975
0.974050
0.988175
0.998800
1.001600
1.050875
1.051375
1.085925
1.087250
1.093250
1.108950
1.119125
1.132625
1.134225
1.136675
1.149025
1.178000
1.194175
1.214950
1.223400
1.224525
1.231200
1.237700
1.238950
1.240650
1.248250
1.269600
1.277250
1.281300
1.437750
1.448225
1.459875
1.460225
1.475400
1.484825
1.501325
1.514400
1.583900
1.600525
1.623675
1.748525
1.757550
1.804225
1.843025
2.009400
2.067525
2.095200
2.376425
2.498475
238
