0.017075
0.017200
0.022075
0.022875
0.029350
0.037525
0.038000
0.043225
0.044000
0.054950
0.055225
0.061150
0.066475
0.067125
0.071225
0.077250
0.079900
0.081100
0.086475
0.087575
0.089600
0.091425
0.096950
0.105025
0.105425
0.126175
0.135700
0.139025
0.150125
0.157675
0.158525
0.171825
0.172075
0.172875
0.180300
0.186900
0.189500
0.190000
0.194775
0.195300
0.207600
0.211625
0.225825
0.233075
0.235450
0.241425
0.244575
0.250900
0.252175
0.252475
0.254600
0.269050
0.273600
0.273650
0.280775
0.286050
0.300425
0.316000
0.323275
0.324625
0.329700
0.332800
0.340350
0.368175
0.368500
0.371100
0.374000
0.375225
0.375725
0.377800
0.386100
0.387675
0.405150
0.407275
0.408125
0.444650
0.451025
0.468125
0.475325
0.484625
0.488850
0.493075
0.496175
0.507650
0.509150
0.510500
0.510975
0.512025
0.520300
0.530325
0.539550
0.539575
0.553000
0.556625
0.565275
0.568650
0.571575
0.573550
0.575375
0.575575
0.576150
0.581925
0.583675
0.585700
0.585750
0.590375
0.593300
0.595900
0.605750
0.610125
0.615325
0.617225
0.618825
0.629350
0.633350
0.640375
0.641950
0.646900
0.646900
0.648000
0.658925
0.662000
0.666200
0.667050
0.668225
0.672275
0.675275
0.676425
0.688425
0.692900
0.694425
0.694500
0.695325
0.697000
0.698400
0.701175
0.703100
0.708425
0.716050
0.721375
0.722875
0.729400
0.745350
0.753675
0.754225
0.757150
0.768875
0.776300
0.780800
0.783425
0.786500
0.789425
0.793850
0.805825
0.806325
0.809950
0.818775
0.818900
0.838475
0.850525
0.851000
0.859450
0.869325
0.873650
0.879675
0.883575
0.889375
0.894450
0.902150
0.902575
0.902975
0.918650
0.919250
0.932500
0.933725
0.938925
0.939325
0.940800
0.947350
0.951700
0.958200
0.959100
0.980625
0.984150
1.010625
1.018025
1.027625
1.030425
1.042850
1.049400
1.052050
1.061825
1.067025
1.069025
1.079750
1.109800
1.134950
1.142950
1.153875
1.169725
1.177225
1.201750
1.220050
1.230625
1.264175
1.285550
1.294350
1.307450
1.319600
1.339750
1.345825
1.399300
1.428200
1.438750
1.461075
1.518775
1.534600
1.551675
1.599925
1.651725
1.658575
1.687225
1.702300
2.076875
2.112025
2.113475
2.170075
2.180350
2.259700
2.266575
2.299000
2.379050
2.465925
233
