0.012725
0.028250
0.029400
0.030325
0.037800
0.042800
0.047775
0.067600
0.068325
0.069800
0.078175
0.079750
0.081450
0.083950
0.087875
0.101550
0.105325
0.109275
0.109975
0.111225
0.111675
0.112975
0.116425
0.125200
0.132600
0.136775
0.157625
0.159400
0.160550
0.162275
0.170275
0.171225
0.172725
0.176475
0.176625
0.176650
0.180025
0.184375
0.185175
0.207075
0.214400
0.215650
0.217300
0.223000
0.226625
0.233800
0.237600
0.245100
0.246400
0.266675
0.266775
0.267900
0.268750
0.271200
0.272125
0.275475
0.279375
0.291225
0.294575
0.304450
0.310950
0.312275
0.313225
0.316925
0.324225
0.335325
0.341525
0.350200
0.353075
0.357300
0.357575
0.363025
0.364850
0.371025
0.371375
0.379000
0.386975
0.387850
0.390050
0.400400
0.409600
0.417125
0.417375
0.419025
0.420525
0.425775
0.433675
0.437125
0.444150
0.449550
0.455700
0.457200
0.463775
0.469650
0.470400
0.476100
0.484675
0.502975
0.503350
0.503800
0.521100
0.529400
0.532000
0.534250
0.535125
0.543150
0.550375
0.550750
0.553150
0.565650
0.569525
0.576050
0.579400
0.583600
0.608925
0.613775
0.625450
0.626250
0.631725
0.634975
0.642925
0.651150
0.658075
0.659175
0.669550
0.677100
0.683350
0.686425
0.686525
0.690050
0.692475
0.693800
0.703325
0.704425
0.706825
0.707675
0.709250
0.719375
0.720750
0.725225
0.729150
0.730700
0.731275
0.738775
0.740600
0.754925
0.757600
0.775800
0.779625
0.780850
0.782725
0.789475
0.791900
0.793200
0.793875
0.799500
0.800175
0.801550
0.808425
0.809750
0.809900
0.822950
0.828350
0.838375
0.849600
0.858075
0.860300
0.863075
0.895600
0.906850
0.925250
0.927125
0.934375
0.939200
0.941425
0.943500
0.946325
0.955750
0.957925
0.959350
0.959625
0.997675
1.001100
1.015000
1.033100
1.049275
1.080325
1.084925
1.128575
1.147050
1.175375
1.207000
1.207925
1.224625
1.227075
1.230000
1.245725
1.249075
1.255125
1.264350
1.264375
1.289900
1.325500
1.326975
1.349400
1.361050
1.409675
1.429050
1.434425
1.509625
1.557350
1.557700
1.818800
1.884525
1.906700
2.020475
2.254525
217
