0.006775
0.018450
0.025125
0.027400
0.033800
0.046300
0.047475
0.052975
0.053325
0.055925
0.058250
0.059900
0.060025
0.066950
0.073250
0.076275
0.079975
0.084025
0.095700
0.100225
0.106800
0.107925
0.108250
0.108275
0.114775
0.115975
0.129075
0.129650
0.135825
0.139650
0.150200
0.151325
0.154850
0.156800
0.158600
0.165625
0.166550
0.169125
0.175075
0.179075
0.180675
0.185400
0.219250
0.219475
0.231150
0.241425
0.248500
0.255825
0.256450
0.257350
0.258825
0.263575
0.272200
0.272200
0.272975
0.275900
0.279250
0.280050
0.281025
0.281875
0.287025
0.289350
0.290425
0.293675
0.296200
0.298775
0.300775
0.307425
0.308775
0.323625
0.323950
0.332150
0.340950
0.341050
0.342475
0.352875
0.353100
0.361050
0.372400
0.376850
0.384250
0.388700
0.390925
0.391850
0.391925
0.397650
0.408950
0.409000
0.411625
0.413375
0.422300
0.427325
0.427825
0.429175
0.430400
0.432550
0.434450
0.438425
0.441150
0.446100
0.450600
0.471900
0.479625
0.490125
0.492875
0.494750
0.497000
0.504150
0.505425
0.511275
0.511700
0.523300
0.523450
0.523850
0.528100
0.528350
0.529775
0.532225
0.535400
0.536700
0.537175
0.538525
0.539350
0.543625
0.550550
0.550850
0.555175
0.558825
0.563075
0.564125
0.565000
0.568675
0.571050
0.577725
0.583225
0.583500
0.587050
0.587275
0.592975
0.594175
0.604200
0.606300
0.608675
0.627600
0.633350
0.637100
0.644800
0.646950
0.648875
0.652775
0.662025
0.665050
0.666150
0.671800
0.676450
0.676675
0.680850
0.684200
0.685300
0.698675
0.700550
0.703775
0.710625
0.714425
0.716750
0.720000
0.726650
0.743625
0.746575
0.749900
0.761500
0.765275
0.767075
0.769475
0.769550
0.772825
0.773750
0.774600
0.776900
0.777575
0.779475
0.785875
0.797300
0.797825
0.798575
0.799700
0.804475
0.808675
0.819725
0.820100
0.821275
0.826900
0.828325
0.844300
0.850375
0.855550
0.874375
0.891400
0.907825
0.920625
0.923825
0.925450
0.927725
0.951500
0.957675
0.965350
0.970950
0.986825
1.007400
1.011700
1.012550
1.017725
1.026725
1.032875
1.072075
1.073900
1.075850
1.106650
1.111000
1.125125
1.162050
1.162725
1.174625
1.218475
1.240475
1.243000
1.246325
1.294650
1.303575
1.304475
1.313725
1.335150
1.348275
1.387625
1.575450
1.628125
1.633800
1.686700
1.902975
1.971550
2.023050
2.053650
2.067125
2.176250
2.232850
2.264650
2.297225
2.311800
2.337250
2.480850
250
