0.005275
0.005575
0.005750
0.009650
0.016325
0.023500
0.024100
0.028525
0.029325
0.033025
0.047325
0.048325
0.063850
0.065150
0.067325
0.067800
0.067825
0.068225
0.069275
0.075350
0.077725
0.083375
0.091575
0.096275
0.097800
0.104850
0.106100
0.108975
0.115100
0.115150
0.115725
0.121675
0.123450
0.128675
0.129625
0.132075
0.140975
0.144575
0.144900
0.145875
0.146200
0.146625
0.151400
0.162150
0.165050
0.167550
0.169075
0.184975
0.191950
0.193900
0.195450
0.195875
0.212075
0.218575
0.224325
0.231900
0.238225
0.243625
0.248200
0.250175
0.255675
0.257075
0.258900
0.260150
0.269450
0.278575
0.279425
0.288750
0.291950
0.292575
0.305700
0.310125
0.311650
0.316625
0.319875
0.320350
0.325325
0.332500
0.333000
0.341475
0.347350
0.347925
0.350850
0.355375
0.362800
0.364875
0.366275
0.372725
0.378875
0.383350
0.387025
0.387150
0.388550
0.392025
0.398075
0.404825
0.407175
0.407250
0.410275
0.417175
0.419725
0.431175
0.442075
0.442150
0.442200
0.443700
0.444525
0.445100
0.447125
0.449875
0.455500
0.458750
0.460250
0.462625
0.483675
0.486825
0.488375
0.503850
0.508775
0.510425
0.517275
0.521750
0.527975
0.529225
0.529850
0.531400
0.541800
0.543950
0.545425
0.546425
0.547925
0.556200
0.563250
0.564325
0.568525
0.569100
0.570925
0.573600
0.576800
0.590100
0.591100
0.594050
0.594475
0.597725
0.599350
0.599775
0.600025
0.610525
0.611050
0.613775
0.616800
0.618200
0.628925
0.630300
0.636250
0.647525
0.654350
0.655100
0.659250
0.661150
0.665625
0.666550
0.667425
0.674725
0.680125
0.686125
0.688825
0.694475
0.697700
0.707975
0.709975
0.711075
0.711425
0.713725
0.714025
0.719850
0.721600
0.725500
0.726525
0.734650
0.735650
0.743075
0.744250
0.747725
0.748625
0.748900
0.757500
0.757950
0.770375
0.770450
0.778075
0.781300
0.781375
0.785900
0.807950
0.820075
0.823475
0.826375
0.838025
0.840075
0.845400
0.848900
0.850600
0.856400
0.869000
0.876775
0.882300
0.884450
0.901950
0.904900
0.915100
0.919325
0.919400
0.920750
0.923275
0.939125
0.940300
0.942625
0.959550
0.964525
0.966350
0.971125
0.974400
0.984425
1.002275
1.014200
1.023600
1.036375
1.042875
1.057000
1.102800
1.105600
1.139925
1.164600
1.206475
1.206950
1.210650
1.220825
1.263100
1.266625
1.275175
1.296350
1.307825
1.308900
1.328325
1.329950
1.377675
1.436000
1.460725
1.495975
1.526650
1.550675
1.558000
1.563050
1.602275
1.650675
1.721550
1.874875
1.966625
2.016725
2.097600
2.255150
262
