0.002800
0.012900
0.012900
0.024150
0.030300
0.037550
0.039800
0.040200
0.046525
0.052575
0.062150
0.070700
0.083525
0.084375
0.086475
0.098100
0.102775
0.105575
0.106550
0.110150
0.114900
0.118500
0.120225
0.127600
0.129575
0.137225
0.138750
0.148950
0.155425
0.159125
0.164925
0.166325
0.172750
0.175300
0.180250
0.180675
0.183125
0.183175
0.188875
0.192175
0.193825
0.199575
0.212800
0.214550
0.217000
0.219425
0.227100
0.230450
0.237675
0.239850
0.248300
0.252150
0.255675
0.258875
0.265050
0.267100
0.271500
0.272650
0.291300
0.291850
0.292825
0.294925
0.306600
0.309550
0.318350
0.320075
0.324350
0.338700
0.343575
0.344975
0.346850
0.347675
0.361675
0.366250
0.366675
0.367975
0.368225
0.369525
0.372225
0.374400
0.376350
0.377300
0.380600
0.381500
0.382475
0.401775
0.402475
0.405125
0.419775
0.427400
0.428225
0.429825
0.432575
0.440700
0.442475
0.447550
0.447975
0.454175
0.454500
0.477050
0.478175
0.483075
0.485100
0.492500
0.492600
0.496000
0.496025
0.507000
0.512275
0.516350
0.524875
0.525050
0.527875
0.529350
0.529725
0.532750
0.534375
0.538300
0.543450
0.549925
0.555000
0.560050
0.571500
0.573825
0.574075
0.580075
0.591425
0.593700
0.595700
0.597775
0.597925
0.611700
0.615750
0.616125
0.617150
0.622525
0.631150
0.641475
0.650425
0.655700
0.655725
0.659125
0.660825
0.670700
0.679525
0.680275
0.681400
0.685300
0.686675
0.692025
0.696475
0.696650
0.699150
0.706400
0.707550
0.712400
0.722500
0.728500
0.735800
0.742500
0.745075
0.745725
0.760475
0.775425
0.775900
0.797550
0.799325
0.802700
0.804800
0.805350
0.813600
0.825850
0.830100
0.830125
0.830150
0.836550
0.837450
0.866050
0.867025
0.896225
0.900750
0.904300
0.910950
0.915575
0.922075
0.950150
0.952050
0.957375
0.958275
0.992300
0.994575
1.018000
1.042200
1.059225
1.060075
1.080525
1.082675
1.112375
1.124425
1.166425
1.172050
1.176575
1.178875
1.180625
1.183600
1.199350
1.205525
1.237350
1.311025
1.371600
1.386275
1.393400
1.399350
1.434175
1.441875
1.445200
1.540225
1.561425
1.580175
1.581850
1.660625
1.665550
1.690475
1.811050
2.129650
225
