0.000975
0.002650
0.005575
0.009150
0.010275
0.014475
0.026800
0.027550
0.032275
0.033825
0.038050
0.055850
0.059050
0.059600
0.067775
0.068600
0.075300
0.078775
0.083050
0.087675
0.088150
0.089450
0.090200
0.091525
0.093075
0.130725
0.131875
0.132450
0.155475
0.162700
0.163300
0.171925
0.175800
0.181625
0.182400
0.182400
0.186200
0.194725
0.194900
0.207150
0.209075
0.211925
0.219325
0.222425
0.226675
0.227700
0.231200
0.237400
0.238250
0.247750
0.252775
0.253000
0.256525
0.258875
0.259800
0.261800
0.263525
0.264300
0.267975
0.273375
0.275400
0.277175
0.278975
0.283200
0.284075
0.299500
0.304525
0.308350
0.315550
0.331050
0.335900
0.338325
0.348250
0.350750
0.352325
0.354825
0.355200
0.365100
0.369700
0.380350
0.382025
0.384250
0.386600
0.397425
0.401675
0.403000
0.403325
0.406300
0.407825
0.409025
0.412875
0.417150
0.424300
0.430350
0.454325
0.463750
0.478850
0.480775
0.488175
0.488875
0.494875
0.501500
0.509600
0.511125
0.518250
0.520425
0.521900
0.522825
0.527925
0.531950
0.536200
0.537150
0.551900
0.553050
0.561350
0.563600
0.564900
0.580750
0.592650
0.593250
0.593975
0.595125
0.598725
0.601900
0.604700
0.610150
0.625475
0.627400
0.628100
0.636725
0.642900
0.645425
0.656875
0.663600
0.664625
0.667175
0.669600
0.674050
0.677225
0.678375
0.678625
0.681050
0.685725
0.691275
0.693725
0.694350
0.708500
0.715325
0.734225
0.737800
0.739000
0.742325
0.743925
0.744975
0.749375
0.751075
0.753775
0.755700
0.758475
0.758825
0.759675
0.760300
0.763950
0.775050
0.775975
0.776775
0.780375
0.789675
0.793050
0.799025
0.805075
0.806975
0.811700
0.824425
0.831750
0.833200
0.836450
0.847850
0.851200
0.856550
0.860800
0.862025
0.863325
0.869225
0.877050
0.881800
0.886700
0.889250
0.893625
0.929600
0.939300
0.956000
0.983750
0.985600
0.989575
0.998175
1.002700
1.015450
1.030250
1.033975
1.038775
1.046150
1.051550
1.056125
1.066575
1.070275
1.075475
1.094925
1.102800
1.107175
1.117125
1.130750
1.133625
1.150400
1.159050
1.177375
1.208625
1.224850
1.232250
1.263875
1.270375
1.333375
1.336075
1.338125
1.352675
1.394575
1.397025
1.410800
1.413375
1.438375
1.446450
1.483000
1.489675
1.559775
1.561650
1.601475
1.654675
1.668225
1.685925
1.836050
1.845750
2.066600
2.201425
2.207950
2.212500
2.355600
2.392650
247
