0.008500
0.013300
0.019425
0.022825
0.023550
0.025800
0.031725
0.033725
0.041300
0.045275
0.049675
0.051175
0.053775
0.053900
0.059400
0.062250
0.066000
0.071575
0.075250
0.077525
0.086875
0.088750
0.089675
0.094725
0.096850
0.097225
0.097400
0.098675
0.103800
0.108800
0.114525
0.116475
0.118525
0.119450
0.121000
0.130475
0.140725
0.145500
0.146325
0.147275
0.157275
0.158325
0.165250
0.171875
0.186000
0.196725
0.199025
0.208300
0.210750
0.223750
0.226550
0.226825
0.228375
0.229050
0.229325
0.231325
0.231650
0.232450
0.249900
0.251150
0.256475
0.266725
0.269625
0.274000
0.277675
0.285475
0.287025
0.295125
0.298275
0.303850
0.303875
0.305100
0.319825
0.325850
0.327225
0.328000
0.343450
0.353350
0.358575
0.361925
0.365175
0.374175
0.376725
0.382175
0.383875
0.394075
0.397250
0.419325
0.421775
0.422975
0.426100
0.428050
0.432525
0.442175
0.442825
0.459450
0.462625
0.470200
0.476050
0.480100
0.482000
0.482850
0.483650
0.488875
0.490625
0.495725
0.497825
0.503875
0.507900
0.512850
0.513875
0.518100
0.526575
0.540450
0.542000
0.546325
0.549025
0.553900
0.557975
0.558450
0.560850
0.561900
0.574650
0.575500
0.577150
0.581000
0.587250
0.592525
0.600450
0.612000
0.612500
0.625800
0.631300
0.631600
0.633900
0.635075
0.640900
0.641600
0.647075
0.653050
0.654675
0.655275
0.657550
0.663600
0.670950
0.671200
0.676475
0.682375
0.686100
0.696425
0.704350
0.707600
0.716050
0.717850
0.727200
0.731000
0.732675
0.741800
0.745275
0.747700
0.760825
0.770025
0.773575
0.781275
0.783000
0.785425
0.791850
0.794150
0.796375
0.803200
0.805675
0.834875
0.848175
0.864750
0.874075
0.878075
0.883675
0.888025
0.889800
0.898800
0.900275
0.938125
0.940825
0.950625
0.951450
0.951975
0.953450
0.959550
0.973575
0.974325
0.999700
1.000050
1.001275
1.018300
1.028425
1.030150
1.033800
1.044650
1.047075
1.048650
1.064425
1.071125
1.072250
1.077100
1.081425
1.099200
1.110000
1.122775
1.123000
1.131700
1.142800
1.149200
1.184050
1.192050
1.193400
1.195000
1.214425
1.225900
1.245400
1.272100
1.276475
1.282100
1.290500
1.300100
1.303800
1.315300
1.323900
1.358700
1.424975
1.429900
1.434125
1.441075
1.468275
1.469500
1.504700
1.528025
1.537425
1.606325
1.632275
1.664700
1.756025
1.780300
1.810875
1.823800
1.842525
1.867150
2.355200
2.389400
248
