0.001025
0.003300
0.014600
0.015625
0.017125
0.018025
0.018300
0.021850
0.025100
0.028325
0.032125
0.042375
0.051025
0.052350
0.060450
0.066875
0.073825
0.075250
0.085400
0.088100
0.093325
0.094800
0.094925
0.100750
0.101775
0.104025
0.110000
0.110275
0.112350
0.117500
0.119025
0.123650
0.125925
0.128000
0.140725
0.147150
0.147850
0.148000
0.148625
0.156975
0.162725
0.162750
0.165425
0.166225
0.169325
0.179850
0.180175
0.180725
0.184675
0.189975
0.192350
0.193325
0.197575
0.219375
0.220025
0.222950
0.224450
0.228775
0.235025
0.237025
0.238825
0.243025
0.248425
0.252450
0.255750
0.257375
0.266025
0.270850
0.276100
0.282500
0.289025
0.289975
0.294825
0.299350
0.302550
0.304675
0.306050
0.308500
0.320575
0.329200
0.335800
0.342750
0.351900
0.353275
0.353800
0.360600
0.375175
0.383100
0.387775
0.391250
0.404225
0.418200
0.425450
0.427825
0.446900
0.447350
0.448050
0.451325
0.454600
0.456100
0.458675
0.462075
0.463825
0.471975
0.472875
0.473300
0.473625
0.475650
0.477150
0.479600
0.486200
0.486425
0.488775
0.493375
0.504375
0.514425
0.516525
0.521125
0.521475
0.526375
0.527775
0.546550
0.561825
0.564025
0.567550
0.576525
0.580025
0.585875
0.588325
0.594250
0.594450
0.595050
0.595125
0.600025
0.600025
0.601300
0.603675
0.604425
0.605550
0.614450
0.615825
0.640300
0.649825
0.660100
0.663850
0.665325
0.665675
0.673050
0.682500
0.684450
0.690375
0.708250
0.709900
0.716625
0.730300
0.733275
0.736125
0.739250
0.742600
0.746700
0.748975
0.749050
0.752475
0.753900
0.758050
0.760600
0.771175
0.782850
0.786325
0.786675
0.790225
0.793025
0.793975
0.803475
0.805550
0.808800
0.809550
0.811275
0.816800
0.821600
0.822875
0.826200
0.854125
0.859300
0.861375
0.864750
0.868175
0.887300
0.887850
0.893075
0.895175
0.904800
0.909150
0.921325
0.921350
0.925575
0.928175
0.968175
0.971225
0.978500
0.990400
0.993225
1.007350
1.011350
1.039200
1.039450
1.041375
1.045375
1.059975
1.062675
1.076225
1.096675
1.102525
1.103175
1.109250
1.118825
1.128875
1.139150
1.146075
1.148600
1.204750
1.220700
1.224775
1.256875
1.271950
1.286825
1.300550
1.315275
1.331300
1.341525
1.346850
1.380175
1.408225
1.476650
1.484925
1.540700
1.654300
1.668075
1.740350
1.822225
1.851700
2.036575
2.117275
2.205250
2.266150
2.316650
2.353100
247
