0.000375
0.001250
0.010375
0.017775
0.022225
0.030825
0.031875
0.034050
0.038275
0.044300
0.047025
0.050500
0.050725
0.051925
0.064700
0.068475
0.069250
0.072550
0.072825
0.073225
0.075350
0.075475
0.080925
0.081975
0.083550
0.086475
0.105775
0.117950
0.142950
0.148175
0.151875
0.164200
0.174900
0.174950
0.194925
0.207600
0.212275
0.215500
0.220400
0.222500
0.226100
0.236150
0.241150
0.241950
0.253350
0.260650
0.261500
0.263025
0.268050
0.277425
0.278700
0.279150
0.285725
0.287950
0.291500
0.293100
0.296650
0.300200
0.302050
0.330750
0.334050
0.338000
0.339450
0.340700
0.341725
0.341825
0.350650
0.351400
0.352350
0.357150
0.362175
0.369700
0.374550
0.384150
0.390925
0.391950
0.401700
0.401950
0.404850
0.418350
0.426925
0.430150
0.431400
0.433700
0.434650
0.448175
0.449900
0.453725
0.464025
0.469450
0.470475
0.473375
0.475650
0.480225
0.487675
0.488975
0.499950
0.502425
0.508575
0.511725
0.514350
0.526550
0.538625
0.541725
0.542400
0.555975
0.568650
0.576575
0.578000
0.583400
0.590650
0.592500
0.595375
0.597775
0.599000
0.601950
0.603525
0.604075
0.612275
0.613300
0.617750
0.627025
0.632600
0.632600
0.633875
0.634075
0.634950
0.646450
0.651000
0.653000
0.659475
0.659825
0.663075
0.669225
0.671075
0.673875
0.675350
0.675625
0.676325
0.679975
0.686725
0.689325
0.689650
0.693975
0.696875
0.697250
0.698400
0.700175
0.700375
0.700400
0.703375
0.705925
0.706350
0.711425
0.711925
0.712925
0.717650
0.718900
0.727150
0.730075
0.730500
0.733700
0.735250
0.736150
0.736650
0.737825
0.746450
0.748300
0.751125
0.760800
0.771900
0.774475
0.788325
0.789750
0.793100
0.796750
0.831000
0.838800
0.844875
0.849025
0.856425
0.859675
0.889100
0.895200
0.901750
0.907150
0.908250
0.911350
0.914600
0.914825
0.924025
0.928175
0.935500
0.939675
0.942100
0.946475
0.951575
0.955850
0.975600
0.993025
0.995750
1.008875
1.051300
1.057625
1.084375
1.093875
1.101525
1.126875
1.127400
1.161800
1.163100
1.167675
1.172000
1.176975
1.205650
1.237975
1.238675
1.243150
1.248800
1.281150
1.294000
1.315175
1.315825
1.358750
1.383050
1.385250
1.422000
1.422375
1.434050
1.434400
1.450700
1.451125
1.453675
1.484525
1.517525
1.552675
1.559850
1.565575
1.588675
1.726850
1.756450
1.793175
1.828725
1.891725
2.065725
2.139625
2.253075
2.482125
248
