0.012850
0.026250
0.028125
0.035025
0.035575
0.045600
0.052375
0.066750
0.070175
0.074825
0.080250
0.081950
0.087000
0.095475
0.100125
0.100225
0.113875
0.120975
0.131025
0.135100
0.135325
0.135925
0.136775
0.141100
0.141350
0.142300
0.142750
0.152275
0.152575
0.152625
0.169875
0.172450
0.180675
0.190125
0.200725
0.203325
0.204350
0.204400
0.209750
0.215125
0.216700
0.219750
0.229025
0.231325
0.232075
0.232600
0.236375
0.241650
0.244500
0.249575
0.249575
0.252250
0.253800
0.254775
0.275200
0.282250
0.289650
0.290300
0.303325
0.308850
0.317175
0.327350
0.331225
0.335900
0.336250
0.341925
0.350775
0.358825
0.370525
0.370575
0.381025
0.388225
0.396350
0.397675
0.398900
0.410875
0.411425
0.414125
0.419775
0.425950
0.440950
0.445850
0.452700
0.453525
0.454525
0.454650
0.455650
0.464450
0.468000
0.485675
0.490275
0.496425
0.515900
0.516025
0.518625
0.518775
0.519475
0.532100
0.535800
0.539600
0.545250
0.546150
0.552625
0.556325
0.565150
0.573975
0.577325
0.578025
0.581850
0.588050
0.609225
0.612850
0.615300
0.623850
0.625975
0.626225
0.626900
0.638600
0.642675
0.651850
0.654075
0.654175
0.661650
0.663850
0.674175
0.685050
0.686125
0.694400
0.696675
0.712075
0.712175
0.713375
0.719000
0.720225
0.721475
0.735000
0.737625
0.740200
0.740400
0.740600
0.754250
0.756800
0.759800
0.764725
0.765125
0.772400
0.777875
0.782275
0.784150
0.784850
0.790125
0.791300
0.792025
0.794825
0.797925
0.797975
0.810675
0.812700
0.837975
0.843675
0.857675
0.858700
0.869775
0.871300
0.880050
0.891025
0.893150
0.894650
0.894975
0.918425
0.939075
0.939100
0.951725
0.955725
0.957275
0.958175
0.958500
0.964350
0.968325
0.987975
1.020450
1.034575
1.049175
1.074725
1.080075
1.088250
1.088575
1.089700
1.090100
1.111725
1.112775
1.117575
1.120450
1.122325
1.127025
1.185725
1.199475
1.200525
1.206525
1.212025
1.231375
1.262275
1.270550
1.271575
1.287200
1.311350
1.331700
1.356100
1.362825
1.380275
1.429600
1.434125
1.471150
1.486175
1.489125
1.504100
1.509625
1.533575
1.535850
1.542050
1.614225
1.624875
1.630850
1.726425
1.947400
2.070125
2.267675
227
