0.004400
0.008725
0.009650
0.012925
0.014875
0.017700
0.025925
0.030150
0.030425
0.031850
0.041825
0.042075
0.044450
0.048125
0.050600
0.051525
0.059150
0.060550
0.065975
0.066100
0.067000
0.075400
0.076750
0.078550
0.080475
0.081475
0.087375
0.092950
0.096050
0.096975
0.101600
0.106100
0.112200
0.113500
0.115850
0.122125
0.124700
0.138375
0.141575
0.145575
0.146200
0.146950
0.149700
0.155275
0.157650
0.158250
0.167050
0.178900
0.180700
0.182175
0.182250
0.182375
0.185050
0.185125
0.188225
0.188750
0.197275
0.203200
0.206200
0.206825
0.207400
0.210125
0.210450
0.218800
0.225375
0.229725
0.230725
0.234675
0.237200
0.240500
0.245825
0.250100
0.254350
0.254975
0.260525
0.263675
0.271250
0.287950
0.288450
0.290850
0.292175
0.296325
0.302925
0.304175
0.307475
0.308175
0.312375
0.316700
0.320550
0.327300
0.332425
0.333450
0.335700
0.340425
0.347025
0.356425
0.360525
0.369450
0.387100
0.391700
0.393425
0.394300
0.394950
0.402700
0.405675
0.413950
0.414025
0.421125
0.425150
0.430050
0.431650
0.451100
0.452000
0.455475
0.457150
0.463275
0.464075
0.469200
0.477300
0.478450
0.480425
0.483450
0.496325
0.496650
0.497075
0.498225
0.503250
0.503775
0.508300
0.519750
0.524150
0.529300
0.529575
0.533275
0.541025
0.543025
0.548250
0.549425
0.551650
0.555225
0.557575
0.559850
0.564700
0.570375
0.593825
0.601075
0.601750
0.602575
0.616250
0.617125
0.634125
0.636875
0.638050
0.648550
0.652300
0.656675
0.659775
0.672475
0.680225
0.680350
0.681925
0.685475
0.691300
0.694100
0.699225
0.706900
0.713950
0.717975
0.722600
0.727125
0.732075
0.742550
0.744250
0.753525
0.756850
0.757525
0.764850
0.765725
0.786750
0.788025
0.795575
0.796075
0.796950
0.821525
0.822725
0.823500
0.836300
0.842600
0.846650
0.851550
0.860975
0.862600
0.863500
0.868300
0.898000
0.899275
0.904725
0.917825
0.920025
0.924300
0.935375
0.946850
0.947175
0.958775
0.971175
0.974300
0.983325
0.995725
1.009300
1.017075
1.036275
1.042525
1.052825
1.055625
1.073900
1.078975
1.079275
1.087450
1.087625
1.105200
1.119275
1.155225
1.168750
1.169350
1.177675
1.184300
1.191650
1.209075
1.240225
1.243975
1.251325
1.305800
1.408925
1.418925
1.454725
1.501625
1.512200
1.561325
1.561450
1.573975
1.628450
1.662250
1.665700
1.716100
1.729775
1.753725
1.774275
2.054175
2.131650
2.366525
2.458350
2.484325
252
