0.001950
0.018350
0.022000
0.033775
0.037100
0.037700
0.040375
0.044075
0.048350
0.049925
0.056725
0.060825
0.069275
0.070825
0.077250
0.077950
0.086325
0.087425
0.088650
0.089525
0.090150
0.093550
0.096000
0.096650
0.097200
0.107800
0.110350
0.111550
0.118125
0.125225
0.133625
0.135075
0.143625
0.166125
0.174875
0.180175
0.182150
0.184550
0.187650
0.189175
0.191700
0.196425
0.200750
0.204675
0.207075
0.209850
0.210750
0.214350
0.220225
0.225775
0.230275
0.232775
0.234775
0.236525
0.236550
0.241600
0.244775
0.248400
0.251925
0.257600
0.261675
0.264800
0.273100
0.276900
0.280075
0.280750
0.291400
0.296775
0.302150
0.304125
0.305525
0.306175
0.311750
0.315625
0.338175
0.338600
0.346350
0.346550
0.348050
0.357725
0.359025
0.370825
0.374400
0.378475
0.384750
0.390075
0.400600
0.402125
0.407000
0.411850
0.416000
0.417250
0.423825
0.424525
0.425725
0.429850
0.433225
0.442625
0.443000
0.449450
0.451125
0.459650
0.464800
0.468225
0.469875
0.478175
0.481025
0.486775
0.493850
0.497975
0.500300
0.502050
0.514400
0.517775
0.518000
0.520825
0.522375
0.524900
0.532150
0.532250
0.542500
0.561725
0.565350
0.567700
0.568575
0.574275
0.578100
0.579050
0.579775
0.585425
0.587350
0.587675
0.589950
0.601125
0.609950
0.610450
0.617350
0.621775
0.625200
0.627175
0.629150
0.634300
0.635950
0.640475
0.644100
0.648625
0.654825
0.662100
0.663050
0.664375
0.668975
0.669100
0.669175
0.672100
0.673750
0.676900
0.681400
0.685650
0.689525
0.690925
0.707400
0.708000
0.712050
0.714900
0.717850
0.720000
0.720775
0.724100
0.724600
0.726275
0.728300
0.734350
0.743700
0.748450
0.749175
0.767850
0.770800
0.770850
0.774300
0.778775
0.779925
0.783725
0.785875
0.785975
0.787100
0.799050
0.799100
0.799200
0.804050
0.809800
0.815375
0.822275
0.824825
0.825775
0.834625
0.835575
0.842750
0.864175
0.865350
0.888650
0.892675
0.894075
0.917475
0.922725
0.923275
0.926175
0.926925
0.943050
0.951025
0.952350
0.964600
0.964750
0.965375
0.975675
0.998375
1.001650
1.004175
1.008700
1.024675
1.053825
1.061300
1.079875
1.101000
1.107500
1.129975
1.154400
1.156075
1.157525
1.169950
1.181800
1.183350
1.195975
1.230075
1.273050
1.275825
1.284375
1.338500
1.375375
1.399025
1.424000
1.465975
1.524975
1.573400
1.614825
1.638275
1.660725
1.699125
1.724925
1.793650
1.950650
1.970625
1.984450
252
