0.000000
0.007750
0.008500
0.023075
0.027525
0.035250
0.036225
0.037275
0.041600
0.041625
0.049250
0.051625
0.059825
0.060100
0.073575
0.078300
0.081175
0.085850
0.088400
0.098925
0.101900
0.102375
0.105300
0.108525
0.115950
0.120400
0.120425
0.123975
0.133200
0.134500
0.145800
0.155500
0.159550
0.163550
0.176025
0.177775
0.187825
0.188525
0.195050
0.195150
0.196625
0.196775
0.198875
0.207350
0.209200
0.210825
0.212525
0.225075
0.226000
0.228375
0.232050
0.237500
0.238400
0.239800
0.249025
0.250025
0.255600
0.263650
0.278200
0.279450
0.286825
0.287950
0.288575
0.292275
0.297325
0.307800
0.308000
0.309000
0.309025
0.310850
0.316000
0.320950
0.325750
0.331900
0.334950
0.335825
0.336300
0.337800
0.347375
0.370475
0.371575
0.371950
0.374050
0.374225
0.377200
0.382675
0.385550
0.388325
0.394375
0.400675
0.406350
0.408250
0.408775
0.414575
0.419850
0.428450
0.430500
0.433625
0.436350
0.437975
0.438600
0.439175
0.450300
0.455075
0.460450
0.463625
0.472825
0.482225
0.487625
0.503925
0.504800
0.513500
0.516850
0.517025
0.520900
0.520925
0.523025
0.525025
0.525200
0.541400
0.541825
0.545825
0.550050
0.562375
0.563450
0.564875
0.565875
0.580875
0.581400
0.584850
0.595600
0.597100
0.606425
0.610425
0.613100
0.619050
0.629700
0.632150
0.635325
0.635950
0.640825
0.650525
0.653575
0.672400
0.672950
0.678750
0.679825
0.684175
0.685825
0.692325
0.697375
0.699475
0.700850
0.716050
0.720250
0.720675
0.722400
0.727375
0.729475
0.733175
0.733875
0.734325
0.735475
0.740575
0.749650
0.751050
0.753225
0.757075
0.760525
0.760725
0.764850
0.774600
0.776350
0.782750
0.783300
0.794100
0.794575
0.816875
0.818875
0.819975
0.820200
0.822300
0.822825
0.823550
0.828175
0.842850
0.843850
0.846525
0.849500
0.850975
0.851200
0.856100
0.859975
0.864175
0.868250
0.873550
0.873650
0.875325
0.879025
0.888975
0.893325
0.897550
0.899950
0.905475
0.909500
0.933825
0.935525
0.937800
0.948450
0.960675
0.983450
1.001750
1.025275
1.027550
1.029475
1.031675
1.031850
1.035850
1.048400
1.065700
1.072150
1.096325
1.112000
1.114600
1.163950
1.164200
1.181750
1.215275
1.226725
1.249350
1.257225
1.263925
1.271975
1.298350
1.365550
1.383775
1.388225
1.409600
1.416450
1.437650
1.438725
1.440150
1.451725
1.551900
1.615675
1.713650
1.738175
1.835500
1.859675
1.997225
2.026850
2.042950
2.109500
2.378975
254
