0.000250
0.003625
0.011900
0.014975
0.018100
0.026700
0.031875
0.037300
0.038500
0.043775
0.047325
0.055175
0.060300
0.067150
0.072250
0.073950
0.081300
0.090150
0.093950
0.094650
0.097650
0.098675
0.100725
0.100825
0.106800
0.110500
0.113800
0.118100
0.118900
0.119950
0.120725
0.123450
0.126450
0.135175
0.137025
0.137950
0.143525
0.147650
0.149700
0.155025
0.168925
0.169000
0.173075
0.179300
0.186275
0.187225
0.188200
0.189050
0.190225
0.191925
0.196550
0.199500
0.200050
0.201250
0.211600
0.213900
0.215600
0.220125
0.227775
0.235650
0.240975
0.250675
0.259600
0.267150
0.272125
0.272375
0.278700
0.288025
0.292000
0.293850
0.293900
0.299050
0.300750
0.305275
0.305275
0.313275
0.316950
0.317125
0.321675
0.325850
0.328600
0.330475
0.343250
0.355750
0.357025
0.365750
0.372575
0.372750
0.380625
0.380775
0.380875
0.389325
0.390800
0.392200
0.392400
0.400675
0.402425
0.404100
0.409275
0.410125
0.410675
0.422975
0.424900
0.431725
0.432125
0.440000
0.440175
0.444825
0.450475
0.458925
0.463775
0.464075
0.464150
0.465250
0.468275
0.471800
0.474475
0.475875
0.476525
0.479850
0.481050
0.481900
0.493550
0.496925
0.500800
0.504250
0.512650
0.519975
0.526825
0.532475
0.534200
0.535775
0.536275
0.559100
0.561325
0.561800
0.566900
0.567500
0.578825
0.579875
0.580675
0.582400
0.583150
0.584500
0.587275
0.588375
0.601750
0.602250
0.610200
0.611675
0.611925
0.612450
0.612650
0.613300
0.616000
0.616675
0.616900
0.619275
0.621700
0.626850
0.630050
0.633675
0.638675
0.644825
0.646025
0.646900
0.654225
0.660850
0.671900
0.673125
0.676600
0.682775
0.689175
0.690975
0.693475
0.695000
0.696475
0.697250
0.699150
0.704625
0.705675
0.713025
0.713600
0.714325
0.720575
0.724175
0.725100
0.729525
0.733550
0.736975
0.739150
0.740225
0.747200
0.749125
0.750575
0.756600
0.764200
0.771350
0.775725
0.782950
0.793850
0.800400
0.802275
0.811925
0.821675
0.822500
0.823075
0.824350
0.827275
0.831200
0.837925
0.839650
0.843650
0.849650
0.852725
0.854000
0.854275
0.866075
0.881700
0.882900
0.893575
0.894125
0.910025
0.913650
0.914075
0.922400
0.945375
0.945450
0.947050
0.954925
0.957600
0.957750
0.970875
0.980575
0.984275
0.993325
0.996475
1.002750
1.006750
1.007975
1.013950
1.015025
1.015600
1.020650
1.028000
1.033125
1.054775
1.055550
1.063025
1.073825
1.093000
1.096200
1.114425
1.120275
1.120325
1.128200
1.163750
1.210350
1.248050
1.252025
1.260750
1.331850
1.342550
1.404550
1.421825
1.446250
1.546975
1.642150
1.734625
1.766425
1.769075
1.899475
1.971725
2.004150
2.032575
2.071700
2.135725
2.170900
2.226075
279
