0.002950
0.007575
0.013800
0.019300
0.028000
0.036125
0.036525
0.037000
0.037900
0.041900
0.044200
0.046625
0.055675
0.057175
0.065575
0.071300
0.076475
0.086675
0.099875
0.106550
0.110400
0.116950
0.120375
0.122750
0.125950
0.130650
0.133175
0.135100
0.139050
0.140450
0.146525
0.150075
0.152000
0.155500
0.155700
0.155900
0.159225
0.166050
0.170225
0.175425
0.191250
0.192075
0.192650
0.197800
0.203200
0.209575
0.209675
0.211575
0.215125
0.231600
0.232375
0.240850
0.241975
0.247700
0.252050
0.254875
0.255025
0.255750
0.267900
0.271675
0.274275
0.277750
0.289550
0.295775
0.307450
0.309550
0.312450
0.317775
0.318475
0.322825
0.332275
0.332425
0.334400
0.336700
0.347200
0.349250
0.355300
0.358125
0.366275
0.375650
0.378025
0.383850
0.389650
0.398450
0.403925
0.408025
0.410300
0.410975
0.415125
0.416025
0.428225
0.434475
0.434550
0.440150
0.454550
0.458925
0.472425
0.477150
0.480050
0.489675
0.513700
0.515150
0.516750
0.520275
0.520950
0.536675
0.546700
0.548225
0.555400
0.561525
0.562600
0.563675
0.573800
0.580525
0.581075
0.581800
0.585275
0.587575
0.593725
0.595100
0.604125
0.611325
0.614150
0.614275
0.614650
0.617850
0.621700
0.646825
0.663950
0.663950
0.664675
0.672125
0.672850
0.675300
0.676200
0.683175
0.685300
0.688075
0.696425
0.706700
0.707325
0.709850
0.711225
0.717175
0.718625
0.720825
0.728500
0.730975
0.738275
0.739125
0.744900
0.745150
0.749925
0.754175
0.756500
0.767525
0.783400
0.785875
0.786500
0.790150
0.791900
0.796650
0.801650
0.801950
0.810300
0.810850
0.814675
0.815625
0.820125
0.826425
0.829925
0.832875
0.841600
0.843575
0.844225
0.847675
0.856125
0.864300
0.868700
0.876425
0.899775
0.904825
0.913925
0.930550
0.932150
0.941725
0.944500
0.959600
0.965450
0.972800
0.979125
0.980175
0.989350
0.999900
1.009000
1.009975
1.022000
1.039275
1.045550
1.046525
1.055950
1.062650
1.070225
1.077350
1.081225
1.084225
1.103325
1.114775
1.114775
1.123650
1.130325
1.137250
1.142850
1.155100
1.161525
1.214575
1.220000
1.223250
1.238400
1.249250
1.274250
1.317125
1.324100
1.325200
1.327675
1.348700
1.351050
1.358600
1.362825
1.370525
1.376300
1.387450
1.395550
1.404725
1.408050
1.450950
1.467250
1.504850
1.511400
1.512400
1.525125
1.608950
1.639700
1.662375
1.729150
1.832100
1.970075
2.218625
248
