0.002275
0.006000
0.015375
0.015750
0.015900
0.016850
0.017250
0.023300
0.027900
0.029800
0.032925
0.034475
0.036900
0.039500
0.047475
0.051475
0.054950
0.058650
0.066775
0.069000
0.081050
0.084125
0.084225
0.086925
0.102150
0.106325
0.110350
0.119975
0.124125
0.132100
0.141500
0.146900
0.152000
0.155725
0.162025
0.162275
0.164575
0.168675
0.169075
0.169875
0.180575
0.183125
0.186750
0.205750
0.216100
0.216225
0.222400
0.224825
0.232900
0.237950
0.239075
0.242300
0.242600
0.251600
0.253175
0.260275
0.262750
0.273675
0.274900
0.274975
0.277300
0.278125
0.286100
0.287550
0.291800
0.304425
0.314725
0.321100
0.322125
0.325825
0.336050
0.336350
0.336625
0.354300
0.357750
0.366100
0.374375
0.379200
0.383975
0.385050
0.393825
0.401450
0.402175
0.402200
0.427050
0.427250
0.427775
0.427900
0.428725
0.434850
0.436300
0.436525
0.439050
0.442550
0.444425
0.452475
0.456800
0.460900
0.461825
0.463575
0.464950
0.465475
0.468950
0.472350
0.475125
0.476475
0.496475
0.498550
0.501925
0.502700
0.503325
0.503500
0.503725
0.509175
0.510025
0.510100
0.516125
0.523200
0.526725
0.526950
0.545425
0.548700
0.554075
0.560900
0.561850
0.563750
0.563925
0.568350
0.570900
0.576250
0.580675
0.584575
0.599825
0.607075
0.610225
0.617000
0.617075
0.617350
0.622975
0.632825
0.634550
0.635000
0.640475
0.652775
0.653650
0.657825
0.660525
0.661150
0.662850
0.665325
0.666475
0.667200
0.669350
0.670350
0.680375
0.680675
0.684775
0.686225
0.701650
0.705175
0.705600
0.706625
0.709050
0.710325
0.729950
0.732050
0.735950
0.736500
0.736675
0.736850
0.738375
0.742550
0.745700
0.749500
0.750175
0.750250
0.753000
0.753225
0.757600
0.761000
0.764675
0.770100
0.782800
0.788200
0.792825
0.796675
0.798300
0.799875
0.806625
0.807300
0.809650
0.810975
0.812375
0.823900
0.842875
0.844825
0.852175
0.854175
0.871900
0.874475
0.876000
0.879450
0.889675
0.905825
0.918575
0.919425
0.924925
0.929125
0.931225
0.933050
0.946675
0.954875
0.970225
0.979450
0.995075
1.015250
1.016300
1.036850
1.057100
1.070125
1.078675
1.086350
1.088050
1.118100
1.123850
1.131525
1.170625
1.217800
1.225050
1.234800
1.246300
1.259675
1.282325
1.288075
1.291250
1.302300
1.316775
1.338475
1.342625
1.371600
1.428275
1.451375
1.457850
1.467425
1.472225
1.569775
1.612375
1.621325
1.656875
1.792800
1.840700
1.843600
1.933525
2.117875
2.150100
2.225625
2.485875
257
