0.003075
0.003125
0.004025
0.012100
0.016750
0.018325
0.018400
0.034550
0.035575
0.050425
0.053850
0.062625
0.063800
0.071175
0.073200
0.080225
0.081300
0.089575
0.089975
0.094225
0.095925
0.098525
0.099475
0.099750
0.100800
0.101600
0.106400
0.106550
0.115875
0.116050
0.120725
0.128450
0.128725
0.130825
0.137375
0.151300
0.156075
0.162475
0.164825
0.165850
0.171600
0.172925
0.176075
0.179625
0.179775
0.182900
0.185500
0.187100
0.190375
0.190675
0.192300
0.192975
0.202800
0.203250
0.210475
0.215350
0.215850
0.223675
0.238550
0.238950
0.239675
0.239775
0.240200
0.252275
0.261750
0.264375
0.268550
0.300425
0.303500
0.304850
0.310350
0.314925
0.329150
0.333750
0.334350
0.334750
0.341850
0.344175
0.346325
0.347800
0.351675
0.359300
0.364525
0.370925
0.371625
0.376050
0.378475
0.397850
0.398125
0.403025
0.406650
0.407575
0.409650
0.414900
0.416125
0.418175
0.425275
0.428525
0.432850
0.433200
0.434150
0.438175
0.438300
0.446500
0.454275
0.462900
0.468550
0.469450
0.469700
0.472325
0.477125
0.477425
0.478500
0.479250
0.480200
0.485350
0.492300
0.504100
0.505325
0.518550
0.527200
0.535225
0.540825
0.543975
0.544625
0.549000
0.550925
0.558950
0.585650
0.587700
0.594825
0.595875
0.603550
0.615950
0.622600
0.622700
0.625900
0.631450
0.634400
0.640125
0.641175
0.644075
0.646625
0.648125
0.649525
0.655225
0.660050
0.664025
0.667425
0.672800
0.678325
0.681875
0.681950
0.685050
0.704925
0.709500
0.711375
0.714600
0.718375
0.718600
0.726125
0.733000
0.737400
0.752850
0.752875
0.759425
0.760175
0.765025
0.766700
0.780550
0.789200
0.794250
0.798450
0.802750
0.806300
0.811625
0.818700
0.846325
0.848625
0.853825
0.857275
0.860150
0.864200
0.870000
0.872125
0.872675
0.879425
0.880900
0.897475
0.901225
0.905375
0.928025
0.931750
0.933350
0.937550
0.945625
0.957575
0.968275
0.979100
0.979875
0.994300
0.995000
0.998650
1.004500
1.040250
1.064850
1.075200
1.096975
1.107700
1.108825
1.118650
1.122650
1.155250
1.180425
1.189850
1.201750
1.206575
1.208275
1.219150
1.256250
1.264975
1.299650
1.300650
1.304425
1.305800
1.361050
1.374150
1.406550
1.441075
1.460500
1.492600
1.504575
1.526200
1.533200
1.547575
1.558875
1.601175
1.636150
1.643025
1.657925
1.665175
1.681175
1.725675
1.846475
2.219550
2.259900
2.286250
2.311900
2.487525
249
