0.000200
0.002750
0.006225
0.016425
0.019025
0.024100
0.029125
0.031625
0.040825
0.046625
0.051350
0.057925
0.061325
0.063925
0.070500
0.076200
0.078125
0.079400
0.079425
0.082650
0.097400
0.106825
0.122650
0.126825
0.131050
0.140300
0.142600
0.143000
0.144000
0.150325
0.157200
0.158400
0.158425
0.158575
0.165375
0.170350
0.179800
0.182150
0.182175
0.182400
0.184075
0.185875
0.186250
0.198700
0.201400
0.202700
0.208225
0.213900
0.218250
0.234650
0.239200
0.239800
0.245750
0.249475
0.253650
0.258600
0.259675
0.261175
0.264825
0.265850
0.267950
0.269375
0.299250
0.300675
0.300975
0.309625
0.310625
0.314825
0.315250
0.317050
0.318800
0.330850
0.337775
0.339325
0.339675
0.339775
0.340700
0.347050
0.348350
0.348700
0.350250
0.352125
0.375050
0.378750
0.379500
0.381325
0.385100
0.386225
0.390250
0.390675
0.390750
0.391175
0.394275
0.399325
0.399550
0.400300
0.405675
0.409050
0.426250
0.427175
0.428100
0.441550
0.442825
0.446725
0.449975
0.464400
0.464800
0.466350
0.469250
0.469400
0.475900
0.479050
0.480725
0.481050
0.481625
0.481650
0.491650
0.496575
0.508175
0.510500
0.511175
0.513175
0.514575
0.520250
0.520425
0.529275
0.532500
0.534200
0.536925
0.536975
0.554275
0.558475
0.560375
0.564075
0.567125
0.573450
0.576275
0.576625
0.580125
0.591250
0.591425
0.608675
0.643250
0.644525
0.655325
0.658150
0.659550
0.661600
0.661925
0.662875
0.671975
0.676675
0.679125
0.689475
0.693700
0.703125
0.713375
0.723425
0.728850
0.730275
0.742600
0.746725
0.754600
0.759750
0.759825
0.768825
0.770250
0.772000
0.792700
0.793550
0.800000
0.803475
0.804075
0.825800
0.845150
0.847650
0.852975
0.857550
0.859325
0.859425
0.867550
0.876325
0.879850
0.883000
0.899100
0.901950
0.910500
0.920275
0.921800
0.928400
0.931875
0.936775
0.938200
0.945250
0.962925
0.973275
0.977375
0.982775
0.990275
0.996025
1.002750
1.008050
1.014825
1.020225
1.041050
1.042875
1.043900
1.069200
1.073350
1.075425
1.081350
1.132450
1.135200
1.154400
1.157475
1.188250
1.209225
1.217825
1.220175
1.266325
1.269750
1.274200
1.321700
1.364350
1.404100
1.433550
1.479475
1.614400
1.706375
1.726875
1.732375
1.744575
1.755900
1.785150
1.865725
1.923350
2.041800
2.115775
2.163575
2.202850
2.270275
2.487100
242
