0.001000
0.009800
0.011525
0.013325
0.023650
0.032925
0.035275
0.039050
0.040000
0.040475
0.043375
0.045625
0.055825
0.059650
0.060425
0.063350
0.069900
0.074875
0.077500
0.087025
0.090925
0.093650
0.100825
0.101400
0.104050
0.105225
0.119100
0.120375
0.123125
0.129075
0.132400
0.135900
0.136500
0.137100
0.138875
0.139175
0.143425
0.147525
0.148300
0.154225
0.154650
0.161925
0.176000
0.176550
0.178850
0.182950
0.182975
0.185950
0.191725
0.198875
0.202650
0.214975
0.231675
0.232450
0.233875
0.248325
0.248825
0.257125
0.259250
0.263650
0.264100
0.265525
0.268900
0.273225
0.276800
0.276975
0.290375
0.300600
0.303025
0.303950
0.307675
0.314300
0.317925
0.319325
0.321475
0.327425
0.329425
0.331500
0.333650
0.336675
0.341075
0.344675
0.345750
0.346875
0.347000
0.350325
0.353575
0.355900
0.361225
0.362525
0.366900
0.372925
0.376875
0.401900
0.411750
0.412875
0.414075
0.416825
0.420400
0.420800
0.424175
0.427175
0.436700
0.437800
0.455675
0.461750
0.465825
0.467275
0.469000
0.472575
0.476025
0.491450
0.491950
0.493150
0.496100
0.503875
0.509775
0.510300
0.513350
0.522075
0.527850
0.527950
0.530575
0.532750
0.548925
0.575400
0.575550
0.581225
0.583850
0.585900
0.588575
0.589850
0.592900
0.604400
0.609200
0.611850
0.616450
0.626125
0.628575
0.632225
0.640350
0.641900
0.648250
0.649950
0.660050
0.669375
0.670475
0.673550
0.674550
0.674750
0.679325
0.697775
0.703750
0.707950
0.712200
0.714150
0.718550
0.731750
0.734400
0.735125
0.740275
0.742500
0.760200
0.763850
0.770125
0.770650
0.771000
0.771900
0.778600
0.779250
0.780025
0.781350
0.782600
0.784650
0.798975
0.808025
0.814775
0.822625
0.822950
0.829525
0.837100
0.842700
0.858425
0.865300
0.865425
0.880975
0.883875
0.894400
0.899500
0.902575
0.908825
0.909925
0.914300
0.925625
0.926925
0.930400
0.931225
0.935850
0.936350
0.958125
1.011700
1.033675
1.045775
1.067500
1.070100
1.084775
1.099775
1.116350
1.128700
1.135475
1.145025
1.157700
1.158225
1.158975
1.159750
1.174850
1.180700
1.184550
1.186075
1.203500
1.222525
1.223575
1.238225
1.299250
1.311900
1.312775
1.321025
1.354250
1.369625
1.394400
1.422825
1.428100
1.438525
1.447575
1.455625
1.484000
1.789725
1.903425
1.939125
1.996550
2.021600
2.112700
2.266000
2.277475
2.304650
245
