0.000525
0.000600
0.006400
0.009425
0.018125
0.029725
0.031225
0.032475
0.035600
0.039425
0.043075
0.046475
0.046975
0.059400
0.061400
0.062700
0.065075
0.068175
0.068400
0.073125
0.075750
0.081750
0.083950
0.089000
0.089425
0.091125
0.095500
0.098175
0.107550
0.107700
0.108950
0.109975
0.118100
0.124675
0.130050
0.130650
0.136925
0.140300
0.142400
0.146775
0.151750
0.183225
0.186550
0.195450
0.196500
0.201350
0.201475
0.203550
0.210750
0.212250
0.216075
0.219500
0.221950
0.222025
0.222625
0.224100
0.224100
0.225175
0.227775
0.231325
0.236425
0.244975
0.258275
0.263250
0.266725
0.277175
0.286775
0.287825
0.290825
0.293200
0.294575
0.294950
0.299750
0.300925
0.301550
0.319400
0.321625
0.326475
0.337200
0.339350
0.341725
0.361200
0.364550
0.367800
0.376750
0.381900
0.384700
0.386050
0.390950
0.391700
0.392050
0.394150
0.394175
0.404175
0.404200
0.405250
0.407700
0.409575
0.417375
0.417550
0.418625
0.419150
0.426750
0.439775
0.442875
0.459675
0.463025
0.469100
0.472750
0.479725
0.481125
0.483575
0.489550
0.493950
0.500925
0.513450
0.537950
0.539525
0.542225
0.542275
0.551250
0.555675
0.556650
0.559600
0.564500
0.566650
0.573850
0.578125
0.582400
0.585800
0.589400
0.593950
0.603350
0.611625
0.631625
0.652975
0.656950
0.657050
0.662675
0.664400
0.671500
0.680775
0.681625
0.682825
0.683775
0.684450
0.685600
0.695175
0.702650
0.706900
0.707150
0.711325
0.715050
0.718425
0.722550
0.722650
0.723725
0.724375
0.733475
0.738875
0.743250
0.744550
0.745425
0.746775
0.751125
0.754125
0.766525
0.771900
0.776950
0.780725
0.801825
0.816525
0.822250
0.827525
0.831475
0.841125
0.842900
0.846475
0.862200
0.864800
0.877325
0.886100
0.892175
0.904900
0.907925
0.913000
0.919525
0.920225
0.933750
0.938125
0.940500
0.940675
0.942400
0.954025
0.955975
0.963600
0.970625
0.974150
0.991150
1.011600
1.017250
1.025450
1.031900
1.032900
1.036350
1.041100
1.046450
1.049500
1.056250
1.092325
1.106575
1.117400
1.136050
1.146550
1.148650
1.156500
1.184550
1.197975
1.219100
1.258025
1.263525
1.264100
1.268625
1.301250
1.313025
1.358325
1.373350
1.381450
1.394775
1.401800
1.438125
1.454275
1.472200
1.485100
1.494025
1.494225
1.513500
1.551425
1.580650
1.591425
1.611825
1.629850
1.676250
1.751875
1.762625
1.805100
1.883725
2.056200
2.389800
2.451175
250
