0.004425
0.006425
0.009275
0.011300
0.012350
0.016225
0.025950
0.026125
0.026750
0.032250
0.033850
0.043050
0.044250
0.048825
0.053800
0.058200
0.060800
0.069150
0.071750
0.077275
0.078300
0.079550
0.082900
0.085875
0.090125
0.108625
0.114750
0.114875
0.116075
0.119225
0.124425
0.125750
0.131150
0.139900
0.141075
0.141625
0.150675
0.153575
0.160700
0.164725
0.165175
0.174800
0.176325
0.180175
0.184025
0.186675
0.189050
0.189525
0.196550
0.200775
0.205200
0.209700
0.214275
0.229050
0.233475
0.238075
0.239500
0.252825
0.255825
0.259625
0.273300
0.273650
0.276225
0.280525
0.283375
0.283675
0.285300
0.286800
0.289850
0.294150
0.294350
0.326000
0.329200
0.342675
0.343775
0.343800
0.348900
0.349175
0.374700
0.382650
0.389725
0.391325
0.399425
0.401950
0.406225
0.410000
0.413400
0.415325
0.423875
0.425825
0.429875
0.430775
0.433650
0.435100
0.436725
0.436800
0.437450
0.444600
0.451550
0.459950
0.460925
0.467550
0.481875
0.485350
0.490900
0.493975
0.501100
0.506500
0.519850
0.523225
0.526500
0.527050
0.534700
0.546475
0.546950
0.547550
0.548125
0.548700
0.548700
0.549275
0.553825
0.553875
0.556025
0.557625
0.562375
0.566550
0.567500
0.577500
0.586325
0.586725
0.587150
0.590200
0.593150
0.597725
0.599000
0.604800
0.612300
0.617625
0.619000
0.619350
0.631025
0.638500
0.640975
0.644175
0.645200
0.645750
0.652275
0.658400
0.659925
0.661675
0.672950
0.673675
0.678700
0.680750
0.682300
0.687825
0.692125
0.693450
0.693475
0.695775
0.710100
0.713400
0.721775
0.728100
0.729775
0.736200
0.739375
0.743400
0.746650
0.748200
0.748850
0.749600
0.750200
0.753350
0.754475
0.755700
0.759925
0.768300
0.768875
0.774925
0.781775
0.782025
0.782150
0.793525
0.794075
0.806700
0.816350
0.818325
0.818550
0.819375
0.826175
0.845750
0.850350
0.851975
0.859400
0.874250
0.874325
0.874925
0.883350
0.885575
0.890575
0.892100
0.893125
0.893450
0.903575
0.904850
0.910025
0.914825
0.923275
0.927950
0.935500
0.945600
0.946775
0.948700
0.963700
0.965300
0.980300
0.995525
0.998200
1.015025
1.035600
1.042850
1.049325
1.084925
1.094750
1.096900
1.112375
1.117825
1.155175
1.183400
1.190325
1.228050
1.234825
1.240200
1.246475
1.251775
1.283125
1.288125
1.288225
1.311250
1.325700
1.327600
1.363625
1.466825
1.514325
1.542350
1.665875
1.704100
1.737075
1.833775
1.834250
1.866100
1.872425
1.925075
1.980075
2.102175
2.149175
2.303750
258
