0.000500
0.011650
0.014775
0.021000
0.021150
0.030075
0.033950
0.055525
0.073450
0.075950
0.082275
0.087475
0.091725
0.092775
0.094575
0.102075
0.104050
0.115025
0.116025
0.119425
0.123850
0.125125
0.130850
0.131650
0.136550
0.136550
0.144425
0.144575
0.146500
0.148700
0.148700
0.160450
0.162350
0.174175
0.174250
0.177500
0.181950
0.185925
0.189175
0.192575
0.200975
0.208400
0.210200
0.213525
0.223325
0.228400
0.235375
0.235975
0.245150
0.246325
0.255650
0.257775
0.261175
0.266050
0.267325
0.273075
0.273325
0.276350
0.289775
0.290375
0.299575
0.310100
0.316025
0.321225
0.322525
0.323275
0.323550
0.324925
0.345875
0.345925
0.348300
0.350225
0.352650
0.357625
0.362825
0.364350
0.376950
0.377875
0.386250
0.387425
0.388250
0.392225
0.398850
0.403275
0.410650
0.418125
0.423475
0.424150
0.426475
0.427275
0.433075
0.435000
0.446750
0.455850
0.488625
0.488775
0.492100
0.498300
0.501725
0.511650
0.514150
0.520625
0.523725
0.524975
0.525200
0.542525
0.544425
0.551825
0.555275
0.555675
0.562575
0.563450
0.567575
0.576725
0.578875
0.581000
0.583225
0.588775
0.590925
0.595750
0.601675
0.602300
0.607450
0.610525
0.614100
0.614250
0.616150
0.619900
0.623950
0.637050
0.641250
0.642250
0.642450
0.642875
0.643500
0.648450
0.650475
0.650600
0.653850
0.658400
0.658525
0.664250
0.665725
0.670925
0.681225
0.681300
0.683075
0.691975
0.695650
0.697025
0.700675
0.710400
0.712625
0.725350
0.726925
0.729025
0.737200
0.737950
0.739125
0.742050
0.742900
0.750850
0.751500
0.754400
0.759650
0.763100
0.771250
0.772350
0.774350
0.789050
0.793125
0.795825
0.797875
0.802975
0.808925
0.815225
0.816300
0.825075
0.835450
0.841100
0.846875
0.848450
0.864375
0.864525
0.866575
0.888675
0.890625
0.893275
0.895000
0.895925
0.928175
0.930300
0.958300
0.959200
0.962700
0.969325
0.990725
1.007325
1.009100
1.016975
1.036700
1.040475
1.081125
1.083500
1.090225
1.095575
1.100450
1.103025
1.128400
1.130975
1.133100
1.144575
1.145100
1.151800
1.155000
1.158750
1.158975
1.171475
1.183700
1.198775
1.221900
1.264075
1.271750
1.293200
1.300800
1.316775
1.336625
1.359875
1.369575
1.394625
1.401900
1.404825
1.469400
1.477425
1.477900
1.488525
1.528625
1.668400
1.668675
1.806375
1.831550
1.850300
2.002550
2.044800
2.056050
2.129500
2.153925
2.156325
248
