0.005175
0.012275
0.013575
0.014225
0.019525
0.021475
0.024150
0.024550
0.025350
0.032475
0.032700
0.035100
0.037300
0.038975
0.040300
0.041475
0.042800
0.053425
0.054600
0.057950
0.062150
0.063250
0.069575
0.075950
0.076550
0.080050
0.082825
0.088725
0.091250
0.093300
0.095025
0.095950
0.095975
0.096025
0.096425
0.100725
0.111225
0.113575
0.118350
0.121475
0.125950
0.125950
0.131475
0.131800
0.131925
0.137975
0.140625
0.151800
0.154775
0.160650
0.164675
0.176325
0.176925
0.179600
0.181125
0.182775
0.184350
0.187425
0.189975
0.191475
0.194600
0.197625
0.200575
0.203125
0.217000
0.220975
0.235275
0.239300
0.241725
0.243375
0.243775
0.244150
0.246975
0.248300
0.250625
0.251075
0.253400
0.262050
0.266675
0.275425
0.280075
0.281550
0.281625
0.283475
0.284350
0.285850
0.288675
0.310125
0.311325
0.314275
0.314375
0.314725
0.316175
0.317500
0.326750
0.343300
0.345825
0.350350
0.350625
0.353150
0.353600
0.354900
0.360900
0.368350
0.369775
0.372125
0.375800
0.377375
0.377575
0.378450
0.389975
0.394725
0.400350
0.402475
0.420575
0.420900
0.421850
0.430150
0.437175
0.437525
0.444100
0.447025
0.455550
0.458625
0.464200
0.467225
0.469225
0.476225
0.483150
0.500275
0.502950
0.519825
0.525800
0.530975
0.537625
0.551900
0.555550
0.559975
0.561125
0.561575
0.562525
0.579225
0.583050
0.589875
0.590350
0.603650
0.607950
0.618775
0.620750
0.626600
0.629900
0.630725
0.635125
0.642175
0.643825
0.658800
0.661200
0.666350
0.669175
0.673300
0.678175
0.687525
0.692900
0.693775
0.703925
0.709100
0.709150
0.712175
0.718575
0.728075
0.741900
0.751325
0.764000
0.764500
0.770225
0.771700
0.771800
0.773525
0.785150
0.789450
0.794075
0.800500
0.800925
0.812800
0.814325
0.815000
0.818025
0.821575
0.827275
0.840975
0.841975
0.843825
0.844050
0.853725
0.858550
0.861925
0.868725
0.872900
0.874925
0.882800
0.884400
0.886225
0.902875
0.910125
0.910850
0.919825
0.920300
0.926125
0.936550
0.946375
0.949600
0.951225
0.969650
0.972375
0.975025
0.977000
0.994450
1.009775
1.010125
1.019250
1.026200
1.029400
1.030675
1.035700
1.042225
1.045600
1.058875
1.065575
1.066975
1.076225
1.089225
1.097775
1.104200
1.110050
1.115000
1.116125
1.121775
1.128450
1.153400
1.179825
1.190300
1.201025
1.204950
1.216100
1.227550
1.250675
1.254925
1.276125
1.296575
1.300500
1.316200
1.321350
1.336075
1.344850
1.353675
1.367525
1.375300
1.392325
1.465525
1.472050
1.476675
1.516200
1.573850
1.667400
1.739450
1.781525
1.868125
2.009650
2.058950
2.175075
2.365775
271
