0.003025
0.003225
0.008675
0.015225
0.019025
0.019175
0.032175
0.040500
0.043000
0.043550
0.045925
0.049725
0.056750
0.058250
0.070850
0.086450
0.090350
0.090475
0.092275
0.100000
0.102900
0.104550
0.108325
0.116600
0.120750
0.125750
0.130350
0.132175
0.142900
0.153750
0.154025
0.155775
0.175950
0.184375
0.194600
0.197400
0.202200
0.210750
0.210775
0.213200
0.215900
0.217225
0.217500
0.221525
0.227000
0.227400
0.232000
0.234400
0.234475
0.241275
0.242100
0.250100
0.251125
0.271825
0.276150
0.276400
0.283550
0.284325
0.289450
0.299125
0.305375
0.306275
0.308125
0.310150
0.316800
0.326875
0.328750
0.331100
0.337400
0.373850
0.374200
0.375925
0.376275
0.380875
0.386500
0.386975
0.390625
0.405125
0.413050
0.427500
0.429975
0.433425
0.434475
0.436200
0.446250
0.456250
0.458800
0.459725
0.462075
0.465800
0.467400
0.467800
0.473325
0.483850
0.490450
0.492075
0.497450
0.505175
0.505925
0.509550
0.509900
0.520575
0.527825
0.535325
0.542025
0.543550
0.544400
0.544875
0.563325
0.563600
0.566600
0.577750
0.578600
0.584375
0.593875
0.594225
0.595875
0.599000
0.601050
0.603725
0.603975
0.604250
0.616675
0.617400
0.621675
0.622525
0.623975
0.630575
0.633650
0.635000
0.638375
0.642050
0.642525
0.652075
0.652475
0.654775
0.654875
0.655100
0.662875
0.664625
0.668225
0.670625
0.673500
0.678275
0.678925
0.691975
0.694500
0.706450
0.707200
0.718900
0.724400
0.727175
0.739000
0.747425
0.757200
0.758525
0.760450
0.760550
0.762075
0.767400
0.768775
0.769550
0.771275
0.772450
0.782925
0.784350
0.785275
0.786900
0.793300
0.795925
0.800625
0.809100
0.811475
0.816375
0.818325
0.823150
0.862975
0.869575
0.870150
0.877275
0.880250
0.883050
0.886225
0.886550
0.892075
0.901550
0.903350
0.903450
0.919550
0.929775
0.931650
0.937025
0.939350
0.940025
0.944250
0.953525
0.956550
0.959950
0.968950
0.969850
1.009450
1.012875
1.018675
1.023350
1.035775
1.039200
1.057150
1.065275
1.087375
1.109075
1.116875
1.140700
1.168150
1.175800
1.184175
1.189700
1.207850
1.219725
1.220125
1.228350
1.233000
1.251625
1.265875
1.266000
1.269950
1.274925
1.283025
1.307700
1.321150
1.336625
1.340750
1.372000
1.380450
1.484850
1.508900
1.552800
1.642425
1.642700
1.656275
1.666700
1.911950
2.048175
2.083475
2.396975
244
