0.007275
0.010250
0.019075
0.023600
0.027875
0.034750
0.039650
0.039875
0.043225
0.049300
0.050000
0.058300
0.063725
0.066150
0.070550
0.071425
0.076950
0.086350
0.088300
0.091750
0.092500
0.094400
0.101100
0.101125
0.109700
0.110275
0.115675
0.116575
0.131725
0.137025
0.137650
0.140175
0.142200
0.148750
0.153275
0.156075
0.160700
0.161625
0.167475
0.175475
0.187625
0.201175
0.201600
0.205550
0.217250
0.223100
0.224975
0.228950
0.231550
0.236925
0.241375
0.251200
0.252850
0.258625
0.259825
0.260975
0.265175
0.268400
0.271225
0.279175
0.285250
0.285250
0.286225
0.287475
0.289650
0.299275
0.300050
0.305275
0.308275
0.309575
0.315200
0.319300
0.336550
0.337125
0.337450
0.338600
0.339675
0.340500
0.343025
0.343075
0.350650
0.351850
0.362100
0.366725
0.370750
0.378650
0.382200
0.383375
0.386600
0.387250
0.391475
0.401650
0.414275
0.421175
0.423225
0.429625
0.430375
0.431525
0.441950
0.442175
0.446425
0.447150
0.449450
0.450975
0.453400
0.468025
0.469375
0.470400
0.475125
0.486025
0.487650
0.512550
0.514050
0.520475
0.521000
0.529625
0.529825
0.538175
0.541025
0.542300
0.542825
0.549275
0.551150
0.551675
0.553150
0.567650
0.570325
0.576525
0.588100
0.588400
0.597600
0.598025
0.600225
0.605925
0.608925
0.610400
0.610500
0.612325
0.615550
0.622825
0.628525
0.632650
0.633100
0.633875
0.635350
0.646450
0.646825
0.650900
0.655225
0.664100
0.668450
0.671300
0.674400
0.678000
0.682475
0.682800
0.691050
0.703325
0.704650
0.704875
0.706250
0.708700
0.711450
0.719725
0.726650
0.733000
0.746000
0.748925
0.755450
0.762875
0.768925
0.770000
0.779350
0.781900
0.786875
0.790825
0.804750
0.817375
0.819325
0.821025
0.844175
0.845375
0.848375
0.854800
0.861250
0.861900
0.869150
0.869450
0.875025
0.878125
0.882450
0.887300
0.892125
0.906200
0.913050
0.918700
0.921525
0.922725
0.933800
0.937700
0.960850
0.960850
0.964725
0.970875
0.989725
0.996425
1.009100
1.012575
1.014850
1.016325
1.080375
1.092475
1.101525
1.104425
1.109400
1.125975
1.134050
1.139675
1.143800
1.165625
1.173575
1.193800
1.204825
1.213225
1.219575
1.238450
1.275850
1.293225
1.298525
1.307775
1.328650
1.329800
1.372000
1.416575
1.429500
1.429950
1.432275
1.474400
1.502650
1.513275
1.534450
1.677625
1.691200
1.708950
1.716325
1.729850
1.751900
1.853575
2.031975
249
