0.004625
0.007875
0.013750
0.019975
0.024825
0.030400
0.031275
0.033100
0.035800
0.038175
0.038600
0.044100
0.050675
0.050750
0.080875
0.080950
0.088775
0.089625
0.091075
0.093625
0.095650
0.100875
0.104250
0.122600
0.123275
0.123775
0.124525
0.139800
0.140450
0.142000
0.154275
0.155725
0.157775
0.165700
0.172575
0.172950
0.178450
0.186450
0.194200
0.199200
0.204975
0.209950
0.211675
0.217975
0.221175
0.222575
0.227500
0.231850
0.233450
0.233700
0.235475
0.235650
0.244975
0.251750
0.251775
0.254975
0.257500
0.263250
0.265400
0.279875
0.282925
0.293425
0.297275
0.297825
0.302825
0.304125
0.307250
0.310450
0.322775
0.337375
0.339075
0.342325
0.347025
0.347775
0.352650
0.357975
0.359400
0.361000
0.365025
0.365650
0.378450
0.380125
0.388175
0.399150
0.401775
0.420725
0.427125
0.427150
0.440650
0.441625
0.444150
0.449725
0.458225
0.465950
0.475700
0.488000
0.491975
0.492150
0.493050
0.494825
0.496450
0.497725
0.504625
0.505300
0.508700
0.518300
0.523350
0.528300
0.540375
0.540900
0.549325
0.565825
0.582900
0.588075
0.590925
0.591750
0.593975
0.596525
0.598175
0.604325
0.604925
0.604975
0.610600
0.613725
0.619375
0.631400
0.642600
0.646900
0.647425
0.662550
0.664950
0.678175
0.679400
0.680800
0.681000
0.682100
0.683650
0.696050
0.696425
0.701875
0.703900
0.710225
0.714800
0.716600
0.721425
0.722025
0.724225
0.730025
0.732575
0.736950
0.739250
0.739775
0.745250
0.745700
0.752575
0.752825
0.756850
0.765000
0.767350
0.772025
0.772475
0.778850
0.786825
0.818875
0.826925
0.829500
0.830350
0.838125
0.853025
0.858975
0.860000
0.862050
0.867275
0.877325
0.879300
0.891925
0.900425
0.921900
0.942725
0.945375
0.950725
0.964050
0.965575
0.975125
0.983975
0.984075
0.984850
1.002025
1.016350
1.022500
1.024025
1.027850
1.041725
1.057575
1.058100
1.058125
1.070625
1.071275
1.076375
1.088025
1.091350
1.092025
1.094200
1.110200
1.115125
1.121350
1.128575
1.223175
1.223550
1.246300
1.261125
1.273700
1.285050
1.287000
1.300050
1.360775
1.362725
1.441825
1.469925
1.501700
1.509675
1.519525
1.544075
1.572500
1.584075
1.687500
1.764050
1.789950
1.793175
1.924025
1.972575
2.060425
2.080375
2.136375
2.234800
2.273175
2.449625
237
