0.002950
0.005150
0.008250
0.009625
0.017350
0.017600
0.020200
0.020225
0.024900
0.028175
0.047475
0.061750
0.067225
0.068800
0.070975
0.085375
0.089575
0.090250
0.093200
0.094475
0.095250
0.095450
0.102700
0.106800
0.111150
0.111800
0.116050
0.118600
0.122325
0.127775
0.137875
0.153925
0.159025
0.160050
0.160775
0.160950
0.169050
0.173400
0.174200
0.175750
0.187300
0.188975
0.190675
0.213425
0.223475
0.227025
0.237075
0.240175
0.247125
0.250900
0.251600
0.253025
0.255300
0.259400
0.261550
0.264875
0.273275
0.288100
0.293050
0.295025
0.299675
0.303650
0.304150
0.306525
0.313000
0.317925
0.318000
0.326025
0.327125
0.327875
0.330225
0.331475
0.341925
0.347450
0.355450
0.361075
0.363675
0.371400
0.375225
0.375425
0.376225
0.377025
0.384825
0.386500
0.388775
0.396225
0.400350
0.401200
0.401325
0.403775
0.408150
0.417425
0.421150
0.427750
0.428675
0.431925
0.442275
0.449550
0.464675
0.466125
0.467775
0.468925
0.470400
0.471250
0.479400
0.487775
0.501125
0.507000
0.510600
0.516125
0.517500
0.522450
0.524425
0.527875
0.530550
0.534125
0.557125
0.557650
0.559875
0.566650
0.569275
0.579825
0.579950
0.580400
0.589825
0.594700
0.595425
0.610150
0.614175
0.614625
0.621325
0.622250
0.623800
0.633900
0.644025
0.646050
0.651625
0.654200
0.661975
0.666175
0.669775
0.683250
0.687900
0.690000
0.694275
0.706325
0.719850
0.724075
0.725325
0.729600
0.737250
0.749800
0.750000
0.751525
0.757400
0.763225
0.767550
0.770325
0.771175
0.771275
0.776175
0.778700
0.781400
0.787475
0.794850
0.798650
0.816150
0.817350
0.818425
0.824100
0.826175
0.841050
0.847750
0.874400
0.878300
0.880950
0.888975
0.898725
0.899950
0.908525
0.920075
0.933725
0.948150
0.950275
0.973775
0.977675
0.982375
0.982900
0.986250
0.987675
0.988125
0.995350
1.016800
1.017125
1.020950
1.025800
1.036275
1.045350
1.047550
1.048725
1.059175
1.064350
1.068550
1.092700
1.092900
1.103250
1.105550
1.107325
1.111000
1.132375
1.166625
1.172975
1.181000
1.196775
1.205050
1.215075
1.291325
1.301200
1.314100
1.335700
1.369950
1.373200
1.390725
1.413625
1.428650
1.482225
1.511750
1.561725
1.643150
1.711400
1.765875
1.876425
2.023575
2.109475
234
