0.001075
0.004075
0.010375
0.010575
0.012925
0.018625
0.025300
0.039225
0.054225
0.066275
0.070900
0.073375
0.074200
0.081550
0.085200
0.086175
0.088225
0.088500
0.094000
0.098050
0.098975
0.102725
0.103000
0.110850
0.120350
0.125850
0.131025
0.140650
0.143400
0.143700
0.150425
0.150850
0.179925
0.181250
0.187350
0.204300
0.204450
0.209050
0.210500
0.219850
0.219900
0.223275
0.229175
0.231675
0.240150
0.244625
0.249875
0.257400
0.264375
0.272400
0.272500
0.287150
0.290100
0.292225
0.294425
0.295125
0.302375
0.303000
0.305775
0.306475
0.308625
0.309725
0.310675
0.319275
0.319600
0.344600
0.345800
0.351125
0.359725
0.365175
0.366675
0.369925
0.380150
0.380650
0.381775
0.394825
0.406475
0.410225
0.415700
0.418825
0.419350
0.425100
0.440500
0.443250
0.445375
0.446675
0.451050
0.459200
0.459275
0.462025
0.484550
0.488600
0.491650
0.497500
0.511275
0.524375
0.524650
0.536500
0.552175
0.552500
0.555800
0.560200
0.561025
0.563600
0.564325
0.569350
0.571600
0.572800
0.586175
0.589625
0.591225
0.595225
0.597400
0.606250
0.608775
0.612150
0.616550
0.640825
0.643025
0.643650
0.649600
0.650175
0.652400
0.664125
0.664225
0.672975
0.676400
0.679050
0.684975
0.689025
0.693400
0.695975
0.700550
0.700575
0.701200
0.709050
0.720575
0.724500
0.733350
0.737075
0.739800
0.752200
0.758275
0.767850
0.790950
0.793225
0.793550
0.796875
0.798025
0.800575
0.802600
0.806875
0.812100
0.812625
0.819725
0.827975
0.830575
0.832975
0.836925
0.837725
0.838600
0.844675
0.845400
0.848800
0.851675
0.855825
0.864675
0.865775
0.874325
0.889125
0.890525
0.892075
0.908550
0.911850
0.964225
0.976100
0.995875
1.001450
1.013575
1.036325
1.047800
1.048425
1.063375
1.082950
1.084175
1.089575
1.104975
1.115000
1.125675
1.136525
1.175425
1.178150
1.183925
1.189650
1.199225
1.206525
1.216025
1.223275
1.248925
1.261150
1.305025
1.317250
1.328300
1.342600
1.348425
1.360650
1.395525
1.440175
1.464525
1.481475
1.493650
1.518975
1.522800
1.546950
1.638825
1.648925
1.675825
1.694725
1.724150
1.734725
1.773600
1.787775
1.887575
1.894650
2.094325
2.223775
2.260900
2.304250
2.400050
229
