0.006175
0.016775
0.025650
0.031600
0.035900
0.037050
0.037650
0.043100
0.044400
0.045425
0.073500
0.076325
0.078275
0.081675
0.092775
0.098200
0.110000
0.121100
0.122900
0.123675
0.125025
0.130075
0.132350
0.136025
0.137950
0.138175
0.139850
0.140475
0.144775
0.150700
0.154950
0.161300
0.163075
0.168525
0.177375
0.206500
0.207850
0.212100
0.213975
0.222175
0.223000
0.236075
0.244200
0.248850
0.262200
0.267450
0.269900
0.285900
0.286175
0.290150
0.296875
0.299075
0.303000
0.304950
0.312875
0.321475
0.323325
0.325075
0.337350
0.337525
0.342175
0.352300
0.355375
0.358025
0.360925
0.377200
0.377450
0.379625
0.386525
0.394525
0.394675
0.396375
0.397075
0.401775
0.404300
0.409300
0.411225
0.415475
0.419300
0.419825
0.421975
0.425650
0.426325
0.431025
0.431975
0.432425
0.439125
0.441250
0.451375
0.460775
0.461025
0.463625
0.465900
0.470175
0.472025
0.474700
0.476025
0.480825
0.484375
0.489100
0.493800
0.503025
0.503625
0.505625
0.506225
0.509425
0.511450
0.512675
0.516950
0.521375
0.523600
0.524375
0.533050
0.534175
0.545325
0.549000
0.552225
0.552400
0.558500
0.564550
0.568675
0.572700
0.572925
0.583175
0.583525
0.583775
0.586025
0.597400
0.600425
0.600650
0.604625
0.607075
0.611625
0.612200
0.627500
0.630150
0.635150
0.635700
0.636000
0.644675
0.655725
0.658350
0.659275
0.662875
0.663725
0.673025
0.684275
0.684725
0.695825
0.696675
0.710125
0.715800
0.717375
0.722500
0.722725
0.723575
0.734825
0.741875
0.742850
0.745450
0.749850
0.753275
0.761750
0.762175
0.763400
0.773825
0.774075
0.780725
0.786725
0.787700
0.788350
0.794450
0.814425
0.831725
0.837675
0.840850
0.841825
0.844275
0.846875
0.862950
0.865275
0.865500
0.867725
0.872650
0.883050
0.886300
0.890450
0.899700
0.902500
0.924475
0.925375
0.932775
0.946975
0.957850
0.958700
0.961650
0.964375
0.967250
0.969475
0.995650
0.997350
1.004700
1.014925
1.026425
1.045200
1.054425
1.059025
1.059100
1.124900
1.131175
1.133625
1.160025
1.170050
1.170300
1.179575
1.189950
1.193475
1.226975
1.238125
1.242350
1.260675
1.264425
1.329950
1.359475
1.413200
1.414500
1.455400
1.487225
1.559325
1.574975
1.619175
1.636575
1.737525
1.809100
1.815175
2.019950
2.159950
2.179425
2.288250
2.384850
2.499550
241
