0.004125
0.005050
0.009025
0.011675
0.013325
0.014550
0.019475
0.025700
0.032050
0.041125
0.043700
0.059200
0.088325
0.093375
0.095375
0.095775
0.109250
0.109300
0.110775
0.113400
0.115325
0.119625
0.127475
0.130875
0.138775
0.141750
0.148900
0.158450
0.169475
0.170400
0.174225
0.175475
0.187550
0.189250
0.192725
0.193400
0.193575
0.199100
0.201300
0.207500
0.208550
0.211650
0.218525
0.220600
0.220925
0.224175
0.227225
0.232725
0.242475
0.243650
0.245775
0.264275
0.268775
0.273675
0.281275
0.285325
0.290000
0.291625
0.292825
0.297250
0.297800
0.299825
0.303825
0.304275
0.309050
0.313325
0.318400
0.319000
0.330075
0.330125
0.330250
0.330475
0.333475
0.334225
0.338475
0.340400
0.355900
0.358650
0.363275
0.372675
0.382525
0.392025
0.397025
0.400875
0.403375
0.403475
0.410550
0.412350
0.414125
0.424000
0.437625
0.445225
0.451100
0.460475
0.461025
0.461575
0.465150
0.476625
0.479575
0.481475
0.496450
0.503050
0.510475
0.511675
0.519525
0.522775
0.525450
0.531775
0.541600
0.545500
0.547050
0.556150
0.557600
0.562125
0.565125
0.566975
0.571775
0.573125
0.573950
0.576650
0.585425
0.587925
0.593050
0.595950
0.601875
0.610700
0.613175
0.614475
0.615525
0.619400
0.620875
0.621225
0.622175
0.625000
0.634550
0.635400
0.636625
0.646325
0.648550
0.654525
0.656800
0.658175
0.660075
0.663475
0.670800
0.676025
0.679975
0.709700
0.710600
0.711150
0.712925
0.713225
0.718350
0.721075
0.723975
0.736425
0.736825
0.738175
0.742500
0.762175
0.764600
0.765675
0.769850
0.779200
0.800950
0.811325
0.817550
0.817900
0.832025
0.833350
0.834875
0.835375
0.846675
0.848500
0.850175
0.851575
0.856725
0.859800
0.866175
0.871975
0.875775
0.898875
0.902200
0.902950
0.904200
0.915625
0.919150
0.920275
0.925800
0.929775
0.931125
0.940525
0.940650
0.942850
0.946925
0.957675
0.959400
0.962475
0.964425
0.965350
0.967825
0.968800
0.977475
0.992250
0.997050
1.010000
1.027025
1.032650
1.034200
1.042775
1.052900
1.061250
1.085375
1.090700
1.097100
1.097775
1.100250
1.105925
1.106825
1.116775
1.124875
1.156575
1.162800
1.175125
1.187100
1.218525
1.230600
1.245450
1.337225
1.339950
1.343200
1.360400
1.373575
1.382400
1.385000
1.438475
1.451575
1.474475
1.487925
1.552475
1.628625
1.682600
1.686925
1.758975
1.784950
1.810650
1.837700
1.900225
2.198450
2.242300
2.302525
251
