0.000650
0.011900
0.020800
0.021900
0.027150
0.034850
0.063025
0.067400
0.068275
0.069400
0.070350
0.072850
0.080175
0.086600
0.095225
0.097250
0.098275
0.101850
0.108300
0.112725
0.118250
0.131725
0.136100
0.148050
0.153150
0.155775
0.157225
0.159875
0.161525
0.166975
0.170175
0.179050
0.181325
0.181700
0.182075
0.183100
0.184275
0.202700
0.203025
0.205075
0.205100
0.212075
0.212100
0.238300
0.248375
0.251650
0.253750
0.254125
0.264475
0.265425
0.265700
0.267525
0.268175
0.269100
0.274900
0.277050
0.280500
0.283625
0.295750
0.298725
0.303650
0.306725
0.308325
0.312275
0.318000
0.318425
0.332075
0.335600
0.339800
0.347325
0.358675
0.362750
0.368875
0.370000
0.371325
0.375600
0.378250
0.383375
0.387575
0.395725
0.397050
0.397325
0.398800
0.407800
0.408275
0.408850
0.408900
0.411775
0.432025
0.432375
0.432975
0.462925
0.465450
0.472900
0.472950
0.479225
0.479300
0.483200
0.499175
0.499800
0.504000
0.507725
0.516750
0.517900
0.524850
0.544050
0.551750
0.552150
0.558275
0.559100
0.571650
0.585000
0.586375
0.589650
0.591875
0.603225
0.605500
0.608875
0.611200
0.615525
0.626825
0.628700
0.635675
0.636300
0.644625
0.644800
0.652850
0.654975
0.659625
0.663150
0.672000
0.678600
0.680725
0.681300
0.685875
0.686325
0.688175
0.691200
0.691700
0.693375
0.696150
0.701175
0.703025
0.709475
0.710050
0.710250
0.712075
0.714100
0.714975
0.722200
0.729550
0.733075
0.733800
0.736000
0.739050
0.744300
0.747325
0.748175
0.750125
0.750625
0.752000
0.760200
0.764500
0.765175
0.777350
0.784075
0.784925
0.785575
0.792875
0.800825
0.804625
0.809325
0.810275
0.812400
0.816325
0.816975
0.836725
0.839400
0.854625
0.854950
0.858075
0.861100
0.865175
0.869325
0.873300
0.891200
0.896575
0.900400
0.901700
0.915950
0.921850
0.923300
0.958275
0.965475
0.989550
0.993525
0.994350
0.995475
1.026300
1.031175
1.036700
1.049150
1.050225
1.051100
1.051650
1.054550
1.082950
1.091175
1.091725
1.108625
1.130900
1.149250
1.169250
1.179550
1.185800
1.207725
1.210575
1.263775
1.287225
1.297575
1.318850
1.341525
1.367125
1.370825
1.371350
1.373050
1.389750
1.415425
1.442650
1.444700
1.501800
1.514675
1.516350
1.557025
1.571575
1.609675
1.646600
1.764750
1.808400
1.830050
1.831025
1.930600
242
