0.000225
0.014550
0.026425
0.033225
0.038800
0.040375
0.043300
0.045950
0.050425
0.053200
0.058425
0.060500
0.069425
0.089600
0.090650
0.092900
0.093675
0.101050
0.114525
0.115375
0.126675
0.132900
0.141025
0.145700
0.152450
0.156800
0.158300
0.162925
0.164300
0.168350
0.175275
0.175275
0.190700
0.191200
0.196675
0.200675
0.218250
0.222000
0.227800
0.228125
0.229675
0.240300
0.245850
0.247000
0.247875
0.248050
0.254950
0.255200
0.259800
0.263100
0.265100
0.268975
0.269250
0.276125
0.282750
0.284350
0.293200
0.309125
0.309975
0.310225
0.312950
0.323825
0.334400
0.334650
0.334725
0.337250
0.337375
0.338400
0.344800
0.351025
0.352775
0.354475
0.356875
0.359250
0.362975
0.366675
0.369500
0.373925
0.377250
0.383925
0.387975
0.393525
0.395375
0.409500
0.410050
0.411875
0.416900
0.420125
0.423575
0.428825
0.429050
0.429300
0.429425
0.430900
0.440500
0.460500
0.472175
0.473775
0.477725
0.480050
0.480800
0.481525
0.481850
0.485175
0.488600
0.501200
0.501300
0.503375
0.503900
0.507225
0.514950
0.516575
0.518675
0.524875
0.541600
0.542450
0.544025
0.544100
0.550075
0.555175
0.566050
0.572100
0.573125
0.578750
0.579900
0.589875
0.592000
0.593975
0.598250
0.603625
0.613225
0.617525
0.621475
0.622350
0.622750
0.625175
0.626575
0.635425
0.644550
0.649850
0.652900
0.659600
0.664200
0.666800
0.668625
0.670675
0.675350
0.675550
0.677975
0.679800
0.685800
0.688550
0.693775
0.696950
0.697675
0.698450
0.709650
0.712825
0.713675
0.715900
0.718500
0.718550
0.727600
0.730950
0.738150
0.740925
0.742700
0.744625
0.772950
0.782775
0.792675
0.794600
0.796425
0.815000
0.816900
0.818225
0.823250
0.823275
0.836475
0.837325
0.839100
0.840050
0.840675
0.855275
0.866750
0.881275
0.888450
0.890300
0.896250
0.896600
0.896775
0.905950
0.906625
0.915525
0.917200
0.920000
0.933300
0.944975
0.948050
0.949050
0.950100
0.953925
0.964075
0.967250
0.969900
0.975925
0.975975
0.985625
1.009700
1.017000
1.021500
1.024025
1.029825
1.039875
1.041925
1.049900
1.058275
1.069625
1.075250
1.088275
1.089725
1.098275
1.131300
1.137750
1.156425
1.159125
1.159225
1.226000
1.308275
1.321100
1.326425
1.327450
1.328425
1.361025
1.361550
1.366425
1.374125
1.376400
1.384275
1.410475
1.420950
1.437025
1.438950
1.453000
1.508350
1.517450
1.534250
1.666875
1.711825
1.758250
1.773950
1.804475
1.813800
1.928675
1.992900
2.011900
2.084300
2.267050
258
