0.001425
0.005125
0.014775
0.015250
0.017800
0.027725
0.032675
0.036775
0.041600
0.049825
0.055150
0.055250
0.070975
0.071875
0.072675
0.082125
0.082125
0.083625
0.084725
0.087300
0.090725
0.093200
0.096525
0.111275
0.113950
0.117950
0.122275
0.123375
0.134425
0.139450
0.139850
0.141175
0.145625
0.145625
0.146725
0.147500
0.160725
0.161000
0.163625
0.165775
0.169900
0.177175
0.178875
0.205075
0.207075
0.209025
0.209450
0.210300
0.212550
0.217425
0.223325
0.227800
0.235000
0.242425
0.244250
0.252750
0.253100
0.273700
0.276425
0.283800
0.293175
0.295925
0.298550
0.305175
0.306725
0.330350
0.340425
0.344100
0.346600
0.349300
0.351000
0.359700
0.361525
0.370300
0.372600
0.395925
0.405900
0.407800
0.412250
0.415050
0.416325
0.418700
0.433725
0.439600
0.439625
0.445025
0.448050
0.448250
0.454900
0.467125
0.471625
0.474175
0.476250
0.479525
0.483675
0.487525
0.497700
0.504550
0.509375
0.510750
0.514975
0.526775
0.530050
0.536300
0.551300
0.552600
0.559700
0.561025
0.566925
0.580250
0.581450
0.581775
0.584725
0.585675
0.591625
0.599350
0.604150
0.605075
0.605900
0.607200
0.607775
0.610300
0.611325
0.618300
0.623700
0.624725
0.630850
0.636000
0.641600
0.644150
0.649575
0.654950
0.660900
0.663450
0.673350
0.674025
0.675525
0.677250
0.682000
0.683400
0.703600
0.704150
0.711150
0.711225
0.712475
0.715800
0.721875
0.726575
0.729450
0.732650
0.742150
0.750825
0.752625
0.757050
0.765925
0.774250
0.794100
0.796375
0.804525
0.809125
0.813625
0.814600
0.824275
0.827300
0.831650
0.843625
0.850625
0.854375
0.865375
0.871425
0.881800
0.884325
0.939875
0.944500
0.964575
0.968725
0.971500
0.980675
0.982325
0.982550
0.996550
1.012875
1.013375
1.014775
1.040000
1.050350
1.061525
1.063025
1.083550
1.084600
1.086950
1.092350
1.105900
1.160075
1.173125
1.179975
1.182725
1.184700
1.191250
1.192075
1.205025
1.209875
1.224250
1.236950
1.238075
1.243650
1.278200
1.285150
1.296375
1.307725
1.331000
1.349450
1.393300
1.474500
1.484425
1.489150
1.625900
1.652000
1.712400
1.809400
1.830000
1.882425
1.901250
1.906300
1.959900
2.001125
2.471450
227
