0.003150
0.004600
0.019025
0.020450
0.028900
0.034000
0.036800
0.042275
0.042300
0.054175
0.063200
0.077750
0.079125
0.079375
0.084550
0.088175
0.088275
0.092150
0.096925
0.099675
0.109150
0.121125
0.124175
0.125675
0.127875
0.129850
0.134700
0.138575
0.158775
0.161375
0.163650
0.169075
0.171575
0.175600
0.180575
0.182875
0.183125
0.184325
0.192500
0.192775
0.193100
0.197475
0.198175
0.199800
0.202475
0.204000
0.204300
0.212900
0.218375
0.221050
0.222450
0.227750
0.235125
0.235950
0.239725
0.244700
0.252775
0.260450
0.278650
0.280750
0.288750
0.291775
0.293400
0.296475
0.298450
0.299350
0.301200
0.304200
0.321675
0.331000
0.331250
0.338100
0.342700
0.354825
0.356150
0.356625
0.361950
0.364675
0.364825
0.366600
0.380175
0.382075
0.387425
0.388850
0.391200
0.393575
0.398725
0.400825
0.404725
0.405825
0.413325
0.414625
0.426550
0.429350
0.429550
0.431925
0.433025
0.438950
0.439425
0.442175
0.444200
0.447100
0.451425
0.452900
0.454425
0.463100
0.473800
0.478075
0.478225
0.480150
0.487300
0.487550
0.490125
0.490925
0.492400
0.493950
0.496600
0.497525
0.497800
0.499025
0.502975
0.503400
0.504675
0.517450
0.524700
0.525025
0.530125
0.535350
0.536200
0.536925
0.546600
0.555375
0.560475
0.562000
0.577150
0.577550
0.578450
0.589050
0.596925
0.597400
0.597500
0.600775
0.604025
0.616575
0.634475
0.638550
0.641525
0.654850
0.658825
0.659125
0.668500
0.671000
0.675700
0.680300
0.681150
0.687925
0.704225
0.707300
0.715975
0.722025
0.726200
0.728450
0.736800
0.739150
0.745775
0.759875
0.760425
0.760875
0.762700
0.770450
0.776900
0.778500
0.783600
0.787275
0.789050
0.794675
0.822600
0.828375
0.831900
0.843450
0.844800
0.849000
0.856925
0.862150
0.894125
0.904025
0.914250
0.916700
0.932625
0.933275
0.944275
0.957825
0.960750
0.973725
0.980575
1.011925
1.017925
1.034000
1.043000
1.053650
1.055575
1.068075
1.069150
1.078800
1.078950
1.079350
1.080700
1.084675
1.089875
1.092375
1.135225
1.136050
1.146275
1.173025
1.176525
1.176675
1.177000
1.178225
1.187725
1.191175
1.191700
1.198250
1.250750
1.254850
1.265175
1.301175
1.330575
1.338925
1.348800
1.361875
1.374100
1.389800
1.408425
1.413400
1.418375
1.448150
1.492150
1.563425
1.584975
1.646675
1.655975
1.662725
1.727500
1.780875
1.871400
1.876275
1.921200
1.953950
2.003350
2.096700
2.148275
2.385900
252
