0.011400
0.012075
0.014100
0.015150
0.016025
0.018975
0.023225
0.027800
0.028100
0.033750
0.035700
0.047650
0.052425
0.057550
0.058650
0.063300
0.063850
0.064675
0.066975
0.067525
0.075225
0.075250
0.102050
0.104175
0.107250
0.123000
0.123700
0.135075
0.140000
0.145825
0.161950
0.162050
0.165550
0.165600
0.170000
0.172675
0.177700
0.189625
0.193075
0.193725
0.195050
0.198025
0.205225
0.214075
0.221800
0.227200
0.231150
0.233175
0.239925
0.242500
0.244050
0.250125
0.252450
0.257575
0.260975
0.262900
0.270675
0.280425
0.281375
0.289300
0.296175
0.299450
0.306375
0.321925
0.323650
0.332525
0.332625
0.338975
0.346050
0.348600
0.352225
0.352650
0.354650
0.359375
0.373000
0.379425
0.381675
0.385550
0.386325
0.390425
0.391800
0.394825
0.398800
0.399200
0.399425
0.402175
0.403075
0.403550
0.403575
0.411600
0.413825
0.413925
0.414100
0.418100
0.424425
0.424775
0.426425
0.427875
0.428650
0.434275
0.441725
0.458125
0.461500
0.462050
0.464550
0.467800
0.467875
0.476700
0.477150
0.483625
0.485775
0.490925
0.492600
0.492625
0.497625
0.498625
0.508800
0.510350
0.512650
0.515800
0.518250
0.520050
0.521725
0.531275
0.533250
0.534550
0.540125
0.540350
0.542750
0.548325
0.549025
0.566525
0.569625
0.582725
0.586350
0.587175
0.590000
0.591575
0.598850
0.600925
0.604325
0.607250
0.607875
0.610675
0.610750
0.613175
0.614675
0.621450
0.631975
0.632375
0.635925
0.638650
0.641500
0.643150
0.643750
0.650275
0.654150
0.654775
0.662925
0.666325
0.666575
0.666875
0.673500
0.681525
0.684800
0.687625
0.690350
0.694025
0.703475
0.704800
0.709725
0.711625
0.714150
0.714450
0.720600
0.721050
0.726525
0.728475
0.747425
0.753150
0.756975
0.762575
0.768250
0.774600
0.788350
0.794050
0.796200
0.813475
0.823975
0.828975
0.829075
0.838775
0.840850
0.843350
0.844800
0.855775
0.858025
0.862925
0.867750
0.877475
0.877525
0.885025
0.888375
0.901300
0.922125
0.928775
0.929775
0.936425
0.943275
0.952850
0.969550
0.989375
0.989650
1.001250
1.004250
1.006350
1.019425
1.038000
1.068675
1.092075
1.118975
1.148075
1.183525
1.193075
1.211425
1.213025
1.242675
1.262650
1.318000
1.325700
1.335825
1.337300
1.355150
1.376850
1.388900
1.395500
1.442825
1.490625
1.633950
1.718375
1.866575
1.873950
1.897950
1.983050
2.031525
2.039725
2.373950
2.414200
2.439650
249
