0.003550
0.006375
0.008700
0.009975
0.010150
0.020275
0.036425
0.037125
0.039625
0.046325
0.062725
0.075925
0.079625
0.084100
0.090850
0.096975
0.110300
0.113150
0.114675
0.129275
0.146650
0.154325
0.154975
0.158450
0.158975
0.164150
0.171250
0.171825
0.179725
0.179775
0.189400
0.191450
0.198175
0.204325
0.205325
0.208550
0.212050
0.212400
0.213500
0.214425
0.217850
0.218800
0.218975
0.225850
0.226425
0.227400
0.238450
0.252600
0.256775
0.263925
0.266550
0.269075
0.272075
0.281750
0.283300
0.287600
0.294700
0.297100
0.300450
0.302625
0.303550
0.314500
0.317350
0.318025
0.322375
0.322600
0.325525
0.327725
0.329125
0.329425
0.336975
0.342800
0.357700
0.360425
0.364225
0.371000
0.374350
0.383625
0.388300
0.389450
0.392200
0.394025
0.394175
0.404500
0.408500
0.411550
0.412375
0.413575
0.415350
0.421325
0.425325
0.431250
0.435450
0.439900
0.445050
0.445125
0.445550
0.447375
0.449875
0.458000
0.460050
0.460625
0.462575
0.475425
0.476825
0.481525
0.482875
0.486925
0.495450
0.501725
0.502500
0.506050
0.513550
0.516475
0.517975
0.530525
0.533675
0.534250
0.538500
0.541950
0.543050
0.547575
0.555100
0.557275
0.557500
0.558325
0.570475
0.572400
0.575675
0.577225
0.580375
0.581150
0.585375
0.589625
0.597225
0.601850
0.620425
0.622275
0.623475
0.625575
0.628125
0.642950
0.643425
0.643900
0.648525
0.649125
0.656850
0.662575
0.667975
0.668900
0.671550
0.671675
0.673900
0.674700
0.678325
0.679625
0.680050
0.681325
0.682425
0.688550
0.691650
0.692100
0.692350
0.693950
0.702550
0.704150
0.709725
0.716800
0.716800
0.724800
0.729225
0.731450
0.736075
0.740300
0.741675
0.742400
0.746800
0.748875
0.751075
0.765625
0.770650
0.779800
0.786275
0.786600
0.792450
0.794925
0.799925
0.802650
0.807875
0.809025
0.817125
0.819600
0.820450
0.825625
0.827400
0.832600
0.834525
0.839450
0.851675
0.864525
0.873950
0.874425
0.874450
0.879425
0.883175
0.885175
0.890475
0.892875
0.894425
0.901300
0.902325
0.915450
0.918125
0.919850
0.935500
0.940850
0.943475
0.953300
0.976225
0.979175
0.979550
0.980800
0.986650
0.987150
0.989950
0.993375
1.000675
1.016100
1.016650
1.018100
1.026675
1.054500
1.065700
1.096550
1.121800
1.146425
1.147650
1.152950
1.162600
1.170100
1.186800
1.190225
1.202800
1.215025
1.230550
1.231775
1.243475
1.249925
1.250425
1.275400
1.306650
1.308875
1.320225
1.327625
1.345275
1.398525
1.404625
1.463925
1.465700
1.491450
1.494325
1.505400
1.512675
1.524700
1.546525
1.555900
1.561800
1.590125
1.595300
1.606775
1.607925
1.706100
1.740800
1.872225
1.879425
1.893975
1.935350
1.983950
2.030275
2.038425
2.497775
281
