0.005050
0.006675
0.006750
0.007725
0.024400
0.030225
0.032550
0.043450
0.046550
0.052950
0.055475
0.057775
0.063000
0.065725
0.066325
0.069200
0.080475
0.083625
0.087300
0.090600
0.091525
0.091750
0.095675
0.099800
0.102300
0.113675
0.113775
0.120450
0.122450
0.123425
0.134050
0.134525
0.135275
0.140775
0.152025
0.152800
0.154650
0.160250
0.161875
0.167600
0.172550
0.172550
0.177075
0.178075
0.178975
0.180075
0.180550
0.196725
0.209300
0.215700
0.219375
0.226600
0.229225
0.229950
0.231600
0.234550
0.241800
0.244675
0.258175
0.262550
0.263825
0.271000
0.281950
0.288175
0.293025
0.300500
0.302275
0.308350
0.310475
0.312750
0.315575
0.319100
0.322175
0.324825
0.333650
0.354200
0.361475
0.366375
0.374475
0.377375
0.387700
0.392875
0.399150
0.414550
0.416975
0.417275
0.417850
0.418400
0.427250
0.432425
0.436525
0.439450
0.445775
0.447825
0.454675
0.455025
0.457125
0.457850
0.460875
0.462475
0.463300
0.466550
0.468850
0.471375
0.480250
0.490800
0.492225
0.496325
0.506125
0.512925
0.520575
0.526000
0.536300
0.537325
0.549525
0.550550
0.552450
0.552750
0.555175
0.565425
0.567825
0.575600
0.584850
0.594800
0.612075
0.614675
0.616200
0.619725
0.621300
0.632075
0.632925
0.635225
0.636050
0.638575
0.638950
0.658800
0.663250
0.666950
0.673800
0.676525
0.689775
0.691225
0.704400
0.706450
0.707000
0.714825
0.720975
0.726550
0.729425
0.731925
0.735425
0.736600
0.737000
0.737175
0.740550
0.741850
0.755650
0.755775
0.758025
0.764225
0.764250
0.767625
0.768325
0.770875
0.775300
0.779525
0.784800
0.786025
0.786625
0.794850
0.802575
0.805900
0.806125
0.820725
0.826350
0.842250
0.853600
0.856125
0.860925
0.868225
0.886000
0.900950
0.903075
0.903700
0.910625
0.923125
0.947125
0.949550
0.950800
0.960450
0.968475
0.994075
0.996775
1.008650
1.028400
1.029500
1.029600
1.052750
1.060850
1.065475
1.094450
1.140050
1.159675
1.165900
1.182400
1.226900
1.236800
1.279575
1.343375
1.411900
1.458825
1.467475
1.517200
1.529100
1.533100
1.555700
1.564100
1.607400
1.610175
1.620025
1.651700
1.694725
1.703725
1.740700
1.870200
1.920400
1.997050
2.195250
228
