0.000000
0.017700
0.029100
0.031100
0.056000
0.056325
0.061675
0.061700
0.076825
0.078250
0.078275
0.081800
0.089775
0.095725
0.099075
0.110250
0.117600
0.118200
0.119600
0.119750
0.121875
0.122825
0.124225
0.130575
0.140725
0.143500
0.147775
0.149275
0.150300
0.159500
0.159775
0.169025
0.169875
0.171875
0.173150
0.177725
0.180525
0.188475
0.205800
0.206200
0.217475
0.217625
0.221800
0.223200
0.232650
0.246850
0.252375
0.260450
0.266650
0.268300
0.271975
0.273875
0.283875
0.287475
0.290825
0.292850
0.294075
0.300450
0.300750
0.302300
0.302600
0.310325
0.311975
0.317050
0.317750
0.317950
0.320925
0.321500
0.324425
0.335050
0.345000
0.347450
0.347525
0.348825
0.350075
0.357550
0.360475
0.364400
0.365325
0.381700
0.381775
0.386650
0.391750
0.400700
0.404025
0.406850
0.410000
0.413525
0.413600
0.435325
0.445100
0.445275
0.453275
0.454900
0.458550
0.464150
0.466350
0.469675
0.472500
0.476750
0.477000
0.477025
0.477575
0.477950
0.478200
0.479800
0.482800
0.494400
0.498325
0.498550
0.506625
0.506675
0.511575
0.512200
0.512925
0.515300
0.516425
0.518325
0.521150
0.521725
0.527775
0.531900
0.538050
0.539650
0.541825
0.542200
0.542875
0.544000
0.553525
0.554175
0.567725
0.568225
0.571075
0.576500
0.581275
0.583825
0.585550
0.587800
0.596700
0.612475
0.613100
0.621950
0.630375
0.632325
0.637450
0.640350
0.643675
0.655350
0.661250
0.673325
0.679000
0.684700
0.688075
0.693800
0.701825
0.703850
0.707725
0.708450
0.723450
0.727475
0.742325
0.749975
0.753875
0.754650
0.764650
0.772000
0.774900
0.797000
0.805400
0.824700
0.827650
0.830700
0.834225
0.837175
0.837525
0.841500
0.843000
0.854675
0.861250
0.865475
0.867775
0.871650
0.876825
0.883200
0.888300
0.896400
0.903700
0.903775
0.905825
0.911475
0.914275
0.916650
0.921500
0.947450
0.948500
0.957525
0.964650
0.967025
0.967050
0.976050
0.980750
0.995575
1.018450
1.023750
1.025525
1.030600
1.038150
1.045175
1.055925
1.059000
1.062875
1.078675
1.104200
1.123750
1.127775
1.157150
1.157725
1.165825
1.174150
1.177875
1.199975
1.202375
1.202700
1.207200
1.208000
1.291325
1.294775
1.296250
1.323975
1.332700
1.369175
1.404375
1.408050
1.448225
1.456725
1.476175
1.487550
1.492750
1.531950
1.574350
1.602800
1.633525
1.802775
1.884350
1.948300
2.197325
2.317550
247
