0.006150
0.017325
0.018650
0.019775
0.023850
0.025875
0.031100
0.040675
0.044825
0.046800
0.057150
0.057675
0.057750
0.058975
0.068150
0.068625
0.069750
0.081500
0.082400
0.087900
0.095975
0.099100
0.113825
0.114775
0.117725
0.122250
0.125200
0.126750
0.142300
0.142325
0.142750
0.146350
0.146975
0.150650
0.151725
0.154200
0.154475
0.156200
0.157750
0.160850
0.163375
0.165450
0.166475
0.169250
0.180675
0.181000
0.184000
0.191675
0.195825
0.203300
0.206250
0.206850
0.207325
0.210875
0.223475
0.230575
0.233450
0.236675
0.237700
0.242825
0.244300
0.252475
0.264625
0.267675
0.272650
0.289525
0.289700
0.290450
0.291700
0.298875
0.305350
0.310575
0.314475
0.315525
0.320575
0.321625
0.322725
0.324725
0.326025
0.331725
0.333875
0.336325
0.336675
0.337175
0.340650
0.341550
0.356475
0.356575
0.363150
0.374475
0.376125
0.376450
0.376925
0.379175
0.380700
0.389325
0.401025
0.402175
0.406175
0.412425
0.421400
0.422000
0.431250
0.436625
0.444775
0.449050
0.449450
0.452025
0.466825
0.468275
0.471825
0.476375
0.480025
0.481775
0.486475
0.492425
0.495550
0.498275
0.504350
0.506600
0.512500
0.514850
0.515375
0.518600
0.539700
0.551725
0.555350
0.565675
0.570525
0.572100
0.573850
0.575100
0.576525
0.586775
0.588700
0.589675
0.591675
0.595150
0.598025
0.607425
0.609000
0.620800
0.627550
0.630100
0.635300
0.640225
0.642050
0.656225
0.662475
0.662800
0.665725
0.666400
0.667400
0.679600
0.688575
0.690225
0.690575
0.692350
0.698325
0.698425
0.700625
0.712675
0.713425
0.715550
0.722300
0.722575
0.727750
0.728100
0.735725
0.737050
0.738250
0.744375
0.746425
0.752075
0.754600
0.760600
0.762525
0.766275
0.774075
0.780200
0.781275
0.781850
0.794525
0.795675
0.801025
0.801725
0.805100
0.806600
0.816375
0.818525
0.820625
0.823425
0.828300
0.828750
0.834500
0.842575
0.848900
0.849375
0.873025
0.881075
0.882775
0.900475
0.900600
0.905325
0.911500
0.937450
0.951475
0.965175
0.969475
0.980100
0.991050
1.025850
1.031025
1.059475
1.074000
1.074975
1.080375
1.082600
1.088750
1.090200
1.098450
1.113275
1.160525
1.164375
1.188750
1.211775
1.213150
1.262075
1.274125
1.275150
1.296925
1.304225
1.307100
1.336300
1.373525
1.397750
1.414950
1.421650
1.426025
1.431550
1.451975
1.473550
1.481700
1.534425
1.581700
1.598600
1.634675
1.641200
1.644375
1.662575
1.676050
1.678375
1.692000
1.766775
1.898450
1.943850
1.971600
2.112975
258
