0.000825
0.003525
0.017675
0.021200
0.025950
0.029325
0.032725
0.040025
0.047650
0.056775
0.066125
0.067250
0.068025
0.069275
0.072275
0.080950
0.081950
0.085250
0.088150
0.093100
0.103750
0.106600
0.115925
0.121450
0.123475
0.124650
0.133600
0.139050
0.139200
0.141400
0.145200
0.145500
0.147525
0.155800
0.159125
0.167000
0.168125
0.171300
0.171850
0.179000
0.183475
0.188950
0.190475
0.193475
0.195475
0.196200
0.207650
0.210400
0.210500
0.217150
0.220900
0.246625
0.247800
0.252125
0.252700
0.260150
0.275425
0.282725
0.286200
0.286450
0.290875
0.293550
0.294350
0.312325
0.314850
0.321250
0.324900
0.328025
0.346575
0.351400
0.352050
0.354225
0.359300
0.361775
0.362850
0.365000
0.373825
0.380550
0.388025
0.395625
0.395750
0.399225
0.400750
0.408975
0.424850
0.430350
0.435625
0.439175
0.443575
0.453375
0.455075
0.455225
0.459600
0.476750
0.486675
0.493375
0.495550
0.497425
0.498100
0.498300
0.499000
0.499550
0.499675
0.506550
0.511475
0.514650
0.527875
0.528250
0.536875
0.539475
0.549000
0.551400
0.553775
0.559575
0.571775
0.573625
0.582000
0.587875
0.596400
0.599725
0.601775
0.603475
0.604325
0.604775
0.605650
0.606150
0.621625
0.627250
0.629350
0.631000
0.632800
0.637725
0.640600
0.641125
0.646125
0.652400
0.653650
0.654025
0.656350
0.660700
0.665800
0.666000
0.669225
0.669675
0.672400
0.672425
0.672900
0.676125
0.688250
0.696875
0.699475
0.699850
0.702275
0.711100
0.711225
0.711350
0.719700
0.731525
0.733450
0.734625
0.735300
0.746125
0.752425
0.756775
0.758850
0.760400
0.764500
0.779675
0.780775
0.782450
0.784850
0.809250
0.809650
0.810950
0.819325
0.823075
0.824300
0.828775
0.830925
0.837600
0.839125
0.842725
0.854200
0.857875
0.858425
0.869400
0.873175
0.876675
0.901450
0.925775
0.933900
0.937575
0.940675
0.948225
0.955975
0.958200
0.962450
0.963225
0.963400
0.968775
0.977575
0.990600
0.996675
0.999550
1.007250
1.012050
1.037375
1.048675
1.050350
1.063075
1.070500
1.073550
1.090325
1.124625
1.127325
1.141500
1.157025
1.172400
1.172600
1.186625
1.218325
1.232125
1.244125
1.256800
1.265000
1.271975
1.281825
1.288700
1.313950
1.329375
1.358525
1.407750
1.473050
1.558350
1.581050
1.630850
1.671550
1.677425
1.709925
1.745325
1.790275
1.891150
1.919825
1.923900
1.940050
2.037600
2.073925
2.282250
2.285575
2.335700
250
