0.011350
0.012975
0.033900
0.043975
0.046475
0.050100
0.074275
0.075625
0.079600
0.084525
0.086050
0.088975
0.092275
0.100025
0.105825
0.107225
0.112000
0.129450
0.130775
0.133875
0.134625
0.134900
0.135925
0.142900
0.149475
0.151425
0.155500
0.165125
0.169350
0.171125
0.183950
0.185925
0.188375
0.191750
0.191950
0.197725
0.198725
0.210200
0.217025
0.221475
0.222900
0.228375
0.230850
0.231200
0.235025
0.240325
0.252125
0.252650
0.258025
0.260650
0.264900
0.269975
0.270675
0.274825
0.279700
0.281800
0.289800
0.293525
0.297700
0.309600
0.312200
0.315900
0.317225
0.321400
0.323225
0.323925
0.324875
0.331850
0.333725
0.340800
0.345625
0.348750
0.349300
0.352350
0.353150
0.356825
0.359400
0.362975
0.366250
0.366675
0.375975
0.379925
0.382750
0.384325
0.384750
0.386300
0.389300
0.399350
0.405775
0.419850
0.422025
0.429675
0.430400
0.437675
0.439800
0.441650
0.444150
0.472200
0.473800
0.476325
0.481025
0.482175
0.489725
0.491650
0.495475
0.495925
0.497225
0.499775
0.505550
0.506150
0.510175
0.517650
0.520350
0.520700
0.529800
0.531575
0.545625
0.546450
0.552225
0.552275
0.555650
0.561875
0.562050
0.581950
0.586700
0.588900
0.604250
0.604775
0.610675
0.613250
0.614500
0.616525
0.620150
0.620300
0.626150
0.628650
0.637875
0.639875
0.644950
0.656300
0.659575
0.664275
0.668575
0.669800
0.672575
0.673025
0.690200
0.692925
0.694675
0.698625
0.700575
0.707150
0.711500
0.714375
0.719375
0.750525
0.759825
0.761150
0.765200
0.769500
0.770400
0.773325
0.777600
0.777750
0.779775
0.784925
0.785725
0.796675
0.798500
0.823325
0.831600
0.831650
0.832100
0.832825
0.833350
0.841525
0.844025
0.854900
0.856300
0.870750
0.871375
0.884325
0.895925
0.901850
0.916950
0.925875
0.936625
0.936925
0.957325
0.965000
0.970325
0.971325
0.999825
1.004700
1.009350
1.015650
1.029725
1.034600
1.040725
1.051650
1.057550
1.062275
1.067350
1.095325
1.107125
1.121325
1.138150
1.166050
1.177375
1.205525
1.231025
1.238000
1.269225
1.301150
1.317675
1.332150
1.369175
1.372675
1.391650
1.394725
1.397975
1.398075
1.398250
1.414700
1.427475
1.439175
1.453875
1.529050
1.555075
1.647275
1.658575
1.708700
1.747575
1.775050
1.838450
1.869475
1.974150
2.021425
2.290750
239
