0.002225
0.013325
0.017525
0.020900
0.042150
0.052600
0.053025
0.057350
0.057775
0.058300
0.059450
0.061375
0.064950
0.066525
0.066950
0.079350
0.091050
0.101925
0.102925
0.107525
0.109975
0.110425
0.113625
0.115975
0.121600
0.124225
0.124450
0.129300
0.137100
0.138600
0.142975
0.143700
0.152075
0.154025
0.155575
0.160375
0.162800
0.164425
0.167650
0.171000
0.172450
0.173900
0.179325
0.181725
0.185875
0.191575
0.195725
0.199750
0.200525
0.208125
0.211250
0.215725
0.218750
0.219550
0.232375
0.234100
0.237150
0.239975
0.246775
0.249000
0.253175
0.258350
0.261850
0.263550
0.267000
0.267850
0.268875
0.269175
0.269650
0.277200
0.280175
0.280325
0.288450
0.289875
0.290025
0.299475
0.304550
0.306750
0.312400
0.313450
0.318800
0.325350
0.332575
0.334250
0.334600
0.340950
0.344900
0.346975
0.370400
0.370625
0.376850
0.377000
0.377425
0.382700
0.394175
0.394350
0.408225
0.412625
0.418875
0.419275
0.421450
0.426100
0.431150
0.432250
0.433175
0.435200
0.437275
0.437475
0.439125
0.440875
0.447225
0.458375
0.458525
0.460600
0.461475
0.465850
0.471875
0.474850
0.476825
0.479525
0.483150
0.484600
0.510825
0.511000
0.512450
0.515200
0.515500
0.518300
0.518600
0.519375
0.527000
0.532300
0.536525
0.539925
0.540700
0.552275
0.554900
0.555700
0.556725
0.563575
0.565075
0.567000
0.584650
0.588650
0.595475
0.596675
0.597150
0.598375
0.598600
0.601350
0.601475
0.623300
0.624425
0.624725
0.629325
0.629425
0.634250
0.638000
0.639350
0.639800
0.646050
0.659300
0.666725
0.667475
0.669700
0.678050
0.684000
0.684550
0.694775
0.700025
0.700800
0.706400
0.711425
0.723700
0.724625
0.727275
0.731975
0.735050
0.736650
0.739225
0.739500
0.744250
0.744775
0.753000
0.767350
0.767700
0.777675
0.780175
0.793725
0.796975
0.801225
0.802675
0.811275
0.819250
0.821525
0.830925
0.832000
0.838375
0.845275
0.855100
0.862800
0.862825
0.863250
0.867725
0.873725
0.880300
0.904250
0.908300
0.909450
0.909575
0.910750
0.915725
0.919700
0.924125
0.937225
0.955950
0.959225
0.960300
0.966850
0.978775
0.984250
0.987000
1.007425
1.038575
1.054300
1.056325
1.056375
1.074200
1.115375
1.151075
1.155725
1.156225
1.159575
1.164550
1.188575
1.217350
1.224650
1.246700
1.249675
1.252950
1.259450
1.265650
1.268500
1.273075
1.281300
1.282025
1.295900
1.330150
1.336825
1.349675
1.356025
1.359650
1.370600
1.379575
1.398425
1.405900
1.448425
1.450825
1.463300
1.600325
1.695175
1.758050
1.907000
1.970000
2.128025
2.138175
2.155125
2.235350
2.418625
2.465875
270
