0.000050
0.001025
0.005400
0.009975
0.022725
0.024925
0.026150
0.029025
0.033825
0.034200
0.034550
0.036425
0.047850
0.052150
0.054275
0.063275
0.063450
0.064850
0.070175
0.092450
0.105925
0.106275
0.108225
0.113325
0.116050
0.116850
0.128175
0.131700
0.132250
0.134050
0.134350
0.137275
0.138100
0.139025
0.142800
0.148225
0.163600
0.165275
0.167525
0.174150
0.176450
0.181625
0.192000
0.210775
0.213200
0.220150
0.225425
0.226950
0.230225
0.232025
0.233250
0.233900
0.234625
0.236600
0.238625
0.240725
0.251200
0.255650
0.256650
0.262450
0.268525
0.271550
0.281425
0.283175
0.286850
0.289675
0.290175
0.296600
0.302975
0.319200
0.319850
0.322700
0.344475
0.355900
0.362575
0.364525
0.366475
0.366875
0.370875
0.381200
0.384350
0.384600
0.385550
0.387250
0.388625
0.393050
0.395750
0.397250
0.398300
0.398550
0.405225
0.408075
0.410025
0.412500
0.418075
0.418900
0.420650
0.429050
0.429900
0.430700
0.431700
0.434500
0.435900
0.438550
0.440100
0.440350
0.454700
0.456050
0.465150
0.475100
0.480900
0.481625
0.482000
0.482600
0.487375
0.489100
0.497875
0.500600
0.505975
0.507225
0.514375
0.518075
0.518375
0.519150
0.525775
0.534050
0.541350
0.549475
0.557550
0.567675
0.568925
0.574625
0.578875
0.590425
0.592450
0.597925
0.603650
0.603925
0.605075
0.607225
0.615650
0.616525
0.633950
0.638625
0.643575
0.654425
0.654800
0.655575
0.673425
0.682325
0.685325
0.687200
0.689825
0.701475
0.703075
0.710975
0.710975
0.716650
0.718975
0.727750
0.729975
0.732525
0.735650
0.737975
0.749900
0.750275
0.756025
0.757225
0.779775
0.780950
0.781050
0.786800
0.793525
0.804650
0.815075
0.818500
0.833675
0.837725
0.838850
0.840600
0.841075
0.841700
0.842025
0.848275
0.860825
0.862275
0.862800
0.866625
0.871200
0.880100
0.886175
0.890050
0.896275
0.896425
0.910450
0.911050
0.940800
0.956575
0.958050
0.959350
0.961425
0.968975
0.978850
0.992000
0.995750
0.996550
1.006350
1.006525
1.019800
1.021125
1.026925
1.054375
1.097750
1.101975
1.104950
1.110200
1.123400
1.124850
1.126450
1.127475
1.130100
1.166350
1.180425
1.198750
1.209850
1.213925
1.215875
1.245950
1.250775
1.286900
1.300125
1.330375
1.331400
1.340450
1.341350
1.355625
1.377100
1.384925
1.397575
1.398300
1.460475
1.596850
1.609700
1.628000
1.665400
1.759500
1.874825
1.883675
1.895325
1.928350
1.942975
2.031250
2.067300
2.150425
2.199100
2.324175
2.395550
257
