0.014650
0.014850
0.017450
0.017650
0.025850
0.026300
0.031175
0.035400
0.038275
0.039525
0.044275
0.047775
0.047825
0.049525
0.067700
0.069900
0.085900
0.087325
0.089350
0.102475
0.104200
0.106625
0.107975
0.109325
0.114675
0.117725
0.129400
0.130500
0.140150
0.144950
0.154525
0.156725
0.160150
0.161900
0.182925
0.193125
0.196325
0.199150
0.202225
0.204950
0.207825
0.208800
0.212275
0.212425
0.212525
0.212800
0.216225
0.219375
0.224000
0.224500
0.225525
0.232550
0.234575
0.236725
0.241575
0.242025
0.243150
0.258525
0.258975
0.270225
0.272375
0.274200
0.279450
0.281625
0.288975
0.296550
0.300575
0.306050
0.310075
0.322875
0.330475
0.332675
0.339375
0.339625
0.340450
0.341525
0.344750
0.345075
0.346750
0.350550
0.352725
0.360525
0.360600
0.366475
0.369500
0.370950
0.382375
0.388975
0.393025
0.396650
0.398025
0.400600
0.401175
0.405925
0.409650
0.416000
0.419800
0.427850
0.430150
0.432800
0.436600
0.440750
0.445225
0.446400
0.451025
0.452975
0.461225
0.464675
0.465400
0.466225
0.466675
0.476400
0.479525
0.480075
0.484850
0.484875
0.485400
0.486625
0.494525
0.496750
0.498450
0.499050
0.503000
0.509425
0.511700
0.517525
0.518750
0.522150
0.523425
0.523950
0.524650
0.526450
0.528350
0.540375
0.545400
0.553775
0.575650
0.580150
0.580200
0.581175
0.593025
0.593300
0.594500
0.607625
0.611325
0.611950
0.613800
0.615675
0.623825
0.630250
0.633750
0.635450
0.638350
0.639975
0.640675
0.647300
0.650325
0.652700
0.668600
0.677250
0.678150
0.681425
0.685100
0.688225
0.689775
0.692200
0.693150
0.693475
0.703850
0.706225
0.709175
0.712225
0.712300
0.718850
0.722075
0.724400
0.726825
0.728350
0.731900
0.736100
0.747325
0.754400
0.758250
0.761375
0.763700
0.764175
0.777525
0.777900
0.778975
0.790950
0.794700
0.817775
0.817975
0.819025
0.819450
0.822400
0.824125
0.831225
0.834575
0.837725
0.838325
0.846775
0.847425
0.873975
0.878200
0.888375
0.902325
0.925325
0.940975
0.941575
0.950775
0.961750
0.968825
0.974325
0.981975
0.984250
0.984750
0.993925
0.999950
1.001625
1.006125
1.009450
1.016700
1.018525
1.022125
1.024100
1.027100
1.046475
1.051675
1.059300
1.079600
1.100525
1.126675
1.142550
1.167850
1.169125
1.188700
1.194600
1.230350
1.253550
1.258300
1.259950
1.320325
1.327000
1.384025
1.387100
1.410400
1.438450
1.441250
1.498625
1.552050
1.552550
1.577725
1.589050
1.611275
1.727050
1.796600
1.805700
1.865700
1.895225
1.895750
1.903175
1.933650
1.964250
2.436000
265
