0.001575
0.003875
0.004125
0.010650
0.011875
0.012025
0.012375
0.021575
0.023975
0.027350
0.028875
0.029000
0.038425
0.039025
0.039675
0.047375
0.048975
0.056825
0.059600
0.069350
0.072525
0.075025
0.076125
0.079425
0.090575
0.091650
0.102725
0.106075
0.109100
0.118275
0.122850
0.123175
0.130775
0.134850
0.137550
0.142225
0.142975
0.149225
0.151200
0.162400
0.168300
0.178375
0.187175
0.195350
0.195975
0.196275
0.203325
0.203775
0.204475
0.204550
0.206450
0.216525
0.224375
0.232025
0.232600
0.233150
0.239425
0.241850
0.247475
0.250775
0.256600
0.259075
0.267275
0.267725
0.269050
0.269675
0.270025
0.272500
0.274975
0.279450
0.279900
0.283700
0.284050
0.285850
0.292275
0.295300
0.298125
0.304175
0.308650
0.314575
0.317050
0.323950
0.326725
0.327625
0.329450
0.335800
0.336725
0.337950
0.344450
0.350600
0.355675
0.356300
0.357975
0.365000
0.374300
0.376975
0.379450
0.384175
0.384425
0.384800
0.384825
0.387675
0.392475
0.395725
0.401250
0.406750
0.406825
0.414025
0.420925
0.422525
0.436025
0.438475
0.440950
0.442200
0.454375
0.458750
0.461025
0.471650
0.474750
0.475575
0.484300
0.488625
0.489050
0.489575
0.492625
0.495025
0.496600
0.496675
0.497150
0.500775
0.501850
0.504050
0.505775
0.516875
0.520175
0.521075
0.549750
0.553750
0.559100
0.563675
0.570175
0.570775
0.571800
0.576100
0.577350
0.583350
0.590675
0.595725
0.596100
0.596300
0.600500
0.607650
0.612800
0.618450
0.622050
0.622075
0.626825
0.630900
0.632525
0.639450
0.640700
0.641875
0.642925
0.643200
0.646800
0.648950
0.649375
0.653300
0.663425
0.669275
0.673075
0.677450
0.686050
0.687425
0.688475
0.689450
0.690450
0.691550
0.693075
0.694725
0.697000
0.697600
0.698100
0.698350
0.699725
0.700100
0.701600
0.703325
0.705800
0.707400
0.708400
0.723175
0.735225
0.740800
0.745450
0.746725
0.749050
0.755725
0.758975
0.766600
0.793275
0.796975
0.797525
0.801450
0.803800
0.808925
0.822350
0.824350
0.824625
0.828425
0.837875
0.845450
0.846700
0.849100
0.850625
0.854300
0.861500
0.880500
0.882925
0.886125
0.887175
0.894300
0.900775
0.902525
0.918100
0.923575
0.924425
0.963400
0.978975
0.979375
0.989650
1.010075
1.010875
1.011800
1.013825
1.022800
1.041200
1.041625
1.060550
1.063925
1.071700
1.081050
1.081350
1.081875
1.084600
1.090825
1.091325
1.092725
1.093000
1.094550
1.109225
1.111100
1.134775
1.166600
1.169025
1.177975
1.182000
1.186350
1.191300
1.192025
1.194725
1.197275
1.203275
1.210400
1.213175
1.306850
1.324425
1.373575
1.389775
1.404800
1.404825
1.413975
1.434400
1.486500
1.524775
1.532625
1.558400
1.611425
1.651000
1.688825
1.742025
1.754175
1.797850
1.825925
1.834775
1.926200
1.927350
1.935875
1.972850
2.164875
2.217775
2.236825
292
