0.001100
0.002300
0.008900
0.011825
0.012075
0.012325
0.020750
0.029700
0.034400
0.042075
0.046725
0.054400
0.058425
0.058450
0.058600
0.058725
0.063950
0.068000
0.075425
0.081000
0.088100
0.090250
0.094200
0.095325
0.100025
0.101700
0.119200
0.123150
0.123350
0.125800
0.125900
0.126400
0.127875
0.133075
0.137350
0.139050
0.142825
0.143275
0.145375
0.153725
0.158800
0.160150
0.179950
0.180700
0.184225
0.184375
0.186875
0.186900
0.194925
0.208150
0.213375
0.216350
0.219875
0.220550
0.235050
0.237725
0.240250
0.241200
0.251650
0.252200
0.254100
0.256850
0.258250
0.270025
0.273250
0.274250
0.276050
0.288750
0.290550
0.298100
0.300350
0.300750
0.305675
0.322150
0.326350
0.335300
0.338100
0.338825
0.354725
0.358600
0.360175
0.361675
0.368050
0.371100
0.377025
0.377875
0.385750
0.391000
0.393550
0.396700
0.412675
0.414925
0.418550
0.423850
0.434950
0.444225
0.444250
0.453550
0.455800
0.455950
0.458825
0.472700
0.473725
0.477475
0.479550
0.480100
0.480500
0.483500
0.483600
0.492025
0.493350
0.496250
0.505025
0.505425
0.506150
0.508025
0.512825
0.517225
0.519700
0.522475
0.525600
0.538100
0.538450
0.542700
0.553250
0.558225
0.564075
0.564300
0.564625
0.565425
0.566925
0.578350
0.582025
0.582400
0.582475
0.585250
0.613150
0.629500
0.629750
0.632975
0.640325
0.655500
0.656450
0.659100
0.662025
0.662500
0.683575
0.697550
0.701175
0.702225
0.702800
0.710450
0.714425
0.719000
0.723750
0.733100
0.733925
0.740525
0.741875
0.751550
0.753600
0.755750
0.758625
0.765050
0.769850
0.772725
0.776800
0.778375
0.781050
0.781925
0.783850
0.786475
0.786675
0.793350
0.822000
0.828700
0.835325
0.838325
0.838375
0.846900
0.848575
0.857850
0.867800
0.871275
0.899100
0.901150
0.906225
0.913450
0.929225
0.934525
0.946700
0.947750
0.956425
0.957000
0.967000
0.974500
0.976475
1.006550
1.058950
1.069075
1.069600
1.088600
1.091400
1.101300
1.106225
1.106800
1.107675
1.113400
1.131600
1.137575
1.141700
1.154950
1.160675
1.192825
1.193225
1.199150
1.217225
1.233975
1.249875
1.250250
1.258425
1.281600
1.290600
1.294550
1.322200
1.334025
1.336550
1.411875
1.443425
1.462950
1.481275
1.513300
1.516050
1.521400
1.522225
1.541225
1.543375
1.559375
1.574800
1.588625
1.594425
1.616550
1.646025
1.664275
1.674850
1.709250
1.715425
1.717725
1.727075
1.729400
1.755950
1.881500
1.976850
2.031825
2.095275
255
