0.000025
0.004700
0.009250
0.017225
0.019225
0.024625
0.029775
0.030975
0.033400
0.035425
0.036950
0.038825
0.039300
0.042375
0.047500
0.052600
0.061425
0.063000
0.063600
0.065500
0.082750
0.084700
0.092200
0.099925
0.107375
0.107400
0.113875
0.115650
0.118375
0.118600
0.123925
0.128100
0.139350
0.143150
0.159675
0.161300
0.164825
0.164850
0.165275
0.165325
0.173400
0.177325
0.190125
0.191550
0.201175
0.202375
0.206300
0.210225
0.211825
0.212100
0.218000
0.224150
0.224850
0.234200
0.237025
0.238075
0.262300
0.262500
0.264950
0.269950
0.271475
0.272550
0.284150
0.285225
0.286025
0.286750
0.291200
0.291375
0.293500
0.296150
0.302900
0.314325
0.314775
0.332375
0.338700
0.339975
0.346275
0.350125
0.350175
0.357775
0.358950
0.362550
0.363150
0.371950
0.372350
0.376325
0.377350
0.378925
0.379850
0.381125
0.389850
0.394250
0.396625
0.400050
0.401850
0.404650
0.411975
0.413175
0.418125
0.418800
0.430775
0.437275
0.439425
0.439750
0.440125
0.447125
0.447800
0.457525
0.459575
0.463550
0.466875
0.478350
0.480450
0.482475
0.485450
0.489175
0.495100
0.499575
0.502500
0.502700
0.512800
0.512900
0.516125
0.534025
0.541975
0.544175
0.544675
0.547500
0.558575
0.566450
0.566525
0.579675
0.581575
0.583175
0.583975
0.586925
0.587600
0.588125
0.600225
0.600750
0.603125
0.604025
0.606025
0.612500
0.617575
0.618150
0.618675
0.623400
0.625000
0.631100
0.634925
0.635400
0.650050
0.655725
0.656775
0.661625
0.662675
0.664300
0.672575
0.673575
0.684150
0.694050
0.698000
0.698600
0.705325
0.708800
0.709200
0.712925
0.716350
0.718125
0.720850
0.722900
0.727400
0.732650
0.737350
0.741925
0.755850
0.766975
0.774850
0.775925
0.777300
0.778525
0.797125
0.801225
0.813975
0.815100
0.822875
0.825700
0.839800
0.847300
0.850350
0.854650
0.868650
0.868775
0.869900
0.877350
0.887300
0.894525
0.897400
0.899500
0.927550
0.932175
0.935000
0.951600
0.975350
0.986225
0.987900
0.991000
0.993775
0.994925
1.012200
1.034050
1.034725
1.044825
1.050225
1.052175
1.071525
1.091875
1.105175
1.107450
1.117175
1.121725
1.121800
1.133775
1.139200
1.158000
1.205475
1.227650
1.239950
1.247525
1.253550
1.263275
1.286600
1.299525
1.313175
1.346450
1.383125
1.421325
1.460825
1.469450
1.476375
1.478775
1.499375
1.508025
1.510725
1.550250
1.569800
1.597950
1.608625
1.676525
1.711250
1.796675
1.801275
1.862650
1.871075
1.999450
2.050850
2.279600
2.350375
259
