0.019350
0.026875
0.035825
0.036075
0.047375
0.048550
0.051750
0.054175
0.057825
0.058525
0.069225
0.069375
0.071150
0.071775
0.081600
0.085725
0.089625
0.090500
0.096875
0.098450
0.103575
0.104050
0.105375
0.120825
0.121400
0.134700
0.139275
0.140325
0.140925
0.146775
0.151000
0.152275
0.154075
0.155300
0.155800
0.160300
0.161350
0.166625
0.168325
0.174000
0.179575
0.181875
0.182875
0.184325
0.209050
0.213625
0.215225
0.216950
0.218250
0.220875
0.222650
0.228700
0.240175
0.245425
0.250200
0.259275
0.270525
0.271025
0.273750
0.274575
0.277850
0.292250
0.302250
0.305550
0.308225
0.309925
0.319775
0.332400
0.342675
0.351900
0.353050
0.353175
0.356125
0.356600
0.361550
0.367125
0.368300
0.375225
0.404525
0.405025
0.410950
0.420000
0.429050
0.433425
0.436525
0.440050
0.441300
0.449825
0.452450
0.454075
0.456650
0.459250
0.461700
0.462575
0.473575
0.478125
0.482375
0.487725
0.492850
0.503575
0.504450
0.517525
0.522425
0.533175
0.537250
0.539450
0.550900
0.553325
0.554025
0.554200
0.555400
0.557250
0.572850
0.577800
0.580200
0.581925
0.583075
0.588775
0.592850
0.601975
0.614575
0.627625
0.649225
0.649425
0.653000
0.658875
0.666875
0.674750
0.681925
0.692975
0.702850
0.707625
0.709550
0.716900
0.720450
0.723775
0.729200
0.729850
0.734500
0.736075
0.736850
0.739725
0.740250
0.744025
0.755125
0.762100
0.762425
0.768375
0.770050
0.772950
0.778750
0.779675
0.786975
0.790625
0.794075
0.796525
0.805975
0.819075
0.836375
0.841275
0.848350
0.852975
0.855600
0.859750
0.868400
0.876625
0.882925
0.883950
0.884525
0.887950
0.917575
0.923300
0.927250
0.934500
0.939425
0.942750
0.943525
0.955225
0.956725
0.969050
0.976650
0.996500
1.001575
1.050350
1.068450
1.070350
1.096300
1.100750
1.102375
1.105125
1.133200
1.159300
1.170700
1.174350
1.203900
1.292100
1.296750
1.318325
1.331725
1.393225
1.395525
1.399000
1.405350
1.422250
1.451700
1.465950
1.555750
1.559325
1.581625
1.586150
1.661325
1.725400
1.807175
1.873300
1.895775
1.898250
1.902075
1.978000
2.201600
2.264575
2.289000
221
