0.005025
0.005650
0.013700
0.019400
0.023725
0.028075
0.028400
0.031000
0.036675
0.038100
0.047925
0.048300
0.053950
0.060600
0.062625
0.071325
0.083200
0.083325
0.084300
0.084625
0.086325
0.096450
0.097000
0.102075
0.103325
0.107675
0.114775
0.115125
0.116275
0.119425
0.121150
0.130000
0.130700
0.137525
0.161075
0.166650
0.179375
0.180175
0.181250
0.184850
0.191575
0.195875
0.196450
0.203650
0.204100
0.207175
0.207800
0.210100
0.220700
0.221575
0.223175
0.229250
0.251500
0.253625
0.260025
0.263175
0.264650
0.269925
0.271225
0.272125
0.279275
0.282350
0.288875
0.298575
0.308675
0.311725
0.321550
0.325125
0.325375
0.328900
0.332100
0.332400
0.337850
0.347075
0.355650
0.367750
0.368650
0.375150
0.381600
0.396075
0.403475
0.413375
0.416950
0.419950
0.437550
0.437650
0.442700
0.447900
0.450950
0.456775
0.470000
0.473050
0.473425
0.487550
0.510775
0.513825
0.513900
0.514175
0.524550
0.524875
0.528000
0.528850
0.528950
0.538450
0.543900
0.545300
0.553425
0.556875
0.584900
0.588150
0.591550
0.595300
0.602300
0.623325
0.625525
0.625725
0.628450
0.632775
0.653850
0.659375
0.660650
0.661100
0.663325
0.664050
0.665100
0.675650
0.682425
0.684100
0.687825
0.693925
0.698000
0.700525
0.702475
0.704425
0.704725
0.718350
0.727575
0.729175
0.729675
0.730300
0.735425
0.737925
0.744675
0.747800
0.749300
0.750775
0.759425
0.761400
0.766600
0.766825
0.770875
0.773950
0.804250
0.807300
0.815825
0.820575
0.822250
0.829525
0.830675
0.831800
0.834450
0.851325
0.854825
0.859900
0.863750
0.873025
0.883700
0.893900
0.917850
0.918700
0.924175
0.925200
0.929350
0.944950
0.948850
0.962175
0.969925
0.970825
0.974800
0.975875
0.980200
0.983175
1.005100
1.026400
1.028650
1.040850
1.051950
1.053150
1.058100
1.063050
1.093750
1.094300
1.121000
1.158250
1.163525
1.174000
1.174375
1.176900
1.203125
1.206225
1.207775
1.229450
1.236275
1.244650
1.390850
1.425150
1.425500
1.441425
1.501125
1.502625
1.526175
1.529000
1.530200
1.561725
1.633050
1.636825
1.695000
1.698150
1.785500
1.819650
1.822100
1.962875
2.025550
2.200575
224
