0.001100
0.005225
0.009200
0.012150
0.016800
0.017075
0.022950
0.054250
0.054550
0.055200
0.060475
0.060975
0.065750
0.067575
0.067650
0.070225
0.071775
0.073925
0.075825
0.076450
0.076575
0.086150
0.088375
0.088375
0.089175
0.090975
0.104675
0.111900
0.116100
0.118150
0.119500
0.121050
0.122600
0.129150
0.130975
0.136250
0.136350
0.139950
0.142600
0.145475
0.145550
0.148650
0.149300
0.149600
0.152975
0.153375
0.163025
0.164425
0.165325
0.165550
0.172000
0.175400
0.177275
0.178650
0.179225
0.180625
0.180950
0.182700
0.186600
0.201025
0.201050
0.205700
0.211275
0.211875
0.214300
0.224975
0.228275
0.235225
0.240425
0.242350
0.249675
0.254300
0.256025
0.271100
0.288275
0.300775
0.302750
0.314400
0.316450
0.317550
0.323250
0.324225
0.324550
0.327075
0.331550
0.337200
0.337550
0.343300
0.347750
0.352200
0.353250
0.356325
0.362000
0.362650
0.363425
0.369125
0.369925
0.383425
0.386075
0.386300
0.386350
0.401050
0.409400
0.412150
0.416975
0.418300
0.430975
0.433150
0.435325
0.438375
0.445625
0.459575
0.468325
0.469250
0.474425
0.475600
0.476100
0.477300
0.477850
0.486750
0.499300
0.501775
0.505150
0.505150
0.518850
0.521075
0.522800
0.522925
0.526800
0.526950
0.530050
0.534350
0.547150
0.560250
0.565525
0.565725
0.565725
0.567100
0.569975
0.574850
0.588675
0.596250
0.597350
0.597475
0.599875
0.606625
0.611600
0.622250
0.625700
0.627275
0.629600
0.635350
0.639750
0.641950
0.649225
0.652400
0.653150
0.657400
0.665275
0.669125
0.670825
0.671950
0.674450
0.679325
0.680225
0.684725
0.685450
0.686275
0.686450
0.695400
0.699325
0.700200
0.701475
0.706400
0.711125
0.711850
0.720800
0.725325
0.729000
0.730150
0.745550
0.766275
0.770100
0.785075
0.786525
0.789075
0.805250
0.811700
0.812775
0.815675
0.823775
0.826975
0.830450
0.834925
0.838750
0.857675
0.862325
0.862775
0.873425
0.881400
0.881775
0.882650
0.883700
0.885550
0.890950
0.898500
0.905150
0.909225
0.914975
0.919000
0.924275
0.928650
0.940500
0.955200
0.964425
0.971725
1.003675
1.003950
1.006550
1.034750
1.035050
1.045550
1.050750
1.051800
1.073575
1.082250
1.085250
1.111075
1.116375
1.127050
1.159475
1.198625
1.236450
1.272575
1.273500
1.292775
1.302325
1.365375
1.367200
1.389475
1.421200
1.464775
1.502350
1.532900
1.545150
1.560750
1.591425
1.633975
1.701000
1.719450
1.753725
1.815325
1.841350
1.857625
1.870225
1.872850
2.069175
2.237600
2.273425
2.389775
260
