0.003075
0.003250
0.003625
0.003975
0.004325
0.004950
0.005525
0.014625
0.019525
0.024625
0.025100
0.026200
0.037300
0.064100
0.078225
0.080750
0.083225
0.083475
0.090425
0.091275
0.092225
0.098075
0.107000
0.129175
0.129175
0.140250
0.148175
0.158500
0.169200
0.180425
0.182850
0.192875
0.204375
0.213900
0.219400
0.220825
0.221325
0.241825
0.244725
0.259750
0.260025
0.276200
0.279925
0.281475
0.285150
0.288825
0.288925
0.304775
0.308075
0.312750
0.312900
0.314425
0.334950
0.338350
0.339900
0.346750
0.347975
0.356600
0.361525
0.364150
0.365150
0.372375
0.381575
0.382750
0.383950
0.394000
0.400225
0.412125
0.412250
0.429950
0.433025
0.433825
0.439550
0.442400
0.448925
0.453750
0.458825
0.459025
0.462775
0.466500
0.471325
0.474800
0.476400
0.477625
0.478350
0.487000
0.493600
0.502800
0.507675
0.509675
0.510225
0.511975
0.515025
0.516600
0.516975
0.520825
0.526575
0.532575
0.532725
0.536125
0.537950
0.544975
0.555375
0.558925
0.563750
0.563950
0.564525
0.566725
0.568900
0.580575
0.583575
0.584175
0.588775
0.598500
0.611600
0.614075
0.632250
0.632925
0.638700
0.640125
0.641075
0.641375
0.654775
0.659400
0.662825
0.663175
0.670125
0.675975
0.676175
0.685250
0.685400
0.690800
0.703225
0.704575
0.708975
0.709400
0.709775
0.711100
0.723975
0.724750
0.727400
0.729050
0.731275
0.732050
0.732200
0.741250
0.747850
0.759875
0.762175
0.766050
0.787425
0.789200
0.790375
0.796100
0.801975
0.807350
0.816450
0.818650
0.818700
0.821950
0.827650
0.833000
0.833050
0.833875
0.836075
0.844100
0.871075
0.884825
0.904300
0.907375
0.928175
0.928725
0.944575
0.949250
0.958350
0.966325
0.984400
0.986150
0.986975
0.989400
0.992875
1.004400
1.006600
1.015425
1.019050
1.022825
1.027400
1.028825
1.044275
1.057750
1.068325
1.079050
1.082325
1.151025
1.153775
1.154100
1.154400
1.165950
1.175075
1.189325
1.191650
1.201325
1.211250
1.224975
1.239625
1.253575
1.263175
1.275325
1.290700
1.297550
1.375850
1.392075
1.448125
1.454675
1.470250
1.516475
1.532000
1.541350
1.670475
1.672500
1.764325
1.814900
2.006275
2.037300
2.163900
2.194150
2.414250
227
