0.000925
0.003600
0.008675
0.013025
0.014825
0.018750
0.029375
0.035750
0.041325
0.043025
0.045650
0.053625
0.057800
0.059525
0.062325
0.064725
0.070950
0.073225
0.075350
0.094125
0.106650
0.111500
0.122875
0.141250
0.142925
0.147500
0.148425
0.151375
0.158375
0.165050
0.172200
0.182600
0.191725
0.194325
0.209975
0.212650
0.214225
0.215750
0.218700
0.231225
0.237475
0.238300
0.242600
0.248025
0.252250
0.257450
0.258850
0.263650
0.266875
0.290950
0.302275
0.302400
0.309025
0.311250
0.313425
0.328000
0.338800
0.353500
0.354650
0.355075
0.356050
0.357475
0.363800
0.366275
0.371475
0.373325
0.378050
0.378075
0.380475
0.381675
0.382425
0.401125
0.402300
0.412950
0.422525
0.424950
0.426425
0.436100
0.445300
0.448150
0.448850
0.449800
0.450625
0.455950
0.456625
0.458825
0.465900
0.477525
0.491375
0.505900
0.524725
0.526875
0.529825
0.534050
0.541250
0.542425
0.543525
0.555550
0.559800
0.560850
0.566700
0.577875
0.583400
0.588150
0.591325
0.592350
0.601250
0.602575
0.602725
0.604200
0.607275
0.611175
0.614550
0.616225
0.621225
0.623325
0.624500
0.629925
0.636125
0.637325
0.640525
0.642000
0.643450
0.651100
0.656700
0.659750
0.663675
0.670700
0.676300
0.682400
0.683350
0.689250
0.692050
0.698925
0.701450
0.702825
0.704425
0.709475
0.713025
0.716025
0.718025
0.719200
0.721175
0.727175
0.740625
0.741775
0.745050
0.745425
0.754750
0.762450
0.762800
0.766550
0.768125
0.768650
0.770075
0.772725
0.787475
0.787900
0.790225
0.799775
0.811375
0.815950
0.820850
0.822025
0.823750
0.827150
0.829850
0.836550
0.842450
0.843700
0.852700
0.860025
0.866075
0.876075
0.877700
0.878800
0.893225
0.894475
0.895800
0.899025
0.901525
0.905975
0.933100
0.940800
0.944100
0.944150
0.948150
0.960600
0.969525
0.982850
0.983675
0.984850
0.990175
1.025500
1.039600
1.044725
1.046225
1.054275
1.058500
1.068725
1.073200
1.102175
1.102675
1.106850
1.108000
1.112300
1.155650
1.156975
1.164450
1.192975
1.193925
1.248025
1.285625
1.360425
1.376225
1.399525
1.428250
1.434100
1.435400
1.455425
1.480200
1.486925
1.560175
1.592450
1.628075
1.647950
1.651750
1.741675
1.782125
1.789075
1.790275
1.966700
2.167150
2.193450
2.199575
2.240225
2.308475
237
