0.018350
0.020850
0.022300
0.027400
0.027875
0.030025
0.034950
0.048625
0.053175
0.055675
0.060575
0.063650
0.064950
0.074275
0.081100
0.089925
0.092125
0.101000
0.101650
0.112200
0.117600
0.118225
0.122950
0.127175
0.131525
0.132425
0.134700
0.138675
0.150800
0.151600
0.151700
0.153100
0.155550
0.163350
0.164250
0.166700
0.176600
0.183325
0.192550
0.193800
0.205875
0.207425
0.208025
0.214850
0.216225
0.222125
0.225750
0.232175
0.232825
0.241600
0.241975
0.265325
0.279325
0.282600
0.288850
0.289225
0.292575
0.292775
0.295175
0.298650
0.308375
0.315100
0.318950
0.319350
0.326400
0.329750
0.338050
0.349575
0.351050
0.355025
0.356500
0.363250
0.376450
0.400750
0.406150
0.407475
0.409875
0.416325
0.417025
0.417075
0.422550
0.431050
0.440350
0.442625
0.452175
0.455900
0.460825
0.470975
0.472525
0.474000
0.476650
0.487675
0.489800
0.494250
0.495750
0.496025
0.497850
0.499075
0.506825
0.511900
0.517375
0.517650
0.518350
0.518400
0.524250
0.525475
0.528450
0.535200
0.538725
0.548950
0.549800
0.551750
0.555800
0.556500
0.575825
0.578050
0.584000
0.589950
0.593450
0.605575
0.612300
0.615375
0.621300
0.621950
0.622800
0.624575
0.625200
0.626425
0.628475
0.634000
0.648725
0.652325
0.658375
0.670975
0.672675
0.674500
0.676175
0.680100
0.684200
0.695925
0.696425
0.699650
0.699675
0.701475
0.705300
0.705500
0.712050
0.717125
0.723500
0.724900
0.726400
0.733850
0.745650
0.748200
0.748600
0.751875
0.754225
0.754225
0.755375
0.757050
0.758250
0.762975
0.770775
0.774000
0.777900
0.778775
0.781350
0.788200
0.799975
0.814175
0.817625
0.823675
0.830350
0.835175
0.838150
0.845025
0.848575
0.860475
0.860775
0.860900
0.861650
0.863225
0.874600
0.875450
0.877000
0.886700
0.891000
0.893450
0.897500
0.899475
0.900750
0.903650
0.903725
0.905250
0.915150
0.915225
0.944625
0.945700
0.953250
0.954725
0.956325
0.961000
0.966900
0.975575
0.991575
1.015775
1.027175
1.030100
1.043400
1.057900
1.068150
1.070600
1.071000
1.075950
1.080950
1.090325
1.091400
1.094125
1.106400
1.106825
1.113975
1.132200
1.197025
1.205550
1.215175
1.225175
1.273975
1.279050
1.342625
1.359725
1.360875
1.366800
1.390100
1.444725
1.459975
1.511600
1.513600
1.586475
1.670025
1.762300
1.831200
1.996875
242
