0.004050
0.004300
0.014750
0.015225
0.019300
0.020050
0.021775
0.027400
0.027875
0.031500
0.033250
0.035550
0.052325
0.055175
0.062875
0.065400
0.075200
0.093475
0.095525
0.096850
0.107300
0.107425
0.112400
0.115150
0.126625
0.129425
0.137600
0.139500
0.142100
0.142925
0.144100
0.153350
0.154675
0.159075
0.180050
0.180675
0.182450
0.185925
0.186475
0.190400
0.200975
0.202250
0.204000
0.219225
0.219475
0.231750
0.232900
0.234650
0.238350
0.241950
0.261450
0.262850
0.267000
0.271125
0.272825
0.274625
0.278400
0.283475
0.284175
0.286025
0.288900
0.291550
0.291800
0.305575
0.307125
0.316250
0.318225
0.320625
0.320775
0.334125
0.336650
0.338300
0.341075
0.341175
0.347850
0.352600
0.352700
0.356075
0.374175
0.379450
0.383875
0.384000
0.398200
0.400750
0.401175
0.402900
0.405425
0.407450
0.417975
0.423400
0.423600
0.429575
0.440700
0.444175
0.446375
0.447125
0.452775
0.454175
0.455900
0.467200
0.469025
0.474925
0.485775
0.493775
0.503075
0.503900
0.511125
0.521450
0.527500
0.535650
0.538900
0.553625
0.561200
0.561225
0.573375
0.577650
0.583400
0.592725
0.595650
0.595975
0.596600
0.602500
0.622150
0.633500
0.636300
0.640875
0.645300
0.658125
0.658175
0.659750
0.660375
0.662250
0.663650
0.663975
0.666600
0.672350
0.674775
0.675350
0.691600
0.692975
0.695375
0.700875
0.703775
0.705450
0.708750
0.716075
0.716550
0.724925
0.726550
0.732375
0.740300
0.741100
0.742650
0.751325
0.756625
0.758325
0.762425
0.784100
0.785025
0.789725
0.792775
0.799200
0.799750
0.814300
0.831325
0.842050
0.844325
0.845300
0.849750
0.850425
0.851275
0.852000
0.875150
0.878350
0.893900
0.893925
0.909375
0.915900
0.918625
0.924150
0.931000
0.942975
0.957425
0.960500
0.961150
0.964450
0.989800
1.018850
1.028625
1.052725
1.053075
1.067000
1.097825
1.100450
1.104500
1.113925
1.127450
1.210500
1.223950
1.230150
1.231825
1.248225
1.251850
1.263925
1.290800
1.298500
1.299825
1.317100
1.375375
1.375950
1.407675
1.460950
1.492400
1.494375
1.509475
1.510175
1.536700
1.536975
1.630600
1.660025
1.719150
1.762050
1.824175
1.859200
1.949850
2.014025
2.027625
2.349425
228
