0.007050
0.018125
0.018875
0.025550
0.031450
0.037075
0.037375
0.038375
0.050525
0.053450
0.059625
0.060975
0.063800
0.068550
0.071275
0.073675
0.092300
0.097725
0.100150
0.100625
0.101825
0.102975
0.105475
0.107025
0.111625
0.114950
0.120650
0.124775
0.124975
0.129875
0.134975
0.136325
0.136500
0.140550
0.141950
0.143325
0.147850
0.153550
0.156175
0.158375
0.166250
0.166700
0.167350
0.168050
0.169700
0.171450
0.172800
0.174625
0.177700
0.177725
0.188400
0.189075
0.191550
0.192850
0.193525
0.208825
0.210200
0.210425
0.213400
0.218475
0.219425
0.221725
0.229750
0.230100
0.233375
0.244500
0.250325
0.259850
0.268175
0.298025
0.299450
0.312550
0.314925
0.316725
0.321275
0.332825
0.334450
0.339375
0.347475
0.359125
0.359875
0.362225
0.366050
0.370700
0.371575
0.372375
0.374075
0.376475
0.378225
0.379925
0.379975
0.396625
0.405700
0.407750
0.408725
0.411275
0.435575
0.444250
0.444525
0.444550
0.446025
0.450450
0.451175
0.453150
0.458600
0.458700
0.461325
0.464300
0.464725
0.471425
0.479975
0.484800
0.494625
0.495325
0.497800
0.502425
0.506850
0.519325
0.530975
0.533350
0.537750
0.556725
0.557075
0.565400
0.570875
0.580150
0.601375
0.635900
0.638475
0.639450
0.643375
0.645450
0.647850
0.649300
0.652600
0.656900
0.657825
0.658300
0.659650
0.663200
0.666600
0.691125
0.692050
0.696225
0.696650
0.699875
0.715100
0.716700
0.720925
0.728200
0.728225
0.739200
0.739700
0.741950
0.754400
0.754700
0.755225
0.756425
0.766550
0.768225
0.782200
0.791800
0.795850
0.798200
0.800075
0.801875
0.803975
0.806800
0.808550
0.827900
0.832775
0.833375
0.848625
0.853475
0.860950
0.865650
0.874850
0.875225
0.875775
0.904925
0.906125
0.912275
0.917250
0.919900
0.930275
0.934100
0.934575
0.940700
0.960575
0.965200
1.009275
1.010975
1.013300
1.051300
1.051325
1.060900
1.080900
1.086000
1.087100
1.088175
1.094925
1.102600
1.119075
1.121550
1.126600
1.142700
1.146300
1.147425
1.149400
1.153000
1.158150
1.162150
1.175000
1.182475
1.204500
1.210700
1.251000
1.320625
1.364500
1.365975
1.368900
1.375525
1.388250
1.408700
1.447475
1.524750
1.559225
1.582525
1.610675
1.622450
1.779050
1.842400
2.054525
2.133725
2.233375
2.403350
2.449100
237
