0.001650
0.003700
0.005925
0.008625
0.021325
0.022325
0.029150
0.034075
0.034275
0.034600
0.034625
0.035175
0.035825
0.039100
0.057200
0.070300
0.077725
0.092550
0.108900
0.118475
0.119600
0.127925
0.129850
0.130200
0.131675
0.134000
0.140375
0.141950
0.142700
0.153425
0.158275
0.183625
0.194750
0.201200
0.212600
0.218675
0.224950
0.225675
0.229050
0.232375
0.242650
0.249325
0.255275
0.257875
0.258500
0.263400
0.269975
0.274400
0.276550
0.277050
0.284025
0.292425
0.294350
0.308025
0.311550
0.328150
0.334675
0.349475
0.349550
0.354050
0.357350
0.360400
0.362375
0.367950
0.373250
0.376800
0.383600
0.384200
0.389125
0.390975
0.394625
0.394675
0.397725
0.397900
0.398475
0.403975
0.408750
0.409525
0.410100
0.411975
0.418950
0.419125
0.422500
0.423775
0.424475
0.430525
0.431300
0.431475
0.435525
0.442400
0.450400
0.457150
0.457225
0.461225
0.466825
0.472900
0.485525
0.490550
0.499875
0.505225
0.507700
0.511750
0.513975
0.514900
0.515450
0.515925
0.516175
0.530375
0.533725
0.544550
0.548250
0.549400
0.556450
0.556625
0.558625
0.572150
0.581025
0.581100
0.584525
0.593750
0.595250
0.608825
0.608975
0.610125
0.619725
0.621775
0.622925
0.626325
0.627025
0.629300
0.632425
0.635425
0.642975
0.645975
0.653150
0.662275
0.663425
0.671050
0.671750
0.673000
0.681875
0.684975
0.704800
0.707400
0.708825
0.713675
0.713950
0.716725
0.724275
0.732325
0.739100
0.741375
0.742150
0.744475
0.753075
0.753225
0.753825
0.759975
0.760650
0.761600
0.767175
0.770000
0.772525
0.772850
0.782175
0.782875
0.785675
0.786150
0.786650
0.794400
0.795600
0.799450
0.799575
0.799950
0.818425
0.819300
0.820900
0.823250
0.828825
0.840325
0.880525
0.891825
0.892525
0.893875
0.894350
0.941750
0.945875
0.952950
0.954250
0.957275
0.979200
0.984800
0.990925
0.997075
0.997350
1.007950
1.032325
1.063400
1.066250
1.081675
1.101475
1.102725
1.138525
1.146800
1.171675
1.194850
1.201325
1.205100
1.222775
1.254525
1.312775
1.314350
1.321975
1.350400
1.395325
1.418050
1.429025
1.432150
1.446150
1.467725
1.474550
1.517325
1.522425
1.529925
1.560200
1.590750
1.601175
1.605300
1.620350
1.665375
1.712525
1.735375
1.823125
2.027925
2.116425
2.341000
2.375625
2.386850
238
