0.012200
0.015150
0.018450
0.025450
0.025500
0.030150
0.032475
0.033600
0.034675
0.036025
0.040425
0.042925
0.053050
0.058650
0.064000
0.067625
0.072200
0.073600
0.087600
0.101625
0.102075
0.123325
0.128200
0.153500
0.164425
0.174075
0.183575
0.183975
0.196225
0.202675
0.205425
0.227125
0.228575
0.232650
0.235125
0.236925
0.238150
0.238800
0.247350
0.249350
0.256650
0.258650
0.264725
0.265550
0.267025
0.270050
0.271000
0.274450
0.276750
0.278300
0.278975
0.284675
0.287375
0.299975
0.303500
0.303600
0.308075
0.311675
0.314175
0.315950
0.325025
0.327325
0.330200
0.335975
0.336225
0.337225
0.343975
0.347625
0.348125
0.352650
0.356775
0.357150
0.362075
0.362150
0.374600
0.383050
0.383975
0.387000
0.394350
0.394800
0.396900
0.399500
0.415275
0.417375
0.421100
0.430275
0.431225
0.432650
0.432975
0.445650
0.446800
0.448875
0.455800
0.460000
0.471550
0.471550
0.472150
0.478225
0.480675
0.486050
0.494400
0.496050
0.496225
0.497950
0.498575
0.499125
0.505925
0.512325
0.514850
0.529900
0.532150
0.534100
0.534775
0.542425
0.550775
0.551600
0.554475
0.564700
0.565450
0.565700
0.574375
0.582525
0.584525
0.590425
0.594225
0.599050
0.603325
0.606125
0.607025
0.608000
0.619275
0.621125
0.623100
0.626000
0.626275
0.632400
0.634500
0.636075
0.638825
0.639725
0.643150
0.650050
0.657975
0.661250
0.670825
0.672475
0.676950
0.680500
0.694925
0.698500
0.698975
0.701450
0.719825
0.730250
0.731525
0.731900
0.731950
0.737225
0.749425
0.755825
0.776200
0.788475
0.792050
0.796625
0.798750
0.803650
0.813400
0.813550
0.822775
0.825900
0.829850
0.838625
0.841750
0.841950
0.854475
0.857025
0.870475
0.873000
0.875050
0.892475
0.895875
0.900825
0.928100
0.938375
0.938875
0.947075
0.953725
0.956800
0.962625
0.965025
0.965775
0.995925
0.999375
1.003250
1.005475
1.021100
1.024550
1.030000
1.030225
1.053325
1.057950
1.068025
1.077775
1.078300
1.130875
1.150450
1.161750
1.167900
1.172300
1.236100
1.242025
1.260500
1.263725
1.277400
1.328150
1.357600
1.370150
1.380075
1.389150
1.398450
1.444550
1.502225
1.546625
1.554950
1.588075
1.608025
1.613425
1.685100
1.695050
1.696275
1.707575
1.715450
1.744075
1.761000
1.803350
1.816200
1.880200
1.924800
2.226975
239
