0.005975
0.011900
0.013250
0.019125
0.021525
0.024500
0.029500
0.030550
0.030650
0.030750
0.048450
0.051775
0.058600
0.058875
0.060150
0.062675
0.065325
0.065575
0.066650
0.067875
0.075825
0.076900
0.080550
0.081625
0.099675
0.100625
0.102175
0.105775
0.116825
0.117150
0.117550
0.118325
0.121550
0.124950
0.127250
0.131700
0.143075
0.143550
0.154425
0.154625
0.161825
0.166950
0.171300
0.179750
0.180150
0.184350
0.184525
0.195850
0.196275
0.200075
0.202750
0.208375
0.209950
0.217900
0.220800
0.224975
0.234750
0.242175
0.243525
0.243800
0.248000
0.265625
0.266525
0.281525
0.281700
0.288750
0.307200
0.310850
0.312725
0.316325
0.318900
0.319650
0.320675
0.338075
0.344050
0.345425
0.347550
0.350800
0.361200
0.363675
0.363950
0.373875
0.374975
0.375650
0.382775
0.385075
0.387450
0.388200
0.389225
0.392700
0.394025
0.396225
0.434650
0.438725
0.446800
0.447225
0.451050
0.454925
0.460425
0.461525
0.470050
0.470550
0.470675
0.474875
0.490100
0.504850
0.505925
0.508550
0.509100
0.509150
0.514300
0.516300
0.518325
0.518800
0.519350
0.528325
0.531275
0.534400
0.539600
0.541750
0.542175
0.554850
0.560575
0.562750
0.567375
0.568975
0.573450
0.585400
0.588125
0.618950
0.622975
0.623650
0.627425
0.629225
0.632500
0.638775
0.641475
0.645775
0.652525
0.655000
0.660125
0.662250
0.664675
0.666550
0.673700
0.674975
0.676700
0.677725
0.680375
0.688900
0.689625
0.691275
0.694100
0.698625
0.699250
0.702525
0.703150
0.713375
0.717150
0.718675
0.754400
0.755300
0.755375
0.756900
0.759525
0.767325
0.769825
0.771225
0.774300
0.775250
0.778950
0.780725
0.782825
0.784725
0.786875
0.787425
0.801450
0.803350
0.806350
0.806725
0.808000
0.811450
0.812575
0.818775
0.821925
0.826150
0.829700
0.830425
0.832975
0.835125
0.835650
0.835925
0.836950
0.851700
0.862950
0.870350
0.878200
0.896750
0.902625
0.919050
0.943350
0.945700
0.945725
0.949450
0.949925
0.989375
0.990200
0.993625
1.006400
1.010700
1.013400
1.016925
1.027725
1.053450
1.063700
1.092550
1.102975
1.109400
1.115350
1.118650
1.133350
1.159450
1.170450
1.173650
1.174300
1.179675
1.251250
1.257400
1.258225
1.266075
1.296175
1.296675
1.319325
1.348200
1.355950
1.369500
1.370075
1.421475
1.441275
1.450275
1.463275
1.485000
1.489150
1.491100
1.521550
1.528675
1.582300
1.613300
1.637450
1.654125
1.705500
1.711900
1.722225
1.746650
1.803150
1.968925
1.991550
2.137600
2.218375
2.271825
260
