0.003150
0.013600
0.015825
0.018850
0.021875
0.022950
0.026575
0.035250
0.037375
0.041575
0.047350
0.049075
0.050325
0.052550
0.054125
0.054550
0.063950
0.071000
0.073150
0.074800
0.075800
0.076800
0.078150
0.083000
0.090875
0.090925
0.094550
0.101200
0.101700
0.101825
0.104100
0.104800
0.107475
0.111275
0.113350
0.114375
0.115050
0.117625
0.117650
0.122625
0.124275
0.126000
0.126575
0.134975
0.139550
0.149625
0.152075
0.164850
0.170700
0.170700
0.174200
0.174400
0.178300
0.180650
0.182025
0.187575
0.191725
0.192975
0.200525
0.209550
0.216900
0.230025
0.231675
0.237725
0.239925
0.246900
0.250075
0.265250
0.271225
0.273825
0.280275
0.283800
0.289575
0.289750
0.290875
0.295400
0.297375
0.301700
0.305775
0.313700
0.314450
0.334500
0.340850
0.348700
0.350925
0.353250
0.359725
0.360400
0.361300
0.362175
0.365600
0.385000
0.389750
0.395650
0.398850
0.402000
0.409750
0.414175
0.418425
0.427275
0.427375
0.433500
0.434275
0.436700
0.444625
0.451675
0.453425
0.457275
0.459375
0.462725
0.463375
0.465425
0.473400
0.475800
0.477575
0.478250
0.483875
0.491450
0.497725
0.497875
0.499000
0.515425
0.527075
0.531625
0.531650
0.533750
0.540050
0.543600
0.548075
0.549875
0.550525
0.553475
0.558825
0.559925
0.560650
0.568700
0.573675
0.573975
0.576175
0.579300
0.580075
0.586350
0.590175
0.611125
0.611825
0.614775
0.616525
0.622075
0.629150
0.631650
0.655850
0.663975
0.674125
0.676700
0.681000
0.685025
0.688550
0.688925
0.692475
0.693425
0.693850
0.699125
0.709625
0.714000
0.714200
0.720300
0.720775
0.732750
0.747500
0.768725
0.774425
0.780075
0.780225
0.785450
0.791525
0.812775
0.816475
0.824550
0.827550
0.844225
0.847075
0.852475
0.855025
0.860275
0.860575
0.865875
0.867700
0.871375
0.885700
0.889500
0.893825
0.904400
0.909300
0.912500
0.925650
0.933875
0.945125
0.950175
0.950675
0.986000
1.036125
1.049275
1.058425
1.074025
1.083025
1.086250
1.093700
1.094950
1.116650
1.142725
1.150000
1.157425
1.163700
1.172300
1.190425
1.191950
1.197625
1.231800
1.242925
1.262775
1.263075
1.290850
1.345200
1.346000
1.453600
1.480825
1.511100
1.528275
1.565475
1.574600
1.594700
1.608975
1.639425
1.652600
1.694025
1.731375
1.744575
1.761175
1.874875
1.921950
1.934200
1.943650
1.986750
2.014975
2.090900
2.119600
2.142800
2.209275
2.299000
249
