0.003400
0.007800
0.011275
0.016000
0.022225
0.023500
0.024550
0.031275
0.035875
0.039125
0.041525
0.047525
0.052375
0.063525
0.066025
0.070400
0.070425
0.078800
0.079375
0.080375
0.097175
0.097500
0.108750
0.117475
0.127625
0.129375
0.150575
0.151075
0.152000
0.153975
0.163475
0.172050
0.172550
0.174675
0.180400
0.180850
0.181750
0.183650
0.184525
0.189650
0.204400
0.204825
0.212500
0.214125
0.218575
0.225125
0.228100
0.232075
0.232625
0.240475
0.242100
0.255025
0.276100
0.280075
0.290425
0.290800
0.291800
0.311150
0.320800
0.336775
0.336925
0.338650
0.349500
0.354175
0.357300
0.358050
0.361675
0.362450
0.362525
0.362900
0.374100
0.380125
0.383325
0.385325
0.397050
0.400250
0.402500
0.403325
0.404450
0.407825
0.409025
0.409600
0.418975
0.420025
0.429600
0.429925
0.434150
0.442175
0.448100
0.450500
0.458550
0.461475
0.462850
0.466725
0.474700
0.477125
0.479300
0.484975
0.488575
0.492800
0.495550
0.496650
0.498625
0.510650
0.516525
0.516625
0.519975
0.522150
0.523550
0.525800
0.526925
0.527200
0.527425
0.530075
0.531525
0.552025
0.552100
0.553475
0.554525
0.557725
0.560100
0.560900
0.563250
0.568450
0.569125
0.575600
0.586500
0.591850
0.594950
0.595075
0.596200
0.608950
0.611275
0.612075
0.613650
0.617525
0.620900
0.624750
0.625850
0.630125
0.630625
0.635000
0.653875
0.668125
0.671400
0.678250
0.678525
0.683925
0.688225
0.690925
0.697675
0.702350
0.705875
0.711700
0.713775
0.714925
0.722925
0.728725
0.739775
0.747100
0.755050
0.757300
0.768300
0.775750
0.786425
0.787850
0.799300
0.800275
0.803875
0.812000
0.814175
0.817800
0.818775
0.827100
0.833550
0.834350
0.844125
0.869725
0.875300
0.878900
0.882325
0.885575
0.886000
0.894350
0.897175
0.905225
0.923550
0.937500
0.940125
0.952250
0.954100
0.957450
0.968225
0.972200
0.977400
0.978250
0.995300
0.999450
1.001875
1.009025
1.013025
1.013375
1.017025
1.034575
1.035000
1.056425
1.067125
1.086675
1.118575
1.145300
1.145850
1.154550
1.158000
1.165600
1.166425
1.181775
1.196750
1.197400
1.202200
1.215725
1.219425
1.223700
1.224400
1.239250
1.241800
1.248925
1.254050
1.265850
1.266975
1.268700
1.275450
1.279325
1.290100
1.302000
1.336775
1.386875
1.408275
1.432900
1.450825
1.478300
1.544750
1.554400
1.562350
1.573225
1.596675
1.602775
1.621150
1.641875
1.683075
1.720325
1.759575
1.761125
1.813775
1.871550
1.941025
1.942075
2.388175
257
