0.004700
0.006125
0.006950
0.007875
0.010700
0.012575
0.013250
0.015475
0.024225
0.026975
0.028200
0.042525
0.047725
0.056325
0.066600
0.073150
0.076275
0.086475
0.087725
0.090075
0.094625
0.096400
0.099550
0.100425
0.101800
0.110625
0.110725
0.111850
0.124150
0.133100
0.135275
0.138225
0.147550
0.154950
0.159075
0.169475
0.175950
0.177575
0.184900
0.187775
0.192600
0.193650
0.194900
0.200700
0.206550
0.214525
0.214650
0.221750
0.222275
0.223275
0.235700
0.236650
0.237450
0.239300
0.241700
0.243975
0.244750
0.249275
0.253100
0.257325
0.267775
0.269150
0.270450
0.278400
0.281050
0.283625
0.284550
0.296225
0.301625
0.303375
0.304700
0.305525
0.306150
0.307075
0.312600
0.316575
0.327300
0.327475
0.331050
0.331925
0.337225
0.346300
0.351775
0.352425
0.353400
0.355525
0.358675
0.363150
0.365750
0.372625
0.392650
0.394225
0.397575
0.402400
0.406700
0.426650
0.436025
0.437600
0.438050
0.451300
0.463300
0.473600
0.482125
0.487650
0.490500
0.490675
0.508100
0.508975
0.512675
0.516400
0.519450
0.522975
0.526925
0.529025
0.529325
0.530000
0.537400
0.546175
0.556025
0.561050
0.569125
0.575100
0.581225
0.582950
0.586125
0.594925
0.604700
0.608150
0.627500
0.631850
0.655300
0.662475
0.665350
0.672025
0.672900
0.676300
0.677150
0.685675
0.686775
0.692850
0.692900
0.696475
0.700425
0.705900
0.707875
0.709900
0.710450
0.711675
0.711975
0.712900
0.714850
0.723425
0.730075
0.737875
0.738000
0.740975
0.742750
0.743925
0.754450
0.756375
0.765125
0.771325
0.777325
0.782600
0.785475
0.786650
0.791150
0.808050
0.811925
0.823650
0.825000
0.831175
0.844175
0.848675
0.878375
0.885525
0.894275
0.894425
0.895875
0.903775
0.912600
0.953800
0.958550
0.971325
1.015475
1.044325
1.051150
1.051250
1.064400
1.080250
1.084275
1.089725
1.115675
1.132025
1.137600
1.148350
1.162000
1.164425
1.166400
1.187650
1.189275
1.190550
1.278750
1.292225
1.297125
1.298075
1.300225
1.340150
1.348975
1.358000
1.360850
1.370775
1.487325
1.498850
1.588625
1.626175
1.634825
1.711100
1.745725
1.794375
1.889125
1.939925
1.953500
2.113325
2.130800
2.145600
2.164525
227
