0.006075
0.010950
0.023725
0.026625
0.040525
0.052150
0.052575
0.052725
0.054000
0.054125
0.061075
0.065675
0.067225
0.073525
0.086650
0.096750
0.097825
0.098025
0.100175
0.100600
0.107200
0.113625
0.127500
0.128925
0.135950
0.145400
0.147375
0.154300
0.158050
0.159950
0.162150
0.168275
0.169925
0.175200
0.175925
0.181275
0.183600
0.198850
0.205650
0.205750
0.211325
0.217650
0.222125
0.231100
0.235675
0.236825
0.248450
0.249700
0.253800
0.255325
0.255350
0.256850
0.258875
0.260575
0.262275
0.264050
0.264600
0.270750
0.271475
0.276700
0.280025
0.287275
0.294325
0.303575
0.306625
0.309700
0.309700
0.313050
0.316000
0.319550
0.329600
0.338150
0.348850
0.360775
0.362200
0.366800
0.369850
0.379250
0.382825
0.394500
0.404950
0.405100
0.407900
0.411850
0.413275
0.414000
0.414650
0.420600
0.425975
0.431700
0.432475
0.439700
0.442100
0.444750
0.448650
0.449975
0.453700
0.464175
0.469300
0.472075
0.480175
0.492575
0.505500
0.512600
0.513850
0.516825
0.527500
0.527825
0.542525
0.557100
0.557450
0.568900
0.570525
0.576800
0.594750
0.594800
0.597000
0.597975
0.606600
0.607250
0.608675
0.612700
0.618625
0.625775
0.631025
0.637850
0.638550
0.638925
0.642000
0.645350
0.646350
0.651400
0.655075
0.656550
0.656975
0.660550
0.663300
0.666000
0.667800
0.686175
0.690850
0.691275
0.693675
0.697125
0.703275
0.710725
0.711350
0.711600
0.720050
0.742025
0.750600
0.775625
0.777325
0.779725
0.781925
0.782625
0.783225
0.788700
0.791650
0.792175
0.800750
0.801325
0.801825
0.803325
0.806425
0.815125
0.821625
0.829025
0.836100
0.840325
0.847100
0.849850
0.862200
0.867450
0.868600
0.875300
0.897325
0.897900
0.910950
0.912225
0.925800
0.929400
0.940725
0.949375
0.966900
0.971225
0.980275
0.982375
0.991925
1.002800
1.010125
1.011650
1.025100
1.053875
1.074375
1.103850
1.103925
1.110500
1.111625
1.135275
1.143900
1.145400
1.167650
1.275525
1.303650
1.345125
1.374000
1.441850
1.485750
1.532125
1.571900
1.606675
1.632925
1.646075
1.665675
1.740475
1.754925
1.759625
1.787750
2.078525
2.080275
2.085025
2.091575
2.106175
2.265650
2.299400
226
