0.000625
0.013725
0.018500
0.021875
0.028425
0.030900
0.034275
0.036950
0.037600
0.037950
0.043100
0.044975
0.047875
0.057775
0.066325
0.067300
0.073350
0.075850
0.090075
0.095950
0.103525
0.106575
0.111075
0.117650
0.118775
0.128400
0.130550
0.132075
0.132825
0.136075
0.136150
0.136650
0.142300
0.155400
0.166325
0.168450
0.171600
0.174400
0.180275
0.180525
0.183850
0.188975
0.190125
0.191900
0.192700
0.197100
0.197725
0.205625
0.212775
0.215900
0.221200
0.224200
0.225825
0.226700
0.230275
0.231400
0.246775
0.247425
0.261975
0.262600
0.264900
0.268300
0.268650
0.277175
0.283975
0.285250
0.290350
0.300275
0.300750
0.304275
0.304525
0.304550
0.313025
0.313550
0.313675
0.315150
0.321350
0.321950
0.324700
0.325650
0.327225
0.329750
0.344075
0.349575
0.350325
0.350875
0.355300
0.358250
0.366025
0.366100
0.366550
0.367275
0.368800
0.383975
0.384425
0.389400
0.405200
0.409300
0.409775
0.415000
0.424375
0.428400
0.438825
0.444625
0.450300
0.451825
0.452050
0.455550
0.460850
0.475000
0.479275
0.483925
0.485075
0.485625
0.485700
0.490625
0.492750
0.496625
0.500200
0.513050
0.516900
0.518750
0.523625
0.524550
0.550150
0.552650
0.553950
0.555150
0.557125
0.558625
0.558800
0.560150
0.560500
0.569350
0.580100
0.582300
0.582500
0.590425
0.602650
0.604850
0.608975
0.620500
0.621950
0.622025
0.623375
0.629975
0.630525
0.644050
0.656125
0.660875
0.670750
0.671075
0.673775
0.678325
0.682275
0.683925
0.695775
0.704975
0.722975
0.745850
0.754425
0.756050
0.759250
0.762075
0.766375
0.775275
0.776825
0.779875
0.781775
0.791900
0.794525
0.797000
0.797250
0.802000
0.803375
0.806450
0.809475
0.812100
0.820400
0.823000
0.833850
0.836875
0.850850
0.858950
0.859500
0.867150
0.870975
0.871125
0.871475
0.880750
0.880825
0.910125
0.915050
0.950725
0.954725
0.954875
0.959975
0.997150
1.014600
1.035150
1.043550
1.070800
1.079575
1.111225
1.138200
1.145375
1.160125
1.166600
1.185225
1.207325
1.245400
1.246025
1.257925
1.289050
1.346925
1.347725
1.383550
1.400000
1.419475
1.426950
1.527175
1.532450
1.594200
1.614000
1.622225
1.664150
1.736075
1.817125
1.828925
1.843675
1.944075
2.069075
2.147575
2.279625
234
