0.000475
0.003575
0.005575
0.009050
0.009200
0.009250
0.013000
0.026725
0.034250
0.034875
0.035950
0.036775
0.037025
0.046125
0.048625
0.051750
0.066900
0.084200
0.087150
0.100325
0.104425
0.118450
0.131900
0.132725
0.135175
0.145550
0.145575
0.168850
0.174450
0.174925
0.182425
0.185250
0.186275
0.186775
0.195450
0.202125
0.203550
0.205850
0.207025
0.208875
0.211600
0.213925
0.214825
0.223050
0.230750
0.231825
0.234600
0.240700
0.247625
0.261525
0.262025
0.272300
0.275950
0.277100
0.277275
0.279300
0.281450
0.286925
0.291700
0.294425
0.295700
0.296225
0.308825
0.311400
0.311975
0.321650
0.322325
0.327750
0.334500
0.337550
0.338300
0.343900
0.345500
0.356675
0.363775
0.381000
0.382925
0.383150
0.387750
0.410950
0.418025
0.421350
0.421750
0.423475
0.429275
0.451725
0.458950
0.462025
0.472450
0.473275
0.475800
0.478750
0.497675
0.498850
0.504750
0.507625
0.507825
0.510900
0.522000
0.525425
0.530825
0.547250
0.551375
0.552525
0.555125
0.557600
0.563850
0.564225
0.570125
0.577750
0.581250
0.582875
0.583200
0.586700
0.593225
0.593500
0.601550
0.624975
0.630475
0.639175
0.643325
0.646725
0.652100
0.653525
0.658475
0.658675
0.658900
0.661100
0.663100
0.664025
0.672700
0.676800
0.679300
0.684825
0.685550
0.690625
0.692125
0.695700
0.702050
0.708375
0.708850
0.713025
0.713250
0.713875
0.717475
0.719975
0.721375
0.726900
0.728075
0.731050
0.735400
0.743600
0.757800
0.759150
0.766375
0.768375
0.772375
0.774950
0.775775
0.776625
0.784100
0.786550
0.792750
0.796975
0.798825
0.803725
0.811850
0.820525
0.823250
0.824300
0.836825
0.851050
0.851775
0.852100
0.863050
0.875325
0.876875
0.879150
0.889000
0.891050
0.893550
0.903600
0.904675
0.913550
0.917350
0.918100
0.922500
0.925475
0.926975
0.927100
0.927250
0.933300
0.944150
0.958925
0.967825
0.974375
0.975125
1.041400
1.057550
1.060300
1.064150
1.071750
1.078800
1.081700
1.096450
1.100650
1.125050
1.127625
1.136850
1.142000
1.145050
1.171400
1.191250
1.200150
1.216200
1.216650
1.221375
1.223500
1.224900
1.227650
1.231175
1.235800
1.238325
1.273725
1.297050
1.336475
1.374625
1.378500
1.379275
1.380550
1.386650
1.393975
1.416700
1.419400
1.457500
1.492375
1.502200
1.621050
1.679425
1.696425
1.712075
1.724125
1.781650
1.820500
1.862475
2.093250
2.107425
2.125075
2.133725
2.205000
250
