0.000125
0.008250
0.008800
0.018950
0.019075
0.024100
0.025425
0.026000
0.040225
0.047000
0.048225
0.049900
0.054625
0.056475
0.070650
0.071275
0.072150
0.079425
0.080600
0.081550
0.083775
0.085625
0.095450
0.111500
0.113575
0.134300
0.135600
0.141900
0.144700
0.147475
0.159825
0.161725
0.161825
0.165825
0.166850
0.166875
0.170400
0.171175
0.171250
0.175775
0.175950
0.192950
0.200625
0.200700
0.202700
0.204775
0.205325
0.206550
0.209350
0.214475
0.215550
0.223075
0.223300
0.232525
0.247025
0.254475
0.261825
0.262400
0.268575
0.268600
0.269475
0.289075
0.290975
0.292975
0.293275
0.295725
0.297425
0.306800
0.310325
0.311525
0.315400
0.316100
0.325500
0.327225
0.329925
0.334475
0.336750
0.342950
0.344325
0.350700
0.356325
0.359700
0.360000
0.372900
0.389625
0.389625
0.390800
0.391750
0.395250
0.413425
0.418225
0.421050
0.421575
0.424225
0.424750
0.427650
0.428525
0.440100
0.441325
0.444250
0.447450
0.449000
0.449775
0.450775
0.454500
0.456025
0.456650
0.463025
0.464525
0.468425
0.476050
0.479200
0.484425
0.492325
0.492900
0.494325
0.508400
0.514550
0.515250
0.517525
0.524725
0.527025
0.538200
0.540675
0.549225
0.549600
0.551075
0.557075
0.562850
0.569800
0.570775
0.570900
0.573750
0.579925
0.581225
0.586050
0.591500
0.592825
0.593325
0.596300
0.599575
0.600500
0.608000
0.610450
0.613725
0.621425
0.628850
0.637900
0.643525
0.649550
0.659200
0.664125
0.683950
0.684400
0.684600
0.699625
0.703000
0.707175
0.709150
0.711775
0.713275
0.718625
0.719250
0.727450
0.736050
0.736300
0.739200
0.750950
0.760125
0.766800
0.771175
0.771175
0.773575
0.775875
0.778250
0.782825
0.784725
0.787125
0.788475
0.797375
0.808025
0.811150
0.818775
0.820800
0.830425
0.831175
0.832900
0.848650
0.849800
0.854825
0.863750
0.891700
0.894975
0.896300
0.913475
0.916400
0.917625
0.920425
0.922050
0.935900
0.945050
0.953375
0.957450
0.960325
0.964350
0.965925
0.972450
0.985750
0.990500
1.008250
1.012175
1.029925
1.030325
1.032000
1.040225
1.048125
1.063450
1.067675
1.074675
1.091375
1.110550
1.114275
1.125600
1.128425
1.152975
1.160100
1.168575
1.200275
1.207875
1.217825
1.224050
1.262750
1.273000
1.278575
1.291300
1.343200
1.397750
1.427500
1.455075
1.456200
1.581075
1.583050
1.604600
1.606850
1.619600
1.694125
1.698550
1.731475
1.748500
1.770975
1.955000
2.008250
2.010575
2.028875
2.180575
2.180900
2.288550
257
