0.001875
0.003525
0.009475
0.009750
0.013100
0.015725
0.024750
0.029075
0.035275
0.035525
0.037350
0.038600
0.052025
0.055825
0.058975
0.062025
0.071575
0.075625
0.076025
0.078350
0.089950
0.091600
0.095475
0.097725
0.104350
0.106475
0.106575
0.120650
0.122100
0.123950
0.125125
0.127075
0.127175
0.132525
0.137400
0.140025
0.142850
0.145200
0.146675
0.147325
0.147700
0.148900
0.149750
0.160225
0.165425
0.171450
0.172575
0.174100
0.184000
0.186225
0.189175
0.196300
0.196425
0.198625
0.199375
0.206075
0.207675
0.212525
0.215975
0.218600
0.229700
0.230400
0.230675
0.232400
0.233175
0.233850
0.234950
0.238700
0.239725
0.244325
0.247150
0.247650
0.249000
0.255650
0.256375
0.258375
0.259675
0.260125
0.260700
0.261875
0.262525
0.266525
0.266750
0.267900
0.268775
0.270975
0.277475
0.280300
0.290775
0.294725
0.305375
0.326575
0.332250
0.336225
0.340200
0.348325
0.349625
0.357975
0.358500
0.358900
0.367300
0.372300
0.376750
0.382125
0.383575
0.391075
0.391975
0.396950
0.406200
0.407550
0.411750
0.417925
0.419675
0.421375
0.423125
0.429825
0.441175
0.449225
0.450600
0.452700
0.456125
0.457700
0.458725
0.464275
0.464925
0.474175
0.476725
0.477000
0.477650
0.489125
0.492600
0.493775
0.505975
0.516250
0.516500
0.524450
0.531400
0.534300
0.537200
0.558450
0.559575
0.560350
0.561300
0.571850
0.577000
0.577575
0.582150
0.594100
0.595350
0.602200
0.603050
0.608475
0.609875
0.611725
0.619475
0.640900
0.640950
0.646600
0.648250
0.654375
0.658950
0.674350
0.675700
0.679325
0.690775
0.694225
0.696900
0.699950
0.700175
0.719875
0.720875
0.721350
0.723200
0.731875
0.733725
0.745975
0.751475
0.752350
0.763475
0.767025
0.776175
0.782900
0.784050
0.786150
0.797300
0.801225
0.829975
0.832225
0.833125
0.834100
0.843400
0.846775
0.856050
0.861050
0.864925
0.865575
0.867525
0.870000
0.890375
0.891925
0.893600
0.893775
0.905850
0.911775
0.912800
0.917025
0.917525
0.924225
0.924950
0.925475
0.929050
0.946000
0.947100
0.951600
0.962525
0.963525
0.963775
0.970150
0.974400
0.983750
1.002125
1.003925
1.009050
1.069400
1.086150
1.102925
1.112450
1.120175
1.126775
1.173300
1.207175
1.289950
1.310875
1.313675
1.365500
1.383200
1.408125
1.438750
1.439250
1.452525
1.472925
1.503050
1.542425
1.563125
1.570575
1.587375
1.613600
1.629725
1.697675
1.777800
1.789675
1.821300
1.945250
2.232475
2.397850
2.435900
256
