0.000000
0.022850
0.027425
0.028250
0.036000
0.039825
0.040050
0.046375
0.048500
0.049900
0.050850
0.054300
0.060025
0.060825
0.063900
0.070350
0.075600
0.090150
0.090225
0.092250
0.095225
0.104050
0.107050
0.110950
0.111050
0.120900
0.129650
0.130275
0.136075
0.139650
0.141775
0.148750
0.151900
0.157950
0.167350
0.172925
0.176325
0.191150
0.194450
0.194825
0.195375
0.196375
0.197450
0.200550
0.204825
0.206075
0.210175
0.210775
0.214500
0.215250
0.218750
0.220750
0.233100
0.233150
0.235650
0.235800
0.238300
0.243500
0.248250
0.265325
0.267650
0.272275
0.277150
0.279875
0.283100
0.289950
0.290550
0.293575
0.296325
0.298475
0.303200
0.304675
0.307775
0.316650
0.317875
0.318350
0.321250
0.325125
0.325925
0.326175
0.329500
0.332725
0.347875
0.352675
0.354850
0.355300
0.356425
0.358450
0.378025
0.388400
0.401025
0.401400
0.409625
0.413300
0.419425
0.419800
0.419800
0.423500
0.429200
0.434175
0.435300
0.436100
0.436925
0.437025
0.441800
0.448025
0.455825
0.461975
0.462050
0.462050
0.472500
0.479150
0.481975
0.482175
0.484725
0.489150
0.489725
0.491300
0.491625
0.496975
0.504150
0.504550
0.504800
0.510475
0.511550
0.513575
0.514725
0.516525
0.527475
0.528925
0.529350
0.531025
0.535950
0.544925
0.545300
0.548725
0.550000
0.551000
0.552550
0.552800
0.552825
0.561900
0.562025
0.569925
0.570100
0.577925
0.582675
0.584875
0.600325
0.602775
0.605575
0.612475
0.628425
0.631300
0.631800
0.632100
0.639600
0.640025
0.644850
0.644875
0.649375
0.653000
0.654925
0.660650
0.661250
0.662475
0.664325
0.668450
0.675875
0.680250
0.687775
0.694225
0.710600
0.710675
0.730025
0.734800
0.736500
0.758250
0.761075
0.762850
0.775025
0.776425
0.777900
0.779625
0.783325
0.786900
0.787350
0.787500
0.791650
0.795425
0.797125
0.801325
0.802700
0.805025
0.806050
0.814500
0.815675
0.822450
0.831925
0.835400
0.852750
0.857850
0.863725
0.863825
0.866100
0.891350
0.898450
0.912700
0.925650
0.939300
0.958575
0.973625
0.982950
0.991700
1.004075
1.011225
1.015050
1.017050
1.017550
1.036325
1.041125
1.047775
1.057275
1.064600
1.076925
1.099975
1.103825
1.104650
1.109300
1.112350
1.120300
1.129550
1.153425
1.169650
1.181375
1.188900
1.207400
1.212900
1.232175
1.278325
1.320375
1.325150
1.335400
1.346700
1.371000
1.386975
1.387100
1.418650
1.430950
1.457825
1.492300
1.540950
1.557650
1.597750
1.600275
1.603275
1.610550
1.628675
1.641225
1.645125
1.689150
1.803825
1.889675
1.933325
1.939025
2.037425
2.197000
2.238375
2.305925
2.344325
270
