0.000075
0.000900
0.001325
0.009200
0.010525
0.012900
0.014225
0.014750
0.015500
0.016450
0.019350
0.024800
0.042700
0.043100
0.045750
0.053725
0.075800
0.079700
0.081000
0.085125
0.085200
0.088650
0.089525
0.091075
0.094075
0.094925
0.097850
0.098525
0.104000
0.104575
0.112375
0.121225
0.123025
0.133700
0.146175
0.147425
0.149750
0.169850
0.182350
0.187175
0.196450
0.197675
0.205725
0.211300
0.215550
0.233350
0.243500
0.243550
0.244450
0.244675
0.251675
0.252900
0.258275
0.261250
0.263100
0.267725
0.269250
0.269925
0.270175
0.280625
0.282550
0.284725
0.292150
0.294550
0.300025
0.300500
0.300975
0.301625
0.313750
0.317350
0.323225
0.334600
0.336500
0.339175
0.341850
0.342275
0.342950
0.344675
0.348200
0.348550
0.353025
0.353550
0.357250
0.358575
0.370850
0.377175
0.377250
0.380500
0.389200
0.393125
0.397225
0.399375
0.399775
0.403625
0.412125
0.419825
0.421200
0.425775
0.431300
0.438425
0.445125
0.446950
0.453575
0.457900
0.461725
0.467300
0.471175
0.471275
0.472350
0.477925
0.483050
0.484650
0.497800
0.501175
0.504350
0.506100
0.509425
0.511875
0.523000
0.523475
0.526625
0.528225
0.530025
0.531500
0.533125
0.537425
0.537450
0.547950
0.549300
0.559050
0.570550
0.576475
0.582650
0.590400
0.594675
0.597650
0.602150
0.606750
0.608800
0.611725
0.614275
0.615950
0.624550
0.626350
0.630800
0.632875
0.633275
0.647275
0.652375
0.661050
0.661450
0.661675
0.661775
0.673375
0.680525
0.684375
0.684475
0.684925
0.691425
0.693100
0.697525
0.698675
0.701850
0.719200
0.723600
0.725750
0.731850
0.737600
0.737900
0.739325
0.745025
0.749500
0.757150
0.760550
0.767075
0.771700
0.780200
0.790475
0.801525
0.802100
0.807525
0.814225
0.815225
0.820850
0.823475
0.828750
0.829050
0.832400
0.837500
0.840650
0.850825
0.852700
0.859900
0.861550
0.863125
0.869700
0.880275
0.883025
0.901250
0.901575
0.910425
0.911950
0.920550
0.928275
0.938400
0.939375
0.944175
0.972975
0.980825
0.981500
0.985975
0.988300
0.988800
0.993800
1.012175
1.014325
1.016525
1.029075
1.034125
1.042275
1.054375
1.106900
1.116525
1.126600
1.134425
1.136600
1.148250
1.168800
1.169225
1.186775
1.191500
1.230075
1.239900
1.318650
1.343775
1.347450
1.384175
1.390100
1.398600
1.438775
1.477150
1.487200
1.537325
1.578725
1.596275
1.646275
1.794950
1.813200
1.977875
2.035275
2.094900
2.194700
2.283400
2.305150
254
