0.003050
0.010175
0.011900
0.015000
0.016525
0.020850
0.029250
0.043950
0.044950
0.053100
0.054325
0.054975
0.060275
0.061175
0.065525
0.067075
0.073350
0.077575
0.079925
0.094825
0.106625
0.112475
0.120600
0.120775
0.121075
0.121400
0.122150
0.127250
0.130950
0.135625
0.140125
0.142550
0.151000
0.156875
0.157300
0.164325
0.166950
0.172200
0.175475
0.184425
0.187600
0.189275
0.191300
0.198550
0.206025
0.207475
0.216100
0.226975
0.228125
0.234025
0.246325
0.247875
0.250050
0.251950
0.261650
0.262625
0.271125
0.271675
0.274275
0.277600
0.281500
0.285775
0.289200
0.299325
0.301250
0.306250
0.311550
0.328075
0.332075
0.332150
0.339100
0.343975
0.353225
0.354550
0.354575
0.355300
0.359650
0.365775
0.367325
0.370500
0.372875
0.374375
0.382175
0.412200
0.412500
0.414500
0.425850
0.425925
0.427225
0.427400
0.432650
0.438650
0.452525
0.459375
0.463250
0.472425
0.475825
0.479125
0.479850
0.481075
0.481500
0.491550
0.495925
0.498850
0.506825
0.514775
0.518350
0.519900
0.531650
0.534650
0.542525
0.543725
0.548625
0.551875
0.554400
0.558450
0.567675
0.568325
0.569325
0.570500
0.583500
0.602675
0.604300
0.606275
0.607850
0.610300
0.612150
0.617325
0.624425
0.628275
0.630450
0.633975
0.634275
0.636075
0.638050
0.640500
0.641050
0.641400
0.650225
0.661575
0.663950
0.695150
0.698100
0.699200
0.699350
0.712650
0.717575
0.724800
0.736625
0.738750
0.741550
0.754525
0.755750
0.760450
0.762500
0.771675
0.774700
0.776900
0.778450
0.780550
0.783075
0.783800
0.799075
0.801700
0.805700
0.823025
0.823150
0.827850
0.833550
0.833850
0.836150
0.855675
0.865725
0.877175
0.877925
0.880250
0.882475
0.886325
0.888575
0.888925
0.891050
0.899625
0.900300
0.921000
0.923175
0.930350
0.930900
0.932875
0.967425
0.970500
0.978025
0.981350
0.990650
1.010650
1.016300
1.039700
1.054075
1.068450
1.070325
1.071675
1.085875
1.087975
1.094675
1.115500
1.118825
1.126550
1.130725
1.132825
1.140625
1.186125
1.197875
1.275225
1.277950
1.293500
1.297050
1.311575
1.316350
1.329975
1.349375
1.392825
1.395250
1.494375
1.568375
1.596100
1.598825
1.621200
1.630925
1.667875
1.677400
1.793975
1.850225
2.097825
2.105200
2.127125
2.229200
2.487250
2.497950
237
