0.002675
0.003000
0.010500
0.010850
0.011175
0.020200
0.023750
0.030075
0.032775
0.033375
0.036250
0.044500
0.054700
0.062375
0.062525
0.064450
0.069925
0.072200
0.075575
0.081100
0.083275
0.089050
0.089825
0.090400
0.091475
0.097925
0.100350
0.101125
0.103975
0.108475
0.116150
0.116475
0.120975
0.122250
0.125575
0.128725
0.130925
0.131525
0.132200
0.142150
0.143150
0.148925
0.152600
0.154250
0.154975
0.158975
0.165000
0.178475
0.187975
0.211300
0.221150
0.233300
0.235800
0.243025
0.262700
0.266175
0.271825
0.275650
0.288425
0.300850
0.301950
0.303125
0.306650
0.306700
0.307625
0.310375
0.319775
0.326575
0.329725
0.330275
0.334575
0.353950
0.359300
0.361325
0.361475
0.366050
0.376175
0.377500
0.386175
0.395125
0.399825
0.403175
0.406925
0.407550
0.413675
0.415975
0.417600
0.428275
0.429800
0.430875
0.431025
0.434575
0.439625
0.449725
0.451575
0.452275
0.453275
0.458175
0.464275
0.465150
0.467275
0.467450
0.476075
0.478625
0.484775
0.496250
0.500300
0.507400
0.508425
0.515575
0.515850
0.517150
0.520725
0.524450
0.526550
0.529025
0.535025
0.540275
0.540725
0.543250
0.546050
0.546625
0.552025
0.561125
0.572250
0.582950
0.588725
0.591000
0.597925
0.603900
0.611275
0.612125
0.621350
0.631900
0.640175
0.651800
0.660500
0.663125
0.670525
0.671725
0.673825
0.674500
0.678950
0.679125
0.687450
0.687625
0.692075
0.706275
0.711075
0.715175
0.718125
0.727800
0.727825
0.728675
0.734850
0.736200
0.738950
0.739725
0.746975
0.765675
0.767525
0.775600
0.775775
0.776900
0.782775
0.784275
0.784975
0.789675
0.792275
0.793750
0.799425
0.804050
0.805900
0.813525
0.813800
0.824650
0.844425
0.849000
0.870275
0.870875
0.873425
0.899325
0.902350
0.909550
0.915850
0.937775
0.939000
0.950900
0.962625
0.964600
0.971675
0.973700
0.993975
0.996800
1.000475
1.022275
1.045000
1.059525
1.064425
1.085425
1.091775
1.092375
1.094150
1.094550
1.098275
1.101075
1.112100
1.112650
1.114975
1.136450
1.152900
1.179750
1.181425
1.185700
1.201200
1.204900
1.217075
1.228225
1.230975
1.264400
1.288875
1.314325
1.368375
1.369450
1.376550
1.382050
1.417275
1.441525
1.459850
1.460975
1.477900
1.501650
1.509400
1.536425
1.577175
1.600950
1.645425
1.706775
1.707675
1.755025
1.852350
1.912125
2.118000
2.145750
2.186600
245
