0.019700
0.024075
0.028800
0.045925
0.060500
0.070975
0.071625
0.076525
0.084600
0.089475
0.092075
0.092875
0.093825
0.096925
0.097375
0.101325
0.102200
0.117175
0.120550
0.126975
0.132625
0.134025
0.134775
0.140950
0.145450
0.151625
0.156050
0.156650
0.160750
0.161650
0.163300
0.166000
0.166475
0.166950
0.169025
0.173500
0.175775
0.179375
0.183650
0.187450
0.192700
0.198700
0.216975
0.217650
0.228825
0.230175
0.231775
0.237025
0.238875
0.240825
0.240875
0.243550
0.245650
0.246000
0.246050
0.246700
0.247925
0.252400
0.256125
0.259175
0.261125
0.264975
0.265875
0.267975
0.295650
0.299775
0.308500
0.313750
0.323750
0.326075
0.327500
0.329000
0.331175
0.336500
0.338300
0.341300
0.343125
0.344950
0.346975
0.357350
0.367175
0.370850
0.371825
0.374475
0.375225
0.376900
0.378500
0.382800
0.388100
0.389925
0.390275
0.394650
0.398725
0.400900
0.401575
0.403975
0.405500
0.411500
0.415650
0.425600
0.440250
0.441300
0.442525
0.442675
0.443000
0.452150
0.457850
0.459225
0.462925
0.467525
0.469450
0.482250
0.483850
0.490950
0.496600
0.499200
0.502850
0.507875
0.511950
0.517900
0.519900
0.523900
0.525850
0.528500
0.536250
0.542550
0.551550
0.554175
0.557500
0.565600
0.566375
0.568075
0.569200
0.570475
0.573825
0.577325
0.580375
0.580400
0.585875
0.591475
0.595250
0.597500
0.598900
0.604450
0.604450
0.608250
0.614325
0.617675
0.623175
0.636450
0.639800
0.639950
0.644175
0.646975
0.658500
0.664400
0.664600
0.666725
0.676200
0.678450
0.682250
0.683025
0.686925
0.688750
0.694175
0.700200
0.700300
0.705875
0.723325
0.725625
0.728150
0.730475
0.738550
0.743025
0.744975
0.752525
0.756550
0.760100
0.763025
0.765525
0.770500
0.781950
0.786450
0.788025
0.798600
0.807675
0.809300
0.818325
0.830225
0.833750
0.842975
0.844925
0.849225
0.857600
0.860350
0.873750
0.874725
0.880925
0.881450
0.882000
0.884050
0.896550
0.905875
0.907125
0.921400
0.921450
0.927225
0.930525
0.946550
0.952675
0.961450
0.961575
0.961625
0.969125
0.975250
0.975675
0.979275
0.981200
0.981750
0.988850
0.991150
1.003625
1.010325
1.011275
1.012925
1.022000
1.025725
1.040575
1.042050
1.057275
1.070700
1.086100
1.096125
1.113625
1.115475
1.135125
1.135800
1.159350
1.165700
1.180825
1.185375
1.195450
1.196225
1.218800
1.222275
1.231325
1.258325
1.289700
1.318575
1.320450
1.355075
1.366825
1.417675
1.421675
1.453500
1.488650
1.504475
1.515750
1.554950
1.608450
1.622650
1.670475
1.728975
2.144075
2.376775
2.444950
266
