0.003775
0.004175
0.004625
0.005300
0.008900
0.013750
0.014800
0.027875
0.027925
0.027925
0.032550
0.040400
0.041825
0.042175
0.042425
0.048500
0.048800
0.051875
0.053400
0.053975
0.056650
0.058400
0.070625
0.071000
0.075950
0.079800
0.099075
0.103750
0.104375
0.105850
0.110850
0.126275
0.132525
0.143925
0.145450
0.146900
0.147450
0.177750
0.180550
0.189750
0.193825
0.197275
0.201125
0.212550
0.219175
0.225150
0.225825
0.231400
0.240200
0.244125
0.248150
0.248425
0.249525
0.250650
0.256600
0.259450
0.283500
0.286875
0.291800
0.299875
0.305550
0.308400
0.311075
0.314750
0.315375
0.316675
0.328000
0.329075
0.332525
0.333775
0.343225
0.344850
0.353450
0.371150
0.371475
0.374800
0.377600
0.379450
0.388075
0.392325
0.396625
0.398100
0.402375
0.420250
0.431400
0.434425
0.439500
0.440875
0.460500
0.463200
0.468950
0.472000
0.482550
0.488875
0.488975
0.506200
0.507525
0.509525
0.516375
0.519925
0.521600
0.528275
0.535725
0.545350
0.548825
0.551850
0.552150
0.554600
0.554675
0.554825
0.571925
0.572375
0.572650
0.575200
0.577500
0.584200
0.588550
0.591625
0.599225
0.599825
0.605875
0.614450
0.631500
0.635425
0.663950
0.665100
0.668000
0.679425
0.682825
0.683525
0.693875
0.697725
0.709575
0.711875
0.712750
0.713150
0.715300
0.719525
0.726350
0.728550
0.736000
0.738325
0.739350
0.745300
0.753625
0.756875
0.760025
0.761675
0.762125
0.762425
0.769150
0.770950
0.786675
0.787275
0.788050
0.802350
0.807125
0.812475
0.813225
0.814325
0.815375
0.822500
0.826925
0.838275
0.860475
0.861800
0.869725
0.873950
0.882475
0.885400
0.887050
0.891300
0.893400
0.906300
0.906950
0.925850
0.930975
0.933625
0.941425
0.954150
0.957500
0.965500
0.969725
0.979450
0.981075
0.995375
1.021700
1.033575
1.058075
1.060875
1.068775
1.071550
1.071550
1.079025
1.081475
1.091600
1.111800
1.132875
1.134050
1.136100
1.203875
1.230350
1.266600
1.350900
1.400275
1.412025
1.439900
1.455400
1.458475
1.459300
1.464175
1.583800
1.590400
1.643875
1.692925
1.887800
1.956175
2.014950
2.146900
219
