0.008225
0.011975
0.022350
0.028550
0.036675
0.041200
0.042600
0.043625
0.053100
0.060975
0.065275
0.065600
0.072000
0.073050
0.076925
0.078400
0.085875
0.090075
0.102550
0.103225
0.106650
0.116025
0.122375
0.122550
0.127150
0.130150
0.142800
0.152675
0.154925
0.158150
0.163900
0.179025
0.187650
0.191600
0.195475
0.196500
0.196875
0.200700
0.205875
0.218400
0.219250
0.219975
0.223625
0.228725
0.232650
0.232825
0.235350
0.239400
0.245025
0.247150
0.272850
0.274950
0.277000
0.280600
0.285375
0.290725
0.293750
0.303725
0.306775
0.314900
0.322600
0.325675
0.329250
0.329925
0.332050
0.338450
0.344000
0.344875
0.347425
0.347600
0.352100
0.364425
0.366625
0.370175
0.373625
0.373925
0.380250
0.385225
0.392375
0.392925
0.394375
0.403275
0.404000
0.410250
0.422250
0.423925
0.427825
0.432500
0.433800
0.438250
0.441175
0.444250
0.447450
0.449525
0.450225
0.452650
0.453575
0.461125
0.464725
0.471475
0.478775
0.483725
0.483875
0.485950
0.493050
0.499275
0.507425
0.532900
0.534700
0.536050
0.540425
0.545075
0.554600
0.559800
0.566400
0.568675
0.570625
0.572825
0.577700
0.586600
0.593850
0.595450
0.603550
0.605600
0.615425
0.617050
0.621725
0.625125
0.628375
0.631650
0.637700
0.638800
0.640425
0.641850
0.652175
0.657275
0.658150
0.658600
0.660725
0.667775
0.671775
0.677725
0.677750
0.682750
0.690350
0.690750
0.693225
0.695250
0.695800
0.707150
0.710300
0.716075
0.716750
0.716850
0.721775
0.722550
0.728550
0.732675
0.735425
0.750275
0.750800
0.754975
0.757975
0.760325
0.762075
0.769225
0.776525
0.782575
0.795550
0.795975
0.796550
0.809350
0.810050
0.824800
0.824925
0.826975
0.842100
0.843850
0.846300
0.863375
0.871075
0.885925
0.894175
0.910100
0.915400
0.918250
0.952175
0.983625
0.985050
0.993450
1.007300
1.034525
1.045850
1.062525
1.075425
1.085175
1.087450
1.108050
1.108425
1.145875
1.146050
1.146200
1.158025
1.169325
1.169325
1.199775
1.215050
1.215450
1.238600
1.241450
1.271275
1.275075
1.282625
1.287800
1.307725
1.323850
1.345175
1.373025
1.381925
1.411000
1.438500
1.491950
1.493125
1.572600
1.667925
1.672100
1.674875
1.682550
1.691500
1.700600
1.774775
1.843800
1.883925
1.892250
1.942250
2.007925
2.324850
2.331600
238
