0.001450
0.002200
0.007700
0.010250
0.020500
0.022800
0.038875
0.039425
0.044250
0.044350
0.059025
0.059200
0.061150
0.063750
0.064150
0.064525
0.070550
0.084625
0.086050
0.087875
0.090100
0.098125
0.102175
0.109100
0.109275
0.110750
0.127875
0.127925
0.143375
0.144000
0.146850
0.148975
0.168075
0.175700
0.179550
0.180525
0.181375
0.194775
0.214350
0.226025
0.230300
0.233050
0.236450
0.241950
0.243075
0.252575
0.256050
0.257250
0.264500
0.265375
0.269350
0.278450
0.280100
0.280850
0.285725
0.292900
0.294050
0.300150
0.304325
0.304450
0.307575
0.314425
0.322250
0.331800
0.333225
0.339775
0.343600
0.343875
0.344250
0.351250
0.351350
0.354900
0.357050
0.358325
0.360600
0.360800
0.361175
0.364825
0.366325
0.374900
0.381850
0.386250
0.387925
0.388275
0.394150
0.394200
0.394850
0.396850
0.401450
0.405000
0.413250
0.422000
0.422750
0.426000
0.437500
0.444175
0.450775
0.454675
0.459950
0.464925
0.469600
0.472100
0.473225
0.473650
0.479275
0.480175
0.485050
0.486950
0.500825
0.500825
0.505550
0.508000
0.516250
0.521700
0.531650
0.543925
0.545225
0.545400
0.545675
0.547100
0.549025
0.552750
0.552850
0.552975
0.558025
0.558175
0.559500
0.569500
0.574750
0.576450
0.589700
0.590450
0.596550
0.597975
0.605150
0.635600
0.637750
0.641725
0.644200
0.648400
0.649775
0.652400
0.652750
0.655975
0.659750
0.661250
0.661425
0.661500
0.664225
0.665225
0.670300
0.672125
0.672800
0.673650
0.684450
0.685050
0.692600
0.692750
0.695975
0.697650
0.701300
0.704450
0.704900
0.707425
0.708200
0.711525
0.712400
0.722975
0.723725
0.724050
0.727125
0.727300
0.731575
0.736200
0.736600
0.737050
0.739800
0.745025
0.745125
0.748350
0.748375
0.748675
0.749000
0.750350
0.752000
0.759525
0.759875
0.770500
0.772875
0.780075
0.783650
0.792975
0.803150
0.809625
0.827775
0.851025
0.859200
0.877050
0.877050
0.893750
0.914325
0.923425
0.936350
0.937975
0.958750
0.964975
0.967350
0.971950
0.986575
1.010000
1.010500
1.016275
1.021050
1.034925
1.037475
1.044650
1.059250
1.068600
1.073125
1.078525
1.079725
1.096600
1.100400
1.119575
1.121950
1.127850
1.141175
1.144075
1.167600
1.178025
1.201675
1.239200
1.242650
1.243500
1.243650
1.254400
1.257650
1.261125
1.263425
1.273425
1.285375
1.297425
1.299050
1.328800
1.334225
1.345150
1.361550
1.380825
1.392825
1.455725
1.512975
1.526525
1.568925
1.598850
1.696675
1.721725
1.747650
1.779825
1.844925
1.872350
1.894150
1.980200
2.017300
2.282700
2.329375
2.431875
266
