0.003875
0.009125
0.026725
0.030250
0.030275
0.030900
0.032275
0.036450
0.043800
0.047900
0.049025
0.056525
0.061250
0.062000
0.063775
0.080750
0.086075
0.087100
0.096575
0.096625
0.097700
0.108225
0.113825
0.117900
0.118175
0.122550
0.124450
0.130575
0.135750
0.143550
0.148450
0.148800
0.150200
0.178450
0.182075
0.194575
0.196575
0.198900
0.201725
0.204375
0.215675
0.222050
0.229325
0.236200
0.237650
0.239825
0.240525
0.244300
0.251275
0.253600
0.254700
0.259125
0.272275
0.279225
0.285050
0.285500
0.286450
0.287475
0.288925
0.290200
0.298500
0.300650
0.302275
0.305125
0.306800
0.308500
0.310600
0.311025
0.316200
0.316475
0.318075
0.321500
0.322250
0.323025
0.326000
0.328450
0.332075
0.336775
0.342550
0.343725
0.347125
0.347350
0.348450
0.349925
0.351650
0.352200
0.365600
0.371600
0.372075
0.375525
0.380725
0.383150
0.383375
0.383700
0.384400
0.389800
0.396075
0.399800
0.420825
0.425150
0.425400
0.430200
0.439875
0.441775
0.445625
0.446125
0.449675
0.456375
0.462525
0.462525
0.463450
0.480300
0.481550
0.504725
0.506525
0.512375
0.514075
0.521025
0.523850
0.524725
0.536750
0.538600
0.538750
0.538800
0.545250
0.546675
0.547900
0.551525
0.553975
0.557625
0.558300
0.560825
0.561425
0.570675
0.573175
0.578100
0.585375
0.589250
0.590875
0.591575
0.591725
0.595900
0.598375
0.604075
0.614800
0.615375
0.619125
0.625675
0.629900
0.633750
0.634225
0.647150
0.651425
0.663525
0.664225
0.672775
0.674500
0.676975
0.685150
0.685275
0.686125
0.690350
0.694025
0.697175
0.703625
0.707100
0.717025
0.718075
0.720400
0.722450
0.726200
0.732650
0.738625
0.738950
0.739750
0.746975
0.749675
0.755650
0.756475
0.763325
0.770250
0.776450
0.779950
0.780475
0.792250
0.792525
0.794250
0.800400
0.800550
0.803050
0.822100
0.830100
0.830675
0.831450
0.832625
0.834625
0.835175
0.839625
0.840125
0.843500
0.860350
0.863850
0.866325
0.872975
0.879025
0.880325
0.899700
0.904025
0.909075
0.910725
0.925875
0.928975
0.935275
0.936675
0.938625
0.975525
0.997000
1.001650
1.003050
1.005850
1.008875
1.010450
1.011150
1.011950
1.025375
1.036500
1.049350
1.064750
1.088100
1.115975
1.125225
1.132475
1.139625
1.169575
1.190225
1.206275
1.211025
1.214100
1.227875
1.243475
1.250800
1.271750
1.281675
1.294125
1.299850
1.339250
1.351750
1.367250
1.376500
1.414300
1.421650
1.427700
1.464250
1.491125
1.557500
1.558875
1.580500
1.600925
1.614475
1.638950
1.694425
1.702100
1.810100
1.866075
1.876850
1.877800
1.887800
1.893225
1.956275
1.975550
2.461225
271
