0.008200
0.011850
0.018250
0.018700
0.035525
0.038125
0.046225
0.048950
0.049700
0.050225
0.056925
0.059800
0.067100
0.070725
0.072350
0.073850
0.089625
0.089925
0.113150
0.118750
0.122375
0.122525
0.125025
0.131275
0.138225
0.140225
0.150800
0.159575
0.160775
0.163775
0.169850
0.174800
0.175525
0.177200
0.177350
0.183650
0.184075
0.184475
0.196775
0.201025
0.201600
0.203500
0.203875
0.218500
0.221175
0.234675
0.243350
0.249175
0.252625
0.254850
0.260675
0.261850
0.274850
0.283000
0.286375
0.291600
0.293725
0.295150
0.295950
0.307900
0.309800
0.311625
0.323775
0.325075
0.329025
0.334525
0.352125
0.352425
0.354950
0.356500
0.358525
0.363925
0.366200
0.372425
0.381225
0.381875
0.383750
0.387775
0.394200
0.405275
0.407475
0.411075
0.419600
0.423025
0.423250
0.425325
0.427750
0.441375
0.445225
0.447275
0.447450
0.452700
0.455925
0.457325
0.460075
0.463700
0.466000
0.466250
0.470950
0.473025
0.481250
0.484425
0.495800
0.499400
0.499525
0.505525
0.508250
0.508725
0.521450
0.524325
0.529025
0.540625
0.542625
0.548175
0.548750
0.549600
0.550075
0.550350
0.551950
0.553775
0.557725
0.559500
0.566675
0.567375
0.568450
0.573000
0.574775
0.575925
0.587600
0.592700
0.592975
0.595600
0.596050
0.613475
0.616925
0.622150
0.626275
0.634625
0.640025
0.643875
0.643925
0.651600
0.653325
0.662250
0.665800
0.677600
0.681175
0.685125
0.698675
0.706000
0.708250
0.712650
0.716000
0.721350
0.724075
0.729625
0.730425
0.732750
0.747350
0.754450
0.755400
0.768900
0.770575
0.773175
0.773275
0.780900
0.800450
0.808025
0.814800
0.815125
0.829275
0.829500
0.832575
0.843625
0.851175
0.854300
0.873975
0.874100
0.884500
0.889500
0.894700
0.902475
0.905000
0.940000
0.954275
0.956300
0.974800
0.986075
0.999050
1.002475
1.005625
1.006750
1.008350
1.018750
1.018925
1.026050
1.028150
1.051525
1.059075
1.059550
1.092775
1.098375
1.104275
1.120400
1.133925
1.157200
1.169325
1.172550
1.178925
1.181375
1.181600
1.188825
1.188900
1.218050
1.229725
1.243450
1.247425
1.257000
1.285125
1.285725
1.286425
1.332650
1.342625
1.354275
1.385225
1.498525
1.514800
1.545625
1.579100
1.601525
1.640925
1.654125
1.655975
1.667550
1.843275
1.863125
1.887400
2.006000
2.012900
239
