0.000525
0.000700
0.006200
0.008325
0.011125
0.011200
0.012325
0.017250
0.020550
0.020575
0.029100
0.035550
0.043000
0.047700
0.055450
0.062225
0.065225
0.070950
0.082725
0.084550
0.088000
0.090225
0.101150
0.105425
0.105650
0.127375
0.132100
0.134425
0.141475
0.159000
0.159425
0.163450
0.169350
0.172675
0.174225
0.174850
0.175000
0.176525
0.183525
0.186550
0.188275
0.189075
0.190600
0.199650
0.201925
0.205500
0.207750
0.210700
0.211125
0.214800
0.216000
0.216300
0.216850
0.219250
0.221725
0.223250
0.230825
0.235625
0.249425
0.264675
0.284275
0.286375
0.290625
0.293000
0.295075
0.301175
0.302100
0.306200
0.316075
0.316375
0.321275
0.324625
0.332275
0.335525
0.336450
0.336775
0.338750
0.340350
0.346725
0.349475
0.353275
0.357950
0.362975
0.363675
0.364850
0.367875
0.370625
0.380975
0.395900
0.398400
0.399250
0.408150
0.417875
0.421725
0.425900
0.426650
0.429475
0.430575
0.431025
0.434475
0.435900
0.436000
0.440150
0.441300
0.450325
0.469375
0.475350
0.479325
0.480550
0.488575
0.498025
0.498675
0.508350
0.509300
0.511950
0.513550
0.527750
0.529700
0.535525
0.541300
0.543100
0.543550
0.547850
0.566450
0.591275
0.593275
0.593375
0.596600
0.597625
0.598325
0.603475
0.609075
0.610100
0.613475
0.614825
0.630000
0.630025
0.630400
0.631625
0.634675
0.635625
0.643200
0.645050
0.647700
0.651650
0.651850
0.652050
0.656725
0.680150
0.681000
0.681025
0.681500
0.681625
0.682550
0.687775
0.691000
0.692675
0.697475
0.697850
0.700750
0.708925
0.712675
0.713175
0.714075
0.716050
0.716050
0.717400
0.720425
0.725925
0.731275
0.731450
0.732550
0.736850
0.737350
0.751125
0.766800
0.775400
0.778950
0.790375
0.809150
0.833375
0.838050
0.845375
0.856550
0.859000
0.860975
0.862075
0.863450
0.864450
0.868125
0.869350
0.875025
0.878625
0.880575
0.881175
0.887300
0.888175
0.893175
0.896025
0.916025
0.920500
0.922200
0.931125
0.934400
0.943175
0.948400
0.957275
0.963450
0.975925
0.981175
0.984725
1.016575
1.027525
1.029525
1.037425
1.038775
1.044225
1.046800
1.047450
1.052700
1.055250
1.065500
1.084075
1.100400
1.115625
1.163325
1.177375
1.178925
1.189575
1.191900
1.203000
1.205675
1.219450
1.227725
1.247525
1.275850
1.320200
1.340300
1.343425
1.362625
1.363675
1.477750
1.529200
1.584700
1.603625
1.604850
1.622625
1.764150
1.777000
1.784750
1.834100
1.836175
2.026500
2.034675
2.275125
255
