0.004025
0.005900
0.010600
0.010625
0.015400
0.017375
0.025525
0.030725
0.033925
0.036875
0.041025
0.041100
0.042450
0.044700
0.045150
0.048875
0.052475
0.054175
0.058125
0.063850
0.074475
0.079975
0.082775
0.088450
0.090575
0.100850
0.105125
0.106250
0.111525
0.119025
0.126600
0.128475
0.129125
0.133850
0.142850
0.146525
0.147600
0.153425
0.154725
0.156325
0.158475
0.164200
0.167825
0.183075
0.185875
0.191225
0.197925
0.208325
0.211525
0.216400
0.219050
0.219450
0.220675
0.230525
0.232525
0.233525
0.236250
0.242775
0.247650
0.269550
0.270200
0.272475
0.275950
0.283300
0.287700
0.294425
0.298750
0.300400
0.312200
0.313125
0.316575
0.320500
0.331850
0.334875
0.343275
0.343925
0.344025
0.346375
0.348225
0.350950
0.352400
0.354250
0.356525
0.366125
0.370075
0.370225
0.372000
0.372975
0.378375
0.385025
0.385600
0.387975
0.396400
0.397475
0.405100
0.421275
0.423500
0.433800
0.439100
0.451600
0.455525
0.468525
0.471700
0.476275
0.478775
0.481650
0.487125
0.491150
0.493350
0.493500
0.495750
0.500750
0.502750
0.503900
0.503925
0.504000
0.504425
0.507875
0.508425
0.508675
0.524675
0.526350
0.529000
0.531000
0.538025
0.539125
0.543250
0.544525
0.546000
0.548250
0.555125
0.574700
0.580125
0.582800
0.584575
0.586875
0.590375
0.592825
0.599050
0.601325
0.603400
0.604350
0.607175
0.612550
0.613250
0.620475
0.624650
0.627275
0.627650
0.639825
0.647925
0.648400
0.658800
0.661075
0.662025
0.664900
0.669500
0.686425
0.689875
0.696125
0.700975
0.710100
0.715475
0.722500
0.730050
0.730425
0.732325
0.740550
0.743900
0.746650
0.746675
0.756475
0.757875
0.766700
0.770375
0.775750
0.788650
0.797050
0.799250
0.808500
0.809675
0.810200
0.815650
0.828475
0.846225
0.876350
0.879275
0.894400
0.894450
0.897850
0.898700
0.907500
0.926325
0.929300
0.934400
0.936800
0.945275
0.961550
0.971450
1.008800
1.018900
1.038075
1.050050
1.052250
1.077250
1.096625
1.102300
1.151150
1.157550
1.194975
1.207175
1.208100
1.224950
1.227125
1.234250
1.239250
1.256175
1.266175
1.290850
1.350525
1.386525
1.439175
1.453125
1.479175
1.488000
1.501575
1.532575
1.547100
1.677675
1.728550
1.817275
1.858275
1.864050
2.036825
2.266350
235
