0.000100
0.001500
0.006600
0.011375
0.015725
0.017275
0.022400
0.025575
0.025875
0.028450
0.032975
0.037925
0.046450
0.050350
0.053050
0.060275
0.061700
0.061975
0.073075
0.082575
0.083100
0.084625
0.090450
0.093100
0.094000
0.094500
0.107275
0.113925
0.115175
0.115825
0.119125
0.134525
0.137075
0.141225
0.144275
0.152900
0.153500
0.155500
0.156350
0.166275
0.166975
0.169300
0.173625
0.185250
0.190800
0.203100
0.203750
0.205650
0.208400
0.210775
0.212250
0.217425
0.219875
0.225925
0.227900
0.229025
0.234875
0.241925
0.247275
0.251050
0.251775
0.264775
0.265850
0.266600
0.267725
0.268800
0.271275
0.283500
0.298700
0.301225
0.303625
0.309525
0.315275
0.319800
0.324250
0.330075
0.332800
0.361300
0.367425
0.367950
0.368600
0.371925
0.373525
0.373750
0.381725
0.405950
0.419500
0.419725
0.421050
0.426400
0.433550
0.450500
0.451500
0.457575
0.457975
0.463300
0.473850
0.477000
0.477500
0.492025
0.498025
0.505225
0.506625
0.508475
0.509875
0.510800
0.513875
0.517150
0.517800
0.525175
0.525650
0.529250
0.531600
0.536500
0.540150
0.541500
0.543475
0.543575
0.543775
0.545975
0.549600
0.551775
0.556550
0.556825
0.569500
0.571600
0.583775
0.584575
0.587750
0.587875
0.593000
0.598250
0.600750
0.600850
0.607450
0.611425
0.615525
0.620675
0.621575
0.622300
0.633525
0.635250
0.642750
0.649925
0.650500
0.664975
0.671275
0.674575
0.674825
0.676525
0.681300
0.691825
0.700750
0.704150
0.706725
0.708725
0.716175
0.722275
0.726250
0.753875
0.754175
0.761600
0.763475
0.764300
0.766625
0.783850
0.784725
0.791575
0.801800
0.805275
0.810700
0.811350
0.813425
0.814625
0.816000
0.819600
0.821525
0.824150
0.843250
0.846100
0.850600
0.852050
0.860025
0.864550
0.869250
0.879500
0.881900
0.888900
0.904575
0.910550
0.921425
0.936250
0.952075
0.958750
0.990050
0.994550
1.017775
1.041800
1.047750
1.054875
1.061975
1.115000
1.120075
1.123375
1.137375
1.138625
1.140875
1.147900
1.151550
1.151925
1.164650
1.174175
1.183225
1.189425
1.219275
1.275525
1.278150
1.291500
1.293850
1.316425
1.318775
1.347700
1.356175
1.362250
1.414725
1.422475
1.440425
1.471450
1.475675
1.488525
1.494950
1.515250
1.517150
1.530425
1.576750
1.595300
1.599325
1.607575
1.619325
1.628250
1.628425
1.788700
1.821225
1.829625
1.963575
2.178675
246
