0.008025
0.008450
0.010800
0.011200
0.014475
0.017825
0.020550
0.021500
0.026075
0.027825
0.047800
0.051850
0.059275
0.062775
0.066650
0.067275
0.068325
0.069375
0.069525
0.069750
0.089975
0.090175
0.090625
0.094075
0.096050
0.097925
0.100050
0.101075
0.102150
0.111675
0.114450
0.118775
0.118900
0.121400
0.121400
0.124550
0.125925
0.131075
0.134850
0.135225
0.137000
0.139375
0.140425
0.142950
0.147850
0.157050
0.159150
0.167625
0.170000
0.173250
0.175675
0.180450
0.182550
0.183225
0.187775
0.189175
0.200100
0.200150
0.201500
0.207700
0.212350
0.212975
0.216625
0.217725
0.217900
0.219925
0.232225
0.237125
0.237475
0.237600
0.239475
0.252075
0.258025
0.261150
0.263375
0.265600
0.267325
0.270025
0.271925
0.279600
0.281725
0.282825
0.283275
0.289550
0.302150
0.308075
0.313925
0.318825
0.325300
0.333325
0.336150
0.340925
0.345050
0.346975
0.354525
0.356725
0.356900
0.359450
0.360650
0.361150
0.391375
0.403275
0.407725
0.411600
0.413400
0.417825
0.420475
0.423975
0.425200
0.433500
0.434475
0.441400
0.444975
0.445175
0.446950
0.459075
0.463225
0.465900
0.467875
0.485400
0.486250
0.492150
0.493925
0.494500
0.497375
0.498000
0.501075
0.503850
0.504275
0.507600
0.507700
0.509125
0.524050
0.530850
0.532175
0.537175
0.537975
0.543625
0.550550
0.550850
0.551250
0.557325
0.557475
0.573725
0.578675
0.578775
0.580800
0.582550
0.582775
0.583350
0.586775
0.595475
0.601625
0.605075
0.605250
0.605875
0.606675
0.607875
0.625250
0.632225
0.635325
0.635625
0.636800
0.639525
0.639725
0.656625
0.670050
0.673100
0.679450
0.683900
0.687550
0.695700
0.701450
0.703875
0.705350
0.719950
0.720750
0.725225
0.740950
0.751875
0.753425
0.758300
0.765650
0.766975
0.769725
0.779500
0.783250
0.794675
0.798675
0.808150
0.808150
0.813875
0.820400
0.821825
0.825075
0.827000
0.831350
0.831700
0.833575
0.838675
0.844450
0.847600
0.872550
0.896900
0.897675
0.915675
0.923475
0.944550
0.946425
0.951625
0.976875
0.992975
1.004250
1.017775
1.027000
1.055825
1.075050
1.080450
1.094900
1.107350
1.151175
1.164000
1.186025
1.204200
1.225600
1.228825
1.238000
1.242600
1.255775
1.257975
1.259100
1.263375
1.296625
1.316375
1.348400
1.349900
1.395100
1.396750
1.457200
1.476125
1.510150
1.572350
1.594200
1.620475
1.728700
1.903775
1.904625
1.908275
2.303325
249
