0.001975
0.030700
0.031200
0.034125
0.035250
0.038900
0.043925
0.056100
0.057850
0.060550
0.063000
0.064200
0.065575
0.067900
0.079875
0.091500
0.092650
0.095325
0.099850
0.102500
0.108625
0.112225
0.114725
0.114775
0.115575
0.132275
0.133875
0.138075
0.147750
0.148975
0.159300
0.159675
0.162825
0.165525
0.167575
0.172500
0.173100
0.174125
0.183875
0.188525
0.213875
0.217850
0.228625
0.238900
0.242900
0.252975
0.260375
0.268050
0.270800
0.279175
0.279325
0.280075
0.281400
0.283950
0.284700
0.291000
0.301000
0.306500
0.308600
0.311375
0.316975
0.317250
0.326750
0.331350
0.334400
0.335250
0.335575
0.336000
0.338975
0.347150
0.373075
0.373150
0.374925
0.375975
0.386125
0.390950
0.391975
0.394225
0.396050
0.397600
0.399050
0.403200
0.406425
0.411025
0.435975
0.437475
0.440700
0.450675
0.461650
0.470300
0.471475
0.472200
0.484100
0.484150
0.494750
0.499625
0.505550
0.507075
0.507675
0.516650
0.519950
0.527775
0.529000
0.535450
0.536550
0.541025
0.543075
0.543100
0.544075
0.548350
0.549825
0.551275
0.552025
0.552375
0.555875
0.558750
0.564475
0.572325
0.582550
0.586250
0.589150
0.590150
0.594775
0.595550
0.602925
0.605400
0.606475
0.609000
0.609925
0.626675
0.627150
0.627600
0.631075
0.633400
0.645825
0.648500
0.649300
0.667575
0.669675
0.669925
0.670675
0.670675
0.671725
0.675000
0.675575
0.686350
0.686600
0.689800
0.696975
0.712675
0.728275
0.731375
0.731425
0.736075
0.745275
0.745950
0.746400
0.750725
0.752700
0.753225
0.755675
0.757200
0.766400
0.775800
0.779225
0.787475
0.789250
0.789825
0.791300
0.808300
0.810125
0.815900
0.819950
0.822950
0.823100
0.824400
0.835025
0.838850
0.840625
0.853025
0.860725
0.890550
0.905450
0.919750
0.927775
0.941575
0.942900
0.967225
0.975525
0.975925
0.987175
0.998450
1.009625
1.019375
1.040225
1.045950
1.057100
1.087275
1.092500
1.094650
1.147325
1.162475
1.176500
1.184100
1.202350
1.213975
1.238300
1.243050
1.304800
1.308950
1.320175
1.329000
1.340075
1.344425
1.412750
1.417950
1.450650
1.462150
1.474300
1.490750
1.495025
1.499550
1.505200
1.543300
1.634300
1.695200
1.763750
1.979200
2.185050
2.415750
230
