0.001425
0.002550
0.007850
0.008725
0.017250
0.019450
0.021900
0.031650
0.031900
0.039850
0.043300
0.047225
0.054525
0.063650
0.063675
0.063675
0.072900
0.074625
0.083250
0.085475
0.090575
0.094025
0.095025
0.105725
0.108075
0.108275
0.112325
0.121000
0.128650
0.131900
0.136850
0.139350
0.159450
0.186175
0.187175
0.188050
0.200275
0.208325
0.209525
0.210575
0.211425
0.216850
0.218150
0.238100
0.238475
0.240125
0.241550
0.245225
0.246700
0.268550
0.275975
0.279250
0.293725
0.295000
0.297800
0.299125
0.301375
0.307275
0.319525
0.322575
0.323150
0.323750
0.335900
0.340500
0.350150
0.351825
0.354150
0.355625
0.367125
0.378800
0.380075
0.381700
0.389275
0.394150
0.394200
0.394425
0.396075
0.418650
0.437050
0.446775
0.454350
0.459025
0.473975
0.477600
0.479025
0.489975
0.501600
0.503975
0.510175
0.511575
0.515050
0.517125
0.517200
0.518175
0.525625
0.525825
0.531025
0.533075
0.536575
0.552150
0.556800
0.560425
0.568550
0.572175
0.573575
0.575400
0.575900
0.577450
0.580250
0.584000
0.585000
0.587325
0.588800
0.603400
0.608050
0.609250
0.611000
0.612400
0.617650
0.622750
0.624675
0.629075
0.635925
0.643400
0.648975
0.651175
0.652150
0.657600
0.663700
0.667900
0.671350
0.680775
0.688450
0.689025
0.693150
0.695675
0.695925
0.697250
0.698675
0.698925
0.700075
0.709775
0.710200
0.712500
0.716925
0.728625
0.734525
0.738125
0.748975
0.749775
0.755050
0.755375
0.758850
0.762350
0.764750
0.767900
0.775425
0.801275
0.802525
0.805175
0.813150
0.815125
0.815825
0.834175
0.834675
0.849850
0.852050
0.879900
0.884325
0.887750
0.889100
0.889825
0.905250
0.911125
0.914850
0.925975
0.926775
0.931850
0.940100
0.949325
0.956950
0.971775
0.976275
0.980525
0.991650
0.994475
0.997700
1.007750
1.024450
1.034500
1.082300
1.083975
1.087825
1.104150
1.107300
1.108150
1.123100
1.130000
1.130825
1.143500
1.172450
1.191650
1.207875
1.225100
1.239675
1.240550
1.263325
1.287400
1.290875
1.291750
1.303250
1.336125
1.369225
1.369425
1.373700
1.381975
1.405775
1.418375
1.426875
1.427550
1.437600
1.462025
1.508325
1.519775
1.523000
1.544650
1.563100
1.601325
1.626650
1.693175
1.709850
1.720850
1.807200
2.144400
2.294975
2.362400
2.471675
237
