0.009775
0.027150
0.037750
0.037775
0.038225
0.040650
0.042525
0.049175
0.050700
0.052800
0.054050
0.059150
0.064325
0.068350
0.083525
0.088800
0.093450
0.100800
0.108250
0.113325
0.121200
0.122550
0.134100
0.137700
0.138025
0.151925
0.153650
0.164925
0.169600
0.174625
0.183775
0.185825
0.200525
0.202700
0.204275
0.210000
0.210650
0.210850
0.211000
0.223875
0.227325
0.234650
0.235750
0.238850
0.241275
0.250350
0.253150
0.271300
0.273500
0.281925
0.287150
0.288250
0.291075
0.295600
0.297700
0.301725
0.305075
0.309700
0.310300
0.311800
0.315875
0.318775
0.325575
0.327325
0.327750
0.330850
0.331725
0.335900
0.339575
0.342875
0.344975
0.347800
0.348375
0.351150
0.371775
0.376725
0.378275
0.380675
0.386775
0.390900
0.392775
0.393900
0.397150
0.398700
0.414975
0.414975
0.417250
0.429300
0.429575
0.433500
0.438800
0.439475
0.440950
0.441075
0.444775
0.447650
0.453300
0.455700
0.465300
0.469375
0.473900
0.474750
0.482925
0.484775
0.485025
0.490950
0.491950
0.496950
0.503175
0.503575
0.508650
0.510525
0.519075
0.522375
0.524150
0.529250
0.532125
0.547475
0.550525
0.556125
0.556525
0.557400
0.562325
0.568175
0.570900
0.574275
0.579350
0.580175
0.583225
0.585200
0.594050
0.595425
0.597250
0.599550
0.607800
0.656375
0.657200
0.662600
0.663450
0.664175
0.664875
0.672350
0.673650
0.676275
0.678225
0.681550
0.684425
0.698050
0.698450
0.700050
0.703950
0.707925
0.712150
0.732725
0.733150
0.739175
0.739425
0.750175
0.760075
0.761925
0.763150
0.764200
0.768125
0.772725
0.778950
0.799375
0.803225
0.806375
0.809875
0.815425
0.815500
0.816275
0.818875
0.838125
0.842150
0.865775
0.869400
0.874275
0.879050
0.889350
0.900850
0.918925
0.925725
0.932325
0.941450
0.949075
0.978725
0.980400
1.015325
1.021975
1.023500
1.023900
1.029575
1.037100
1.043325
1.056950
1.065925
1.075275
1.076250
1.083525
1.107025
1.121850
1.130925
1.141250
1.154675
1.157575
1.158250
1.167475
1.194350
1.199550
1.201325
1.204150
1.206925
1.232650
1.235650
1.253900
1.255475
1.315350
1.346700
1.353425
1.353525
1.404850
1.457625
1.467750
1.484725
1.519250
1.533325
1.534950
1.584475
1.665025
1.697075
2.033750
2.117225
2.200100
2.434200
235
