0.001175
0.001875
0.004150
0.004375
0.007625
0.008650
0.011725
0.011900
0.019350
0.021475
0.044550
0.044625
0.047700
0.057800
0.064650
0.070700
0.073925
0.085750
0.089825
0.091525
0.095775
0.096225
0.097925
0.100050
0.107000
0.116875
0.118300
0.120375
0.121175
0.124150
0.149825
0.160375
0.164375
0.166225
0.167075
0.173625
0.174475
0.175850
0.181000
0.184375
0.191425
0.197475
0.204475
0.220575
0.225125
0.226375
0.226900
0.236675
0.244250
0.244550
0.255625
0.257725
0.263375
0.265725
0.272675
0.272700
0.283000
0.285275
0.290600
0.291950
0.297800
0.304050
0.310325
0.314600
0.328275
0.335500
0.357925
0.364675
0.370225
0.380500
0.384075
0.399950
0.403500
0.403725
0.406350
0.408825
0.414075
0.418975
0.421175
0.424950
0.425700
0.428025
0.434400
0.441350
0.442000
0.447150
0.448300
0.455025
0.458500
0.459550
0.464575
0.470000
0.471925
0.477975
0.478050
0.481725
0.482175
0.486775
0.491250
0.494125
0.495125
0.499025
0.511725
0.512275
0.516050
0.527250
0.533750
0.541650
0.543600
0.543925
0.555725
0.565700
0.566725
0.577975
0.581450
0.589250
0.589750
0.595225
0.599175
0.601300
0.606925
0.614125
0.622125
0.627750
0.649775
0.656925
0.659175
0.660900
0.665075
0.668675
0.671025
0.679275
0.682875
0.689350
0.689550
0.692000
0.693700
0.703775
0.705850
0.712825
0.714175
0.726750
0.727400
0.743300
0.749525
0.750125
0.752875
0.762850
0.766450
0.766775
0.766875
0.772750
0.777725
0.783550
0.784600
0.801775
0.804900
0.808925
0.813075
0.814725
0.819250
0.824875
0.824950
0.828650
0.829300
0.834875
0.852525
0.857025
0.860800
0.876025
0.879625
0.884575
0.888875
0.894825
0.898300
0.901800
0.909500
0.912575
0.914100
0.931650
0.933575
0.944250
0.945450
0.955225
0.956700
0.962075
0.965875
0.970250
0.971375
0.972250
0.982350
0.982875
0.986525
0.995725
1.022400
1.027625
1.052825
1.060875
1.065950
1.079825
1.086725
1.100325
1.101600
1.103200
1.104225
1.107350
1.109700
1.124050
1.145725
1.164100
1.166600
1.215625
1.232750
1.274725
1.280475
1.289700
1.294250
1.346100
1.369875
1.393425
1.420800
1.451225
1.471000
1.495800
1.526875
1.572425
1.715350
1.755900
1.844050
1.950475
1.959500
2.078900
2.269000
2.388550
234
