0.000300
0.000800
0.021600
0.029900
0.030900
0.033775
0.035325
0.044375
0.046775
0.048475
0.053225
0.053525
0.055825
0.056350
0.058575
0.069350
0.072150
0.077975
0.078850
0.094650
0.097600
0.104725
0.108375
0.109250
0.115850
0.125525
0.139825
0.139900
0.142150
0.144625
0.154975
0.156575
0.157225
0.161425
0.162250
0.169875
0.176200
0.176750
0.178200
0.180825
0.181500
0.181500
0.181875
0.184375
0.189225
0.190475
0.192375
0.199025
0.201125
0.208975
0.208975
0.210800
0.211125
0.212850
0.217075
0.221500
0.221675
0.224375
0.236450
0.241650
0.248150
0.255150
0.256400
0.258200
0.265525
0.267250
0.269250
0.270550
0.274200
0.275775
0.278425
0.278525
0.299300
0.303225
0.307425
0.310600
0.318225
0.320750
0.338600
0.341275
0.349775
0.353075
0.354675
0.356125
0.359500
0.368675
0.385725
0.390975
0.395600
0.396250
0.400450
0.400600
0.402250
0.410525
0.417750
0.421775
0.422650
0.433375
0.439800
0.440575
0.444350
0.445375
0.448000
0.454525
0.466525
0.474850
0.475900
0.475975
0.482600
0.493475
0.503525
0.504325
0.509350
0.511975
0.512325
0.525475
0.529475
0.529775
0.530425
0.531000
0.546125
0.556600
0.558000
0.558050
0.566600
0.572250
0.600225
0.609800
0.611175
0.612375
0.622850
0.627700
0.628600
0.640825
0.641525
0.657000
0.657325
0.657375
0.663900
0.672150
0.680575
0.686800
0.693675
0.694150
0.694500
0.695000
0.697175
0.698125
0.700950
0.710225
0.710250
0.713100
0.715875
0.718225
0.725950
0.730700
0.732050
0.744700
0.750950
0.756350
0.757400
0.767250
0.768450
0.770775
0.779050
0.779750
0.781525
0.784350
0.793475
0.793925
0.794825
0.798600
0.804125
0.806150
0.814325
0.818825
0.825075
0.829625
0.831325
0.838150
0.838825
0.849025
0.853650
0.857000
0.861150
0.876450
0.891350
0.897575
0.898925
0.904550
0.906325
0.908700
0.935800
0.945400
0.967725
0.978925
0.987300
0.989175
1.006525
1.073075
1.082825
1.084625
1.091325
1.101975
1.142575
1.164650
1.176750
1.184300
1.205775
1.211225
1.241750
1.256325
1.265000
1.341175
1.346625
1.409800
1.459300
1.511800
1.592800
1.642225
1.832650
1.833825
1.895800
1.928150
1.969975
1.978850
2.227300
2.316575
228
