0.002850
0.004100
0.006700
0.008175
0.019175
0.024200
0.028800
0.034750
0.035075
0.036725
0.048725
0.053000
0.058550
0.068725
0.069675
0.073075
0.073225
0.077750
0.087425
0.096275
0.100825
0.112225
0.116575
0.118350
0.130975
0.133750
0.134925
0.138500
0.149625
0.152425
0.161850
0.161850
0.162700
0.162950
0.170750
0.183300
0.187275
0.205800
0.205825
0.208825
0.217925
0.226050
0.226875
0.227350
0.230525
0.233150
0.234575
0.235050
0.235150
0.235325
0.238525
0.240325
0.252625
0.268150
0.268400
0.268725
0.272950
0.278150
0.284925
0.291750
0.292225
0.293500
0.297550
0.300925
0.302000
0.305975
0.309450
0.310600
0.318875
0.321800
0.322500
0.325825
0.336675
0.351125
0.354175
0.363975
0.367975
0.368225
0.376975
0.389200
0.400725
0.400925
0.403025
0.405375
0.409625
0.412825
0.418975
0.420800
0.428250
0.434550
0.435775
0.441325
0.454400
0.457800
0.474875
0.476775
0.480400
0.481600
0.488525
0.488550
0.489250
0.489950
0.490325
0.491025
0.500425
0.501725
0.508550
0.512825
0.517900
0.518100
0.528800
0.539650
0.556475
0.568225
0.571000
0.572075
0.578900
0.583150
0.586800
0.587925
0.589450
0.591200
0.595325
0.613175
0.614075
0.619750
0.619900
0.623050
0.625150
0.628225
0.628375
0.637450
0.639475
0.642525
0.650550
0.652900
0.656650
0.674275
0.679975
0.681525
0.683325
0.686250
0.692000
0.695625
0.698125
0.701450
0.705175
0.710675
0.714150
0.717400
0.717600
0.733225
0.744175
0.747700
0.754700
0.757650
0.759400
0.766900
0.767000
0.778525
0.783550
0.784525
0.793200
0.794525
0.797500
0.810700
0.813225
0.814625
0.816600
0.820100
0.821175
0.821650
0.822125
0.830025
0.830050
0.833550
0.846275
0.851750
0.867600
0.872200
0.879025
0.881625
0.887800
0.898975
0.904625
0.909700
0.928925
0.928975
0.944700
0.944950
0.972850
0.982900
0.988825
1.003025
1.013125
1.020000
1.042625
1.044250
1.055425
1.071775
1.081950
1.086075
1.093150
1.103900
1.115525
1.117875
1.119925
1.141275
1.142450
1.146675
1.150025
1.162650
1.165450
1.188925
1.189700
1.196550
1.221225
1.233500
1.237875
1.237950
1.252325
1.272375
1.283700
1.286875
1.303725
1.303925
1.340925
1.358625
1.359675
1.390150
1.416350
1.416950
1.444825
1.518900
1.527675
1.591250
1.620125
1.622825
1.661175
1.679375
1.821800
2.264675
2.364650
243
