0.021175
0.022050
0.024025
0.026200
0.027500
0.033500
0.040050
0.042950
0.045725
0.047000
0.049000
0.052975
0.053250
0.054225
0.055725
0.067525
0.067750
0.072250
0.082825
0.085950
0.089900
0.091875
0.092475
0.093000
0.097325
0.098200
0.107425
0.111650
0.120900
0.121425
0.121975
0.126775
0.147100
0.148250
0.150950
0.151625
0.151625
0.163975
0.169800
0.170000
0.172475
0.176925
0.180000
0.185675
0.190000
0.190150
0.204000
0.208300
0.208575
0.210925
0.211450
0.213300
0.213875
0.215175
0.226950
0.235725
0.238700
0.240100
0.241075
0.245125
0.251525
0.281425
0.286175
0.286825
0.295175
0.298950
0.310525
0.310775
0.313100
0.313300
0.316750
0.320525
0.323050
0.325275
0.330925
0.336375
0.352700
0.356175
0.362050
0.366100
0.368900
0.370025
0.371175
0.382250
0.383050
0.387000
0.394825
0.412325
0.414375
0.416775
0.419150
0.423100
0.430425
0.431800
0.434825
0.440050
0.455300
0.456425
0.458925
0.464025
0.468400
0.475375
0.476650
0.476675
0.481750
0.482850
0.494200
0.495025
0.498325
0.499000
0.504925
0.507225
0.513250
0.513275
0.514275
0.516750
0.522175
0.524950
0.526575
0.527625
0.532625
0.532825
0.534600
0.536025
0.544625
0.548575
0.551975
0.553125
0.563975
0.565150
0.567275
0.570225
0.571625
0.574250
0.574500
0.576025
0.576150
0.576800
0.578150
0.589250
0.593300
0.596550
0.602600
0.620150
0.620775
0.634250
0.634950
0.637925
0.641900
0.654625
0.655700
0.656425
0.658025
0.663050
0.663875
0.668875
0.676350
0.676900
0.679425
0.683350
0.688575
0.691325
0.693600
0.706750
0.721300
0.724450
0.727425
0.727975
0.732250
0.732575
0.734075
0.736025
0.737225
0.737650
0.751375
0.751900
0.754050
0.754450
0.758850
0.764550
0.774500
0.782275
0.788325
0.788800
0.789550
0.797375
0.800275
0.801600
0.802975
0.807400
0.819900
0.821900
0.824925
0.840200
0.847175
0.853550
0.860700
0.862450
0.870250
0.873450
0.884650
0.886725
0.887550
0.895825
0.909300
0.919125
0.921200
0.923325
0.940925
0.942525
0.955150
0.971525
0.983800
0.991675
1.014750
1.017200
1.036225
1.048900
1.050600
1.051425
1.062550
1.082900
1.095025
1.107275
1.130100
1.130925
1.134450
1.141025
1.146250
1.157725
1.175675
1.175725
1.181350
1.201600
1.213225
1.237425
1.246450
1.274975
1.295025
1.318775
1.341275
1.352200
1.374700
1.569675
1.605675
1.607775
1.655825
1.669100
1.703950
1.828975
2.031000
251
