0.010300
0.010425
0.015400
0.019525
0.024325
0.024650
0.027675
0.028850
0.029325
0.033825
0.045250
0.047275
0.048575
0.053175
0.059175
0.059425
0.063675
0.075775
0.079425
0.083675
0.091475
0.093575
0.095525
0.095650
0.097025
0.097075
0.098925
0.112125
0.115000
0.119050
0.119950
0.122425
0.122475
0.134275
0.139000
0.141175
0.147600
0.147800
0.182875
0.183075
0.186625
0.187750
0.207675
0.219800
0.244725
0.250100
0.258725
0.261000
0.264575
0.272825
0.275050
0.276750
0.278875
0.286700
0.293200
0.294450
0.302450
0.323550
0.332025
0.343725
0.343875
0.350825
0.361175
0.362350
0.365900
0.372900
0.379225
0.389625
0.401100
0.403600
0.415725
0.427575
0.436525
0.439325
0.441050
0.447000
0.448800
0.455175
0.459225
0.462125
0.462375
0.469825
0.469850
0.472300
0.479975
0.482425
0.484550
0.487550
0.490250
0.492900
0.494525
0.496675
0.497250
0.498675
0.499850
0.503450
0.513375
0.517925
0.522400
0.529775
0.532375
0.548650
0.559775
0.571950
0.575300
0.580800
0.584175
0.598350
0.600050
0.603300
0.605375
0.607875
0.617875
0.617900
0.622875
0.627700
0.634850
0.654450
0.655325
0.659675
0.664350
0.666350
0.672500
0.685025
0.698575
0.705500
0.707975
0.710625
0.711425
0.718800
0.720875
0.722925
0.731100
0.737750
0.738300
0.752725
0.753175
0.755650
0.755825
0.756475
0.757200
0.761350
0.768400
0.776550
0.776775
0.779500
0.780600
0.782475
0.783800
0.814250
0.820650
0.823850
0.854675
0.855650
0.860600
0.864925
0.868025
0.873800
0.879275
0.879500
0.883350
0.888075
0.901775
0.914150
0.926600
0.937575
0.937850
0.959225
0.988250
1.016950
1.030450
1.031650
1.037350
1.038150
1.052675
1.063825
1.089700
1.096050
1.113025
1.120700
1.121900
1.136000
1.136600
1.138275
1.138900
1.149300
1.152025
1.160075
1.163725
1.181600
1.214450
1.260175
1.311925
1.349750
1.351500
1.365075
1.368650
1.372075
1.443700
1.472000
1.475050
1.519600
1.523550
1.563775
1.584700
1.666600
1.697250
1.980800
2.103300
209
