0.008075
0.009925
0.022425
0.022825
0.042550
0.057000
0.058200
0.059125
0.060850
0.061725
0.062350
0.064500
0.075675
0.076250
0.076850
0.082425
0.087025
0.088575
0.092225
0.098025
0.102400
0.103550
0.105975
0.108725
0.108900
0.112975
0.116300
0.117750
0.126750
0.127850
0.131925
0.135050
0.135075
0.137325
0.142775
0.147100
0.156450
0.185225
0.187525
0.190925
0.192125
0.197050
0.208125
0.208650
0.210575
0.211500
0.212600
0.218625
0.218975
0.219400
0.225625
0.227775
0.239825
0.243950
0.245150
0.252825
0.261250
0.270750
0.273375
0.275025
0.280200
0.280500
0.280875
0.288250
0.291300
0.299950
0.301900
0.307075
0.317300
0.317550
0.324650
0.326400
0.327275
0.329000
0.343400
0.350500
0.359125
0.359725
0.362450
0.364500
0.368275
0.375700
0.378225
0.389200
0.398375
0.400625
0.401475
0.414825
0.415600
0.420300
0.421750
0.426750
0.431200
0.434250
0.436650
0.438050
0.440550
0.446500
0.453475
0.453600
0.462050
0.463025
0.484525
0.485600
0.499275
0.502625
0.503275
0.503800
0.512225
0.520450
0.521375
0.522850
0.529550
0.529775
0.530000
0.532575
0.533875
0.536225
0.539675
0.540075
0.541900
0.545800
0.554025
0.564050
0.571125
0.581550
0.583075
0.588625
0.589375
0.597200
0.597225
0.598350
0.600225
0.601825
0.607225
0.617450
0.624250
0.624450
0.625775
0.628050
0.629600
0.630625
0.631325
0.639475
0.642600
0.661100
0.663575
0.678125
0.679750
0.685875
0.693975
0.694775
0.695625
0.705325
0.708650
0.717150
0.719275
0.719400
0.722800
0.726500
0.730975
0.733475
0.741600
0.743025
0.744375
0.745450
0.746300
0.748525
0.751725
0.755575
0.756575
0.758000
0.763200
0.769050
0.774025
0.782025
0.791825
0.792825
0.797475
0.808150
0.808500
0.810075
0.818325
0.821550
0.825025
0.826700
0.834950
0.837000
0.842925
0.846050
0.852375
0.860375
0.878750
0.884575
0.898800
0.900125
0.909800
0.910825
0.916425
0.927425
0.928700
0.950175
0.956500
0.962075
0.964350
0.966350
0.979225
0.986100
0.988400
1.014150
1.024625
1.028900
1.051500
1.056750
1.074400
1.079800
1.087150
1.090750
1.094900
1.096725
1.099550
1.119325
1.123600
1.125075
1.129950
1.132025
1.139050
1.150075
1.150350
1.156450
1.161150
1.170350
1.178875
1.193575
1.200700
1.204875
1.219200
1.223275
1.254650
1.263375
1.268150
1.285900
1.289325
1.295500
1.302075
1.313075
1.333650
1.351500
1.352075
1.439875
1.447575
1.513600
1.551150
1.562525
1.589025
1.627300
1.633750
1.640050
1.698850
1.737050
1.752875
1.802675
1.834425
1.848175
1.943375
1.960775
1.972975
1.973350
2.122500
2.156950
2.240725
2.427175
272
