0.001175
0.011650
0.021750
0.026050
0.027300
0.033800
0.035325
0.039600
0.048525
0.050325
0.051650
0.057225
0.058600
0.062350
0.069775
0.072725
0.078100
0.083875
0.085400
0.085650
0.095200
0.097850
0.102225
0.102800
0.109800
0.111550
0.113750
0.115175
0.117675
0.118425
0.122675
0.128700
0.128850
0.135150
0.135800
0.136875
0.146400
0.155950
0.162225
0.164900
0.165775
0.167050
0.167225
0.171450
0.177300
0.181225
0.182575
0.188150
0.193075
0.196800
0.214100
0.216700
0.217350
0.218325
0.221425
0.231050
0.242525
0.250775
0.253750
0.266425
0.269700
0.280625
0.281800
0.295475
0.296025
0.299875
0.300925
0.303025
0.307900
0.307925
0.317150
0.318850
0.319025
0.319175
0.327650
0.328475
0.337350
0.344300
0.345975
0.347625
0.348375
0.353475
0.354100
0.354675
0.357825
0.363725
0.370100
0.370400
0.388000
0.395150
0.404675
0.406200
0.407775
0.416025
0.422350
0.432000
0.433575
0.438350
0.446200
0.450050
0.451500
0.454775
0.455600
0.457900
0.461325
0.467600
0.470975
0.476875
0.478475
0.493400
0.493750
0.498550
0.502550
0.510100
0.510150
0.517750
0.519850
0.521050
0.529225
0.531025
0.535325
0.538750
0.544050
0.547575
0.549525
0.554375
0.559075
0.562500
0.565650
0.569300
0.580175
0.586125
0.597250
0.598450
0.599300
0.608375
0.609275
0.616600
0.624475
0.629150
0.630300
0.630525
0.632850
0.635525
0.642650
0.664875
0.668675
0.670425
0.672425
0.685825
0.694525
0.700225
0.702525
0.714650
0.718550
0.720425
0.723750
0.724525
0.727475
0.731500
0.733725
0.734350
0.735500
0.740850
0.745350
0.748600
0.751850
0.756100
0.758500
0.759350
0.759425
0.764100
0.777150
0.778200
0.792000
0.792850
0.795275
0.797525
0.798025
0.798675
0.799500
0.808275
0.819650
0.837900
0.840900
0.850400
0.851800
0.854975
0.855275
0.889700
0.896200
0.901200
0.901525
0.907075
0.919675
0.922100
0.927850
0.937225
0.946125
0.967500
0.982925
0.990450
1.001150
1.031125
1.047325
1.080300
1.082575
1.093125
1.116900
1.136825
1.160125
1.203450
1.226300
1.248775
1.270025
1.277050
1.297600
1.302575
1.305050
1.331800
1.357850
1.395675
1.406975
1.414500
1.424075
1.468275
1.478400
1.520425
1.534325
1.609000
1.655650
1.685975
1.904850
2.088150
2.159950
2.261975
2.448650
237
