0.000675
0.017850
0.025275
0.027425
0.029425
0.035225
0.036075
0.038500
0.040750
0.046675
0.048125
0.070900
0.074225
0.075700
0.077775
0.081850
0.082925
0.087150
0.088775
0.088800
0.090625
0.094550
0.096000
0.098500
0.101550
0.102725
0.127225
0.137500
0.141650
0.147850
0.151050
0.168500
0.177075
0.177275
0.179000
0.182350
0.187025
0.187050
0.187550
0.188350
0.188525
0.194625
0.209300
0.213550
0.217450
0.221050
0.224725
0.229225
0.231975
0.236850
0.246025
0.255950
0.257875
0.258875
0.261500
0.264200
0.271075
0.276850
0.279625
0.279875
0.280475
0.281825
0.283375
0.292125
0.300500
0.301025
0.313350
0.314600
0.316000
0.316450
0.332650
0.340525
0.341800
0.343450
0.343700
0.343975
0.344050
0.345750
0.346200
0.347550
0.350550
0.351425
0.369150
0.370100
0.370350
0.377800
0.380750
0.383200
0.388900
0.392875
0.397750
0.399100
0.405950
0.416625
0.418825
0.419800
0.427175
0.433700
0.448675
0.459175
0.467675
0.471075
0.484575
0.488200
0.498500
0.498550
0.511400
0.513925
0.517425
0.519150
0.519650
0.526050
0.527150
0.531300
0.541775
0.543975
0.544100
0.547175
0.548775
0.550700
0.553725
0.563200
0.563700
0.564925
0.567400
0.573075
0.576475
0.579125
0.581150
0.583375
0.585925
0.587475
0.589275
0.596550
0.600550
0.604700
0.604700
0.606175
0.610725
0.613925
0.615100
0.620375
0.628725
0.629175
0.631225
0.637100
0.637175
0.641500
0.645025
0.648925
0.650800
0.655625
0.661125
0.662400
0.665850
0.672150
0.676850
0.686750
0.687450
0.687700
0.688375
0.689875
0.700800
0.701900
0.703000
0.704350
0.705550
0.715650
0.723375
0.723400
0.734375
0.737525
0.742725
0.745900
0.746875
0.757575
0.757950
0.760400
0.763925
0.765150
0.767525
0.769100
0.769875
0.772050
0.776875
0.778025
0.785325
0.795800
0.796100
0.800150
0.802300
0.813850
0.829550
0.833300
0.840725
0.841975
0.852450
0.853275
0.857550
0.872250
0.881250
0.890200
0.894275
0.902500
0.908250
0.913725
0.934600
0.939525
0.950650
0.950700
0.957925
0.961975
0.962725
0.963175
0.964175
0.972450
0.986500
0.986900
1.002275
1.003600
1.004750
1.007225
1.012675
1.018375
1.029975
1.030400
1.032425
1.032600
1.035175
1.050975
1.052150
1.053000
1.056200
1.062775
1.068775
1.077175
1.079600
1.085175
1.120350
1.135025
1.168850
1.171150
1.205625
1.225975
1.235100
1.265425
1.266525
1.290600
1.299850
1.302950
1.320500
1.333950
1.376650
1.394400
1.429700
1.434250
1.441525
1.503850
1.518800
1.571200
1.691150
1.738750
1.773875
1.922000
2.076100
2.182625
2.203875
2.322050
268
