0.008475
0.019650
0.022275
0.029275
0.035250
0.035850
0.039000
0.041925
0.050125
0.065350
0.087325
0.089525
0.094325
0.102550
0.122650
0.123750
0.126400
0.132625
0.134275
0.138750
0.139425
0.139550
0.154850
0.157175
0.169500
0.171050
0.172925
0.178500
0.183150
0.194500
0.199100
0.206075
0.208275
0.211000
0.214025
0.223425
0.224125
0.229050
0.242100
0.246175
0.253825
0.258450
0.262000
0.265725
0.267975
0.271050
0.275150
0.275325
0.281375
0.285775
0.289750
0.304450
0.305025
0.306975
0.313425
0.316550
0.324450
0.324700
0.326400
0.336225
0.336275
0.338650
0.338950
0.343025
0.343525
0.348300
0.350525
0.353900
0.363900
0.365950
0.371175
0.375750
0.379800
0.387050
0.393600
0.394025
0.395725
0.399750
0.406650
0.410025
0.424850
0.431625
0.453975
0.462050
0.464050
0.475600
0.477500
0.488425
0.492125
0.501900
0.504450
0.509000
0.511225
0.512850
0.525275
0.528875
0.532950
0.535125
0.543775
0.554025
0.559825
0.560150
0.568400
0.574125
0.581400
0.581700
0.583325
0.588350
0.588375
0.599250
0.600700
0.606500
0.613400
0.623575
0.624625
0.637825
0.643325
0.647325
0.647850
0.650325
0.652550
0.656100
0.668725
0.669500
0.670425
0.679550
0.681175
0.686425
0.694575
0.696100
0.703575
0.710900
0.712325
0.717575
0.718700
0.723875
0.725350
0.734800
0.735025
0.746375
0.746875
0.751725
0.752075
0.786825
0.801675
0.802000
0.802275
0.809900
0.812525
0.815875
0.819375
0.822250
0.829225
0.834100
0.836550
0.846700
0.850800
0.853675
0.855250
0.857000
0.859600
0.865925
0.870525
0.897000
0.908850
0.912750
0.914375
0.915700
0.936650
0.937050
0.943225
0.954300
0.965600
0.967000
0.974675
0.974950
0.982325
1.000875
1.012025
1.026425
1.033625
1.034800
1.036075
1.057825
1.060450
1.079925
1.112750
1.118700
1.120125
1.125275
1.130100
1.166525
1.188725
1.190150
1.190200
1.214225
1.218875
1.223125
1.242350
1.256650
1.272200
1.280875
1.291625
1.314325
1.324325
1.416375
1.429250
1.435325
1.452250
1.464650
1.493000
1.493875
1.495675
1.499775
1.504125
1.516850
1.544075
1.551950
1.561650
1.611075
1.709950
1.746925
2.036275
2.056900
2.219400
225
