0.000750
0.007525
0.019500
0.023225
0.028425
0.030100
0.031925
0.037050
0.041425
0.042200
0.042875
0.045775
0.046200
0.063750
0.078675
0.081350
0.098000
0.106300
0.108950
0.110925
0.114425
0.115900
0.125825
0.130275
0.137575
0.137875
0.143900
0.147175
0.162625
0.166400
0.168825
0.172900
0.177425
0.182750
0.184475
0.189700
0.190150
0.197450
0.198325
0.200575
0.204750
0.207775
0.209450
0.210625
0.212825
0.214025
0.217425
0.218100
0.220225
0.223475
0.225225
0.225375
0.229725
0.229925
0.233125
0.237000
0.240475
0.241000
0.241600
0.241875
0.243625
0.249925
0.250575
0.253275
0.253775
0.254625
0.257425
0.260350
0.265850
0.268075
0.270825
0.279875
0.280950
0.285200
0.307700
0.309950
0.321325
0.331525
0.335600
0.338750
0.340575
0.350575
0.354725
0.360075
0.363450
0.372475
0.374675
0.378075
0.379350
0.379800
0.382075
0.382600
0.383025
0.392650
0.395150
0.408875
0.411450
0.416825
0.423375
0.423650
0.432875
0.437625
0.443150
0.450800
0.452250
0.456950
0.467300
0.477600
0.477875
0.486175
0.491825
0.497850
0.512000
0.512225
0.512600
0.512825
0.513050
0.515225
0.515625
0.520150
0.526850
0.530450
0.532775
0.536175
0.552700
0.557650
0.568050
0.572000
0.577300
0.582150
0.584050
0.584125
0.586825
0.588025
0.596725
0.607200
0.610275
0.614775
0.615100
0.624375
0.626650
0.628850
0.632325
0.632650
0.635150
0.635950
0.638125
0.649050
0.656000
0.657425
0.659800
0.672275
0.679625
0.682675
0.687150
0.688275
0.693500
0.693800
0.704250
0.705875
0.710675
0.713725
0.724725
0.729550
0.732350
0.742200
0.746250
0.746675
0.746925
0.749425
0.750075
0.768225
0.779450
0.787800
0.806825
0.812325
0.847325
0.850300
0.869775
0.871450
0.871725
0.876875
0.877450
0.886050
0.889125
0.906000
0.914850
0.928350
0.929300
0.931125
0.935025
0.935350
0.935500
0.936400
0.945675
0.950500
0.956575
0.992525
1.028350
1.033725
1.045250
1.058800
1.071950
1.073600
1.081925
1.102250
1.108400
1.122675
1.129850
1.151275
1.153025
1.163575
1.189575
1.196450
1.209325
1.223300
1.226625
1.226800
1.293325
1.336850
1.337175
1.340350
1.343825
1.383350
1.413025
1.427225
1.439000
1.473000
1.473775
1.506650
1.553200
1.576775
1.583200
1.583550
1.751350
1.827025
1.952400
237
