0.001825
0.003025
0.009200
0.011725
0.020100
0.020450
0.024750
0.031425
0.032450
0.034525
0.039150
0.039850
0.040550
0.041625
0.048525
0.054725
0.062550
0.062775
0.064600
0.065075
0.068575
0.078875
0.096725
0.116550
0.118025
0.123375
0.127550
0.132175
0.136750
0.136750
0.153325
0.173900
0.188375
0.191375
0.192825
0.195850
0.197325
0.209025
0.212000
0.214900
0.217750
0.218700
0.219475
0.222725
0.223250
0.227425
0.233450
0.235625
0.237975
0.243375
0.245750
0.246900
0.254600
0.259125
0.261000
0.269450
0.270850
0.275750
0.289350
0.302950
0.307075
0.307700
0.308075
0.315175
0.321250
0.327675
0.341800
0.348575
0.352700
0.354350
0.359700
0.359775
0.371475
0.371725
0.374000
0.376750
0.387625
0.391950
0.392325
0.394350
0.408400
0.410175
0.415000
0.415225
0.417225
0.419800
0.426850
0.432050
0.433325
0.435775
0.437900
0.445750
0.462800
0.464375
0.469475
0.473250
0.480125
0.489375
0.489900
0.494775
0.499525
0.500850
0.504575
0.515800
0.520475
0.522650
0.525200
0.532450
0.535325
0.539700
0.541425
0.563150
0.578300
0.579175
0.579450
0.580175
0.580725
0.583775
0.583825
0.585275
0.601125
0.607700
0.613925
0.614100
0.614175
0.614275
0.621075
0.631700
0.632900
0.635475
0.638250
0.638600
0.642825
0.643525
0.658300
0.664550
0.667300
0.670275
0.676925
0.679250
0.692775
0.695475
0.701500
0.709700
0.723850
0.724150
0.724750
0.725125
0.727975
0.745025
0.749100
0.750950
0.766425
0.767275
0.770475
0.776250
0.779750
0.783400
0.790450
0.797625
0.798425
0.801700
0.813925
0.822475
0.834675
0.835975
0.848925
0.851500
0.860925
0.876700
0.882225
0.887325
0.891775
0.892925
0.893925
0.908475
0.911675
0.918375
0.921700
0.933050
0.958725
0.965875
0.967500
0.981800
0.987175
0.987875
0.990050
1.002025
1.004225
1.007825
1.016000
1.019900
1.022900
1.025475
1.029950
1.033725
1.047925
1.057400
1.064625
1.075375
1.080050
1.088225
1.088650
1.098150
1.109850
1.112750
1.125150
1.135950
1.146375
1.172775
1.200225
1.200825
1.207350
1.286700
1.312400
1.340150
1.344825
1.349125
1.349975
1.351200
1.353900
1.355300
1.378875
1.389325
1.397600
1.407725
1.415050
1.434300
1.441300
1.495900
1.497275
1.550400
1.609775
1.675925
1.701275
1.737600
1.836925
1.844750
1.876750
2.182250
2.359175
241
