0.000975
0.002025
0.007575
0.022025
0.024550
0.026775
0.034850
0.041825
0.043500
0.045600
0.045975
0.058575
0.066050
0.070500
0.075625
0.085250
0.091250
0.097825
0.099525
0.103550
0.105400
0.107375
0.107900
0.112275
0.116700
0.131025
0.135550
0.136750
0.140100
0.141225
0.148300
0.151100
0.153625
0.154350
0.164950
0.181325
0.183150
0.183325
0.183950
0.190250
0.195500
0.201125
0.202500
0.213725
0.213975
0.218625
0.222250
0.224450
0.227300
0.229175
0.244600
0.247825
0.249950
0.250525
0.258475
0.264975
0.265850
0.266175
0.271975
0.272050
0.278450
0.286450
0.289825
0.300925
0.302650
0.314375
0.327325
0.331375
0.341975
0.345925
0.356850
0.358150
0.372675
0.373825
0.379725
0.384150
0.385125
0.396475
0.404550
0.406175
0.410100
0.412850
0.413000
0.413900
0.427550
0.436000
0.436425
0.438100
0.450750
0.453475
0.456925
0.461400
0.461875
0.467450
0.472650
0.479425
0.488475
0.505650
0.505700
0.515375
0.515950
0.517425
0.520325
0.521825
0.523725
0.523875
0.524325
0.525825
0.528600
0.541950
0.544975
0.546250
0.550550
0.570250
0.572775
0.573675
0.589900
0.594925
0.599600
0.611250
0.618900
0.619000
0.625875
0.633175
0.640225
0.646950
0.648325
0.650825
0.652450
0.653375
0.657000
0.659825
0.662000
0.663025
0.666675
0.670125
0.670675
0.671225
0.676650
0.680500
0.681700
0.682475
0.689325
0.691000
0.694625
0.696525
0.697675
0.698600
0.699050
0.706425
0.709125
0.713875
0.721575
0.723850
0.725225
0.730500
0.731550
0.737200
0.739200
0.743250
0.749150
0.750300
0.753050
0.760500
0.763400
0.766600
0.767075
0.769175
0.770100
0.795300
0.803300
0.810100
0.812925
0.814150
0.818175
0.819525
0.835775
0.841625
0.855900
0.859425
0.863500
0.864675
0.877775
0.879900
0.891300
0.892000
0.906625
0.914175
0.918750
0.919350
0.934150
0.934225
0.934700
0.942375
0.945950
0.952975
0.955625
0.969275
0.976825
0.986175
0.986275
0.987375
0.987825
0.992225
1.000775
1.002475
1.008425
1.009400
1.017825
1.024575
1.041125
1.058600
1.079150
1.083825
1.098325
1.104250
1.118675
1.142575
1.144100
1.167850
1.217150
1.218875
1.230900
1.232750
1.241575
1.254400
1.258100
1.297500
1.311825
1.339175
1.382450
1.504675
1.533850
1.553950
1.555850
1.765175
1.768000
1.797875
2.045150
2.221575
240
