0.000200
0.002575
0.003075
0.003650
0.008175
0.011050
0.022125
0.033850
0.062850
0.066575
0.070900
0.088200
0.090450
0.093400
0.097500
0.101075
0.102025
0.105500
0.106575
0.113150
0.113650
0.114625
0.121325
0.122475
0.125350
0.127625
0.132475
0.141200
0.141700
0.144250
0.144425
0.144825
0.146000
0.151300
0.161400
0.161900
0.168825
0.172175
0.174625
0.176775
0.178050
0.179725
0.185825
0.198150
0.198250
0.198500
0.200900
0.206225
0.209725
0.212875
0.217750
0.226525
0.231550
0.232275
0.233500
0.236775
0.240250
0.241425
0.241900
0.244575
0.246200
0.249075
0.256125
0.256925
0.259875
0.274950
0.275625
0.277250
0.278500
0.280450
0.287550
0.290875
0.301700
0.306200
0.309450
0.311925
0.313850
0.325650
0.331650
0.335025
0.335475
0.339775
0.347950
0.349175
0.355500
0.357825
0.359650
0.361375
0.367025
0.367825
0.385850
0.387925
0.393950
0.398750
0.403075
0.410200
0.412400
0.413925
0.417850
0.418700
0.421775
0.425650
0.428700
0.432325
0.432425
0.432850
0.435125
0.445300
0.446650
0.448400
0.449575
0.451250
0.456875
0.467125
0.475550
0.475775
0.484550
0.496475
0.506100
0.507875
0.507925
0.516600
0.542650
0.544050
0.544100
0.545475
0.563150
0.563450
0.563625
0.569700
0.573750
0.583150
0.589200
0.589925
0.594325
0.602175
0.610875
0.616975
0.630950
0.633775
0.633825
0.635350
0.635625
0.636000
0.640750
0.647275
0.658825
0.660275
0.663450
0.668575
0.668725
0.692625
0.695175
0.696050
0.698625
0.699450
0.700050
0.705075
0.709425
0.718025
0.720875
0.721375
0.725375
0.725725
0.726125
0.730925
0.737225
0.742275
0.755000
0.761650
0.763425
0.771675
0.775525
0.776725
0.779250
0.790625
0.796025
0.798025
0.799750
0.808250
0.809700
0.819700
0.826650
0.830550
0.831000
0.838600
0.840775
0.844325
0.844550
0.846650
0.847100
0.847100
0.865975
0.874750
0.882350
0.886025
0.888050
0.898850
0.904800
0.923850
0.925950
0.928275
0.939850
0.951475
0.960650
0.965300
0.966250
0.987100
0.992200
1.004450
1.006475
1.015050
1.048250
1.048850
1.061900
1.091475
1.094350
1.095525
1.116950
1.130525
1.132525
1.151175
1.154325
1.211675
1.214125
1.214625
1.222250
1.247725
1.314100
1.315800
1.331075
1.336225
1.338250
1.347350
1.355650
1.372675
1.379725
1.390350
1.394100
1.457275
1.461500
1.468400
1.494100
1.617025
1.622800
1.659125
1.866825
1.891050
2.024975
2.357350
2.472150
251
