0.000175
0.007325
0.009125
0.009725
0.010350
0.012700
0.012900
0.030775
0.031725
0.033625
0.041425
0.044275
0.045075
0.048050
0.050725
0.051175
0.052900
0.055625
0.060975
0.062575
0.065325
0.068050
0.071175
0.075375
0.075425
0.075525
0.077425
0.082300
0.084375
0.089675
0.090975
0.094125
0.096825
0.105200
0.106125
0.106650
0.114775
0.114850
0.120700
0.124325
0.128025
0.130575
0.137075
0.137525
0.142700
0.145425
0.147125
0.150525
0.151825
0.151900
0.156425
0.156625
0.160350
0.165500
0.171625
0.171825
0.178175
0.180850
0.184325
0.184350
0.191675
0.192925
0.198400
0.199125
0.204350
0.210775
0.220675
0.225475
0.228575
0.229425
0.230250
0.231000
0.232650
0.234750
0.240250
0.240375
0.246850
0.252250
0.256200
0.257175
0.261025
0.265900
0.272225
0.275975
0.279075
0.286400
0.287350
0.287850
0.291375
0.292250
0.292675
0.298600
0.300225
0.300375
0.310650
0.311225
0.312425
0.312425
0.316150
0.328100
0.330325
0.332200
0.337700
0.343300
0.345425
0.350950
0.352275
0.354375
0.364650
0.367800
0.369250
0.376100
0.377675
0.378850
0.380725
0.381050
0.383350
0.393925
0.403250
0.408075
0.408750
0.409275
0.421225
0.423050
0.426350
0.436875
0.444025
0.453625
0.453975
0.462150
0.463775
0.472150
0.484975
0.485225
0.486750
0.490550
0.493275
0.494475
0.511525
0.512650
0.521550
0.521925
0.546700
0.551750
0.555450
0.561100
0.562075
0.565350
0.577075
0.577900
0.580650
0.586225
0.586400
0.587825
0.593650
0.596925
0.606325
0.607475
0.611275
0.615075
0.624525
0.628925
0.633625
0.634825
0.638000
0.638450
0.639975
0.644475
0.645500
0.647550
0.649575
0.650550
0.650925
0.652150
0.652250
0.653025
0.664525
0.664825
0.666050
0.674375
0.677275
0.684525
0.688725
0.693175
0.695975
0.700150
0.704925
0.705800
0.711725
0.716200
0.719950
0.729550
0.732250
0.732775
0.733100
0.742825
0.744725
0.756575
0.763300
0.764650
0.765850
0.772400
0.777075
0.785925
0.792425
0.802850
0.817000
0.824150
0.825375
0.831725
0.836500
0.837500
0.839900
0.845575
0.860175
0.871800
0.876225
0.884750
0.893975
0.926275
0.943800
0.955075
0.958025
0.960200
0.973475
0.977025
1.004950
1.010850
1.015575
1.016075
1.021475
1.026325
1.066775
1.099675
1.106850
1.114050
1.117000
1.117675
1.124150
1.129775
1.137275
1.146250
1.149375
1.154725
1.176825
1.188775
1.188825
1.221400
1.296725
1.304950
1.434625
1.458025
1.472975
1.495600
1.508800
1.510700
1.534025
1.558400
1.566650
1.595100
1.621450
1.650800
1.841850
1.895800
1.984700
2.068950
2.263625
2.263750
268
