0.000075
0.010175
0.024750
0.030450
0.044200
0.044475
0.044650
0.045075
0.049800
0.050150
0.056850
0.058200
0.063025
0.069850
0.073100
0.073200
0.076975
0.081625
0.088725
0.089075
0.090500
0.095000
0.099325
0.111600
0.112250
0.116600
0.119000
0.119425
0.119725
0.124450
0.128900
0.130325
0.137975
0.145475
0.156900
0.160625
0.162250
0.163375
0.166075
0.168225
0.175225
0.175925
0.192100
0.192775
0.204350
0.207650
0.212025
0.213900
0.219300
0.248750
0.248850
0.258900
0.260025
0.261350
0.262200
0.266925
0.270925
0.281750
0.283375
0.284700
0.284800
0.285300
0.286075
0.294600
0.296600
0.298650
0.301375
0.301700
0.302800
0.312800
0.315475
0.318525
0.318675
0.319625
0.327550
0.340000
0.355600
0.359275
0.362175
0.371000
0.373225
0.378625
0.379500
0.380675
0.383225
0.385650
0.391200
0.392225
0.400400
0.403600
0.403650
0.416825
0.425275
0.431175
0.438050
0.438125
0.438625
0.444075
0.445225
0.448250
0.451100
0.452800
0.460325
0.463050
0.464175
0.470400
0.470875
0.472825
0.472925
0.483850
0.492350
0.505975
0.514100
0.517150
0.522075
0.524375
0.525025
0.526225
0.529175
0.535025
0.547725
0.556650
0.564275
0.566575
0.576375
0.579500
0.580325
0.586675
0.587600
0.589775
0.591875
0.596450
0.597625
0.597800
0.598650
0.605750
0.605975
0.607975
0.609825
0.613100
0.613450
0.614875
0.618175
0.622775
0.623100
0.633200
0.638025
0.658750
0.664750
0.664875
0.686475
0.692100
0.695975
0.703150
0.704725
0.708200
0.709575
0.713150
0.717875
0.721625
0.723750
0.733700
0.736875
0.738450
0.740500
0.741975
0.744875
0.746675
0.750500
0.755550
0.757950
0.767275
0.772075
0.772775
0.776450
0.783675
0.787975
0.791200
0.797500
0.809225
0.818825
0.821950
0.822225
0.825875
0.849500
0.851350
0.870575
0.873150
0.882175
0.884975
0.885825
0.898500
0.900675
0.913850
0.929275
0.937175
0.938025
0.944475
0.949900
0.963025
0.966625
0.968425
1.000625
1.001900
1.002250
1.008950
1.014325
1.031550
1.032350
1.032700
1.044725
1.046350
1.055725
1.066625
1.069975
1.080725
1.094400
1.096725
1.121400
1.136825
1.149350
1.151800
1.159800
1.209300
1.212675
1.218750
1.233975
1.248825
1.288275
1.320500
1.351250
1.366275
1.380875
1.439625
1.443625
1.527025
1.544900
1.547850
1.557425
1.598825
1.629925
1.649425
1.686700
1.716550
1.759475
1.759750
1.806975
1.862175
1.875325
2.047750
2.140675
2.319750
252
