0.000250
0.003625
0.005500
0.012975
0.013875
0.019800
0.022250
0.024625
0.025725
0.029300
0.029450
0.041850
0.044525
0.045325
0.048675
0.052025
0.060475
0.067650
0.069800
0.071250
0.081025
0.081875
0.096075
0.096200
0.096875
0.106400
0.111375
0.113050
0.120625
0.139100
0.145825
0.147550
0.152300
0.152325
0.152375
0.154150
0.154950
0.158050
0.158525
0.159500
0.160975
0.168325
0.168750
0.169850
0.170275
0.175925
0.181100
0.181325
0.187825
0.188175
0.192725
0.204200
0.209700
0.211700
0.213625
0.214700
0.221575
0.232600
0.233625
0.236850
0.239425
0.247650
0.253025
0.254100
0.259500
0.267575
0.268075
0.269275
0.271100
0.271250
0.272025
0.273700
0.274950
0.276525
0.276775
0.286450
0.302975
0.307550
0.307550
0.313025
0.321875
0.323675
0.325150
0.327375
0.329775
0.330875
0.333375
0.341800
0.349800
0.355375
0.355525
0.357825
0.357925
0.361225
0.362675
0.367600
0.368450
0.375325
0.377750
0.385350
0.397675
0.404025
0.409950
0.417600
0.422650
0.427375
0.433650
0.433825
0.441975
0.444250
0.444500
0.448250
0.452050
0.453750
0.457450
0.459900
0.463550
0.468050
0.469700
0.470975
0.471300
0.472475
0.472575
0.473850
0.474150
0.476300
0.482800
0.483975
0.487650
0.487900
0.514450
0.515150
0.522775
0.535350
0.537250
0.540125
0.542725
0.544600
0.550150
0.552525
0.552775
0.553675
0.555325
0.555825
0.570525
0.577350
0.577400
0.581575
0.588700
0.596350
0.598600
0.600600
0.602150
0.602475
0.610875
0.616950
0.617525
0.623225
0.624525
0.635875
0.637125
0.643850
0.644900
0.649125
0.653550
0.659300
0.663850
0.664150
0.664175
0.666975
0.667225
0.672775
0.683650
0.692225
0.707050
0.711275
0.715200
0.717150
0.719950
0.725525
0.726825
0.730350
0.733550
0.747475
0.749475
0.752400
0.753525
0.754900
0.756250
0.770675
0.778875
0.789100
0.791000
0.791325
0.796700
0.800450
0.815950
0.816025
0.821175
0.821450
0.844800
0.846450
0.847425
0.848175
0.851525
0.854275
0.861775
0.870200
0.871600
0.877750
0.879950
0.880175
0.882475
0.889600
0.896300
0.913700
0.917850
0.919975
0.927600
0.937050
0.941450
0.944825
0.958325
0.960025
0.974575
0.990300
0.993075
1.011025
1.016500
1.025125
1.030850
1.036525
1.041875
1.044425
1.046025
1.057275
1.070725
1.084875
1.085000
1.108100
1.143550
1.154650
1.164650
1.169075
1.170450
1.171925
1.203100
1.220675
1.226400
1.269300
1.273350
1.284025
1.328150
1.344600
1.348300
1.359025
1.363750
1.378200
1.407000
1.435450
1.550625
1.559700
1.603225
1.622000
1.707375
1.799300
1.895125
1.909350
1.965750
2.140525
2.262400
271
