0.000525
0.000625
0.001175
0.008175
0.010775
0.016125
0.016675
0.020950
0.021000
0.021825
0.026050
0.045550
0.053025
0.054575
0.060800
0.062025
0.070525
0.071175
0.071950
0.076250
0.077475
0.082400
0.082550
0.083375
0.084100
0.091675
0.094600
0.095375
0.097300
0.116800
0.118700
0.126675
0.132575
0.142200
0.150925
0.153000
0.156475
0.157000
0.169675
0.171275
0.176400
0.177525
0.185900
0.186350
0.189325
0.193775
0.207600
0.226725
0.227900
0.231975
0.238775
0.250300
0.250700
0.272075
0.273675
0.274525
0.281950
0.282650
0.290550
0.294075
0.296625
0.297725
0.300225
0.305375
0.305675
0.311925
0.312075
0.318725
0.320225
0.322625
0.324850
0.328425
0.335575
0.335575
0.337900
0.345550
0.353075
0.354525
0.358450
0.360925
0.365075
0.367225
0.374200
0.374500
0.374875
0.380150
0.390750
0.400975
0.403325
0.404850
0.408125
0.410150
0.411525
0.414500
0.415400
0.420625
0.434850
0.438425
0.443400
0.451900
0.452050
0.453625
0.454800
0.457725
0.458000
0.459300
0.467225
0.469475
0.471500
0.483775
0.485475
0.499500
0.511425
0.526900
0.535525
0.536450
0.544500
0.545050
0.546250
0.546875
0.547425
0.547600
0.550800
0.552300
0.556325
0.576150
0.582250
0.596275
0.597675
0.604550
0.610225
0.611500
0.613475
0.613675
0.613875
0.614325
0.619325
0.624350
0.628575
0.631125
0.644525
0.645125
0.645325
0.649025
0.663875
0.666675
0.666800
0.667650
0.674500
0.683500
0.691375
0.691525
0.692025
0.694100
0.706800
0.710475
0.713400
0.722375
0.734425
0.734950
0.738675
0.741000
0.744575
0.747675
0.759275
0.761050
0.762425
0.767350
0.784825
0.790925
0.793600
0.794450
0.801950
0.805025
0.805125
0.805525
0.807600
0.812275
0.817175
0.817625
0.822775
0.827825
0.827975
0.834825
0.839050
0.852950
0.854400
0.859650
0.862225
0.870975
0.875325
0.882575
0.890800
0.898750
0.904925
0.916250
0.917375
0.919475
0.929200
0.934575
0.938025
0.952975
0.966250
0.970325
0.978750
0.993000
0.995500
0.996225
1.009100
1.009575
1.009675
1.019300
1.021150
1.026400
1.029000
1.032500
1.045675
1.050000
1.103050
1.126175
1.149000
1.157700
1.158000
1.184450
1.185000
1.203775
1.208475
1.280700
1.303175
1.325725
1.333375
1.337050
1.338525
1.343200
1.382975
1.431425
1.462225
1.479950
1.519950
1.556725
1.689625
1.702600
1.729850
1.782825
1.837875
1.958775
2.010650
2.153150
2.307550
2.358100
250
