0.000600
0.002600
0.003675
0.020350
0.020775
0.022300
0.025850
0.028900
0.033925
0.044800
0.058600
0.061325
0.064850
0.067275
0.068550
0.075875
0.085375
0.087225
0.097100
0.100400
0.100875
0.104725
0.113175
0.118225
0.120475
0.122675
0.135300
0.135925
0.137650
0.142300
0.144475
0.149075
0.149100
0.156850
0.158775
0.160575
0.163050
0.164650
0.177450
0.178975
0.196800
0.203800
0.205550
0.213150
0.214125
0.220450
0.226650
0.236600
0.238825
0.238875
0.247650
0.250900
0.253700
0.255750
0.255975
0.256050
0.257400
0.258550
0.258700
0.260950
0.264275
0.265200
0.273950
0.277175
0.277450
0.286675
0.303150
0.305700
0.306800
0.307700
0.324300
0.340500
0.343075
0.351325
0.352850
0.365425
0.374450
0.379500
0.387550
0.389725
0.392075
0.394675
0.411600
0.414825
0.415475
0.419225
0.420925
0.421600
0.426700
0.430550
0.433225
0.435275
0.435925
0.436250
0.445650
0.446725
0.449050
0.454875
0.462175
0.466725
0.466775
0.472100
0.473425
0.476450
0.481925
0.486550
0.493125
0.494650
0.498825
0.505975
0.508050
0.509350
0.515475
0.523300
0.524075
0.536150
0.545050
0.546550
0.547075
0.548725
0.558750
0.564075
0.580450
0.582925
0.583400
0.590875
0.594700
0.599275
0.604000
0.613525
0.621400
0.622250
0.626525
0.633250
0.635350
0.635575
0.652125
0.655600
0.665925
0.666775
0.667025
0.671950
0.673825
0.677875
0.684375
0.685100
0.687875
0.693300
0.695050
0.696675
0.703175
0.706925
0.713700
0.715375
0.724725
0.730900
0.741925
0.758450
0.765750
0.768650
0.770150
0.773050
0.779900
0.782625
0.784575
0.789850
0.793500
0.796925
0.800075
0.802925
0.805775
0.823725
0.823800
0.823900
0.825950
0.827100
0.837450
0.842450
0.852150
0.871625
0.872025
0.872475
0.875325
0.883400
0.884825
0.890700
0.895625
0.903850
0.932225
0.952800
0.955925
0.966100
0.980975
0.981275
0.984575
0.986000
0.987275
1.014625
1.038975
1.043275
1.074250
1.086600
1.125400
1.139075
1.156050
1.157350
1.157375
1.191875
1.196325
1.208775
1.209375
1.230275
1.237825
1.303775
1.343325
1.361825
1.376025
1.386625
1.393825
1.399900
1.467375
1.496200
1.498875
1.575650
1.587625
1.629800
1.720625
1.729275
1.735300
1.920250
1.956350
1.965100
2.403300
233
