0.003275
0.005250
0.010450
0.018575
0.025225
0.046750
0.048075
0.054375
0.058525
0.060350
0.066650
0.072950
0.075125
0.080900
0.084175
0.085625
0.087575
0.087675
0.088600
0.096625
0.100700
0.105300
0.126125
0.127675
0.129025
0.139300
0.139350
0.140200
0.145950
0.157875
0.187725
0.187775
0.192125
0.193625
0.203175
0.219950
0.222675
0.223700
0.224550
0.225000
0.225075
0.232825
0.236050
0.237825
0.238150
0.241350
0.243300
0.244350
0.247600
0.266400
0.270475
0.274875
0.283825
0.285300
0.287500
0.288525
0.291200
0.299950
0.304000
0.307375
0.308800
0.327025
0.329325
0.334075
0.334175
0.341675
0.342625
0.347750
0.357225
0.361125
0.362525
0.367300
0.388800
0.394850
0.395500
0.407175
0.409350
0.413725
0.413975
0.417225
0.418625
0.424550
0.424650
0.434675
0.442300
0.445175
0.446700
0.465775
0.472325
0.474500
0.489725
0.489800
0.492925
0.493200
0.495175
0.504200
0.506150
0.507950
0.510700
0.514350
0.520875
0.523225
0.523525
0.524800
0.527400
0.527425
0.530300
0.532125
0.532900
0.538725
0.538825
0.540875
0.542225
0.543650
0.556900
0.558075
0.559300
0.560875
0.561225
0.565550
0.568475
0.575850
0.577225
0.577275
0.580700
0.589150
0.590975
0.597250
0.605875
0.609975
0.611800
0.621425
0.622000
0.627550
0.639500
0.644700
0.648350
0.651350
0.659900
0.665850
0.675450
0.686275
0.714200
0.719175
0.719300
0.724350
0.736700
0.737475
0.738725
0.746925
0.748750
0.765300
0.771775
0.773475
0.777300
0.783050
0.785975
0.793975
0.798300
0.799800
0.809350
0.813025
0.820825
0.831975
0.834900
0.835600
0.852500
0.859725
0.860425
0.860975
0.865950
0.884500
0.885400
0.887425
0.905800
0.906550
0.909150
0.921300
0.922925
0.928100
0.935875
0.952150
0.956875
0.962675
0.975350
0.978600
0.979125
0.993450
1.003825
1.005300
1.055725
1.057075
1.079525
1.093175
1.093275
1.136975
1.144350
1.145950
1.164050
1.165875
1.184400
1.193650
1.224225
1.225000
1.249500
1.284950
1.317925
1.328100
1.344000
1.370600
1.411500
1.425400
1.436125
1.451675
1.470700
1.472825
1.487300
1.517000
1.525725
1.530900
1.555675
1.555725
1.587450
1.608675
1.628300
1.653000
1.772375
1.805150
1.872975
1.884450
1.998525
2.292475
2.461600
233
