0.006000
0.008175
0.015775
0.016750
0.018525
0.030825
0.035800
0.045000
0.046100
0.061175
0.062325
0.067075
0.068300
0.068600
0.069125
0.071175
0.074950
0.076400
0.077650
0.078050
0.082725
0.083100
0.091150
0.095800
0.100025
0.102075
0.104050
0.104775
0.109450
0.111150
0.111975
0.118100
0.125350
0.125500
0.158600
0.159525
0.160200
0.162850
0.173600
0.174650
0.176350
0.176775
0.186950
0.187100
0.188575
0.192050
0.200325
0.202100
0.205275
0.211125
0.212675
0.227850
0.231650
0.236000
0.239650
0.240925
0.241250
0.242625
0.248875
0.255700
0.261300
0.261875
0.262450
0.270800
0.272075
0.272675
0.272675
0.286225
0.294575
0.294675
0.294975
0.298150
0.299475
0.315075
0.317650
0.318425
0.321325
0.334275
0.335000
0.346050
0.347850
0.349125
0.350000
0.354050
0.354425
0.356900
0.359525
0.360125
0.362175
0.363000
0.371350
0.372800
0.374575
0.381700
0.396575
0.398375
0.400950
0.411750
0.418875
0.431425
0.435225
0.444975
0.445225
0.447250
0.453550
0.456275
0.458775
0.459450
0.473250
0.477850
0.496625
0.507900
0.514025
0.514150
0.520125
0.524850
0.526200
0.526375
0.529325
0.532775
0.533850
0.534025
0.563575
0.564500
0.564625
0.571100
0.577525
0.588175
0.594500
0.596850
0.600775
0.608575
0.614675
0.615500
0.618575
0.619550
0.620475
0.620675
0.624775
0.625300
0.629300
0.632025
0.634550
0.642125
0.642775
0.645150
0.646800
0.646875
0.658375
0.658475
0.664525
0.665075
0.666100
0.668925
0.672975
0.682275
0.685600
0.688250
0.688600
0.699600
0.705125
0.706500
0.706725
0.713300
0.717750
0.718100
0.718725
0.722975
0.724950
0.731125
0.731225
0.732125
0.732275
0.745975
0.747150
0.747725
0.748675
0.760475
0.763900
0.764750
0.783050
0.784975
0.791950
0.796150
0.808125
0.808400
0.809825
0.818450
0.821425
0.821625
0.827900
0.828900
0.845350
0.853175
0.854375
0.885100
0.888950
0.894375
0.897500
0.898750
0.900400
0.908100
0.910450
0.910700
0.913000
0.917900
0.928650
0.932725
0.934275
0.965500
0.971075
0.977200
0.984625
0.989950
0.990325
1.041175
1.058125
1.089850
1.114350
1.138350
1.138950
1.191025
1.192025
1.231525
1.233300
1.233475
1.296000
1.301050
1.308200
1.317625
1.360100
1.387425
1.453800
1.465625
1.474150
1.492475
1.510675
1.527425
1.566625
1.572450
1.667625
1.684000
1.805950
1.830975
1.997000
1.997525
2.321250
247
