0.009075
0.009550
0.009900
0.018275
0.018600
0.021475
0.021850
0.022225
0.026000
0.029600
0.032875
0.038425
0.050100
0.053525
0.055375
0.055775
0.058025
0.059750
0.062975
0.074825
0.079825
0.080900
0.083275
0.087700
0.090825
0.093700
0.104825
0.107600
0.115125
0.123850
0.125550
0.126200
0.131325
0.149650
0.153150
0.153750
0.155375
0.160500
0.161375
0.167075
0.171450
0.174250
0.174525
0.177050
0.182425
0.183125
0.185025
0.190225
0.196450
0.207975
0.214175
0.215325
0.217500
0.223875
0.234900
0.244250
0.255000
0.273925
0.274825
0.276975
0.280100
0.285025
0.288900
0.298900
0.306300
0.325800
0.329625
0.338900
0.344075
0.344200
0.347200
0.350775
0.353400
0.355825
0.360125
0.363300
0.366600
0.368025
0.368825
0.369100
0.375300
0.384200
0.386700
0.389500
0.395300
0.402125
0.402425
0.403925
0.406225
0.407150
0.407200
0.407550
0.407800
0.408700
0.416400
0.419700
0.420675
0.421800
0.424350
0.427125
0.438900
0.441825
0.449050
0.451950
0.455625
0.461775
0.463375
0.464400
0.466125
0.479300
0.489925
0.493975
0.495600
0.497700
0.506325
0.511950
0.521325
0.526700
0.529350
0.530250
0.531725
0.535425
0.541300
0.547425
0.551375
0.553300
0.561100
0.561175
0.561550
0.566150
0.571250
0.572025
0.581125
0.583025
0.596275
0.596700
0.600650
0.601875
0.604550
0.609425
0.612700
0.613025
0.620050
0.623075
0.623400
0.625050
0.627300
0.627650
0.628025
0.634100
0.635650
0.638425
0.643700
0.644050
0.649975
0.652550
0.658125
0.661575
0.667300
0.669575
0.677225
0.700275
0.704025
0.707825
0.711225
0.713250
0.715550
0.722900
0.736200
0.736825
0.740250
0.742600
0.746300
0.746800
0.756850
0.758475
0.759975
0.760875
0.763200
0.768875
0.771725
0.777675
0.779200
0.788000
0.791800
0.791900
0.805125
0.810525
0.820675
0.821075
0.822925
0.826150
0.831650
0.831900
0.831950
0.832775
0.838400
0.841050
0.844300
0.851925
0.855850
0.857000
0.859700
0.863900
0.878300
0.887050
0.904625
0.904875
0.905800
0.910000
0.916200
0.918900
0.925100
0.929925
0.935125
0.935200
0.967025
1.000850
1.006125
1.038950
1.044150
1.075150
1.081200
1.091325
1.092975
1.100275
1.115600
1.116025
1.122025
1.135925
1.141800
1.143000
1.158550
1.206200
1.256850
1.263425
1.321750
1.322325
1.324875
1.365125
1.372675
1.375400
1.376100
1.394925
1.401400
1.457900
1.507550
1.620625
1.637325
1.665400
1.670100
1.747700
1.781225
1.978600
1.981800
2.069375
2.075600
2.137850
2.361275
2.478750
260
