0.000050
0.002900
0.010900
0.017900
0.018225
0.023500
0.036575
0.036900
0.039225
0.044350
0.050575
0.050625
0.052350
0.058625
0.064550
0.068400
0.068625
0.068875
0.070450
0.073925
0.075775
0.082025
0.102925
0.120250
0.120925
0.121350
0.131175
0.136075
0.140500
0.162200
0.169150
0.183800
0.197650
0.202200
0.204075
0.207625
0.208650
0.210525
0.222750
0.224550
0.225775
0.229725
0.236800
0.237400
0.243450
0.247375
0.251725
0.254050
0.262375
0.268250
0.274900
0.284950
0.285550
0.295875
0.316450
0.326450
0.333925
0.335475
0.337250
0.340150
0.360500
0.370025
0.370675
0.371175
0.372125
0.378925
0.381350
0.383075
0.396050
0.406100
0.413475
0.414725
0.416450
0.419575
0.420875
0.424000
0.438100
0.439650
0.440100
0.447450
0.456425
0.461400
0.464350
0.474050
0.474300
0.477175
0.483700
0.486300
0.489350
0.491250
0.514525
0.521500
0.521850
0.526900
0.534575
0.542925
0.548300
0.548950
0.558250
0.564250
0.568975
0.572800
0.573950
0.577050
0.580250
0.586300
0.588500
0.591400
0.606550
0.607225
0.613525
0.626975
0.628800
0.652575
0.653700
0.664725
0.668575
0.672075
0.674725
0.675050
0.680225
0.681100
0.690275
0.699400
0.703850
0.722200
0.725450
0.726650
0.729625
0.731300
0.734700
0.736675
0.736775
0.747550
0.750050
0.770700
0.774025
0.789500
0.803775
0.810300
0.810525
0.813800
0.824150
0.829825
0.834375
0.837700
0.842550
0.845675
0.851125
0.854875
0.855950
0.859400
0.867250
0.873150
0.873575
0.909175
0.914225
0.922125
0.924925
0.925550
0.934400
0.953525
0.956250
0.967250
0.969650
0.985550
1.014775
1.030050
1.052775
1.060500
1.085975
1.086325
1.128850
1.134525
1.140100
1.187625
1.255050
1.329575
1.343875
1.374550
1.377775
1.389300
1.392150
1.398950
1.492950
1.533100
1.559275
1.608650
1.646650
1.650150
1.665600
1.690625
1.691750
1.691925
1.848400
1.873150
1.876000
1.951950
1.958425
1.969600
1.970350
1.983925
2.029475
2.118500
2.305950
205
