0.008700
0.010250
0.010625
0.018525
0.019075
0.020600
0.021225
0.023650
0.027500
0.028850
0.030125
0.036525
0.044350
0.049900
0.051650
0.054150
0.057925
0.069350
0.070075
0.078000
0.079300
0.082575
0.085825
0.087750
0.089650
0.090250
0.094675
0.095525
0.098100
0.102375
0.112075
0.112650
0.116975
0.126100
0.128900
0.133500
0.136100
0.142400
0.145325
0.157500
0.158525
0.162500
0.163225
0.165225
0.165625
0.169700
0.172100
0.173125
0.187425
0.188200
0.194925
0.195350
0.195400
0.204525
0.212875
0.217375
0.234500
0.235075
0.237775
0.244300
0.247750
0.249200
0.253475
0.260425
0.260875
0.276725
0.279575
0.280525
0.297500
0.320225
0.324150
0.333250
0.334600
0.341475
0.342300
0.346800
0.347975
0.348325
0.359900
0.367275
0.374350
0.374575
0.375525
0.377125
0.377300
0.378875
0.386375
0.402200
0.411650
0.419450
0.422625
0.429750
0.431325
0.432575
0.446000
0.448175
0.452900
0.460275
0.473975
0.485375
0.487250
0.490225
0.498625
0.501350
0.509925
0.516875
0.525475
0.527650
0.532775
0.540525
0.548075
0.548725
0.550275
0.553125
0.561525
0.562375
0.569450
0.571675
0.575425
0.578375
0.579375
0.579825
0.581125
0.581900
0.582025
0.594200
0.594700
0.606250
0.615750
0.622200
0.622250
0.624400
0.631650
0.640175
0.641950
0.644925
0.645500
0.657500
0.658500
0.662975
0.664125
0.665925
0.668000
0.669250
0.679725
0.688500
0.692200
0.694575
0.696700
0.710575
0.713225
0.717575
0.723775
0.733250
0.737650
0.737925
0.743600
0.745975
0.747175
0.757225
0.769525
0.772125
0.778575
0.783075
0.795000
0.796725
0.806575
0.811925
0.812500
0.822050
0.829050
0.836225
0.847575
0.850075
0.853775
0.858325
0.866925
0.878450
0.878775
0.887375
0.903500
0.935325
0.941150
0.942375
0.961275
0.974450
0.976475
0.981725
0.988100
1.002050
1.005925
1.024700
1.042075
1.042125
1.042750
1.047425
1.049575
1.052300
1.055425
1.056650
1.079700
1.103400
1.106275
1.110200
1.115800
1.137425
1.146550
1.147025
1.147750
1.166000
1.203175
1.222000
1.248200
1.269000
1.271775
1.285650
1.293025
1.392625
1.422200
1.423650
1.436500
1.461875
1.462775
1.494575
1.525500
1.534900
1.561825
1.572775
1.670100
1.725825
1.735600
1.841725
1.918300
2.013025
2.051675
2.078175
2.138050
2.306850
2.460050
239
