0.004225
0.006625
0.011300
0.014625
0.024825
0.035700
0.043200
0.046500
0.060750
0.065125
0.066100
0.067850
0.073975
0.075300
0.077525
0.078300
0.080575
0.090325
0.109275
0.112650
0.115250
0.125325
0.133800
0.135225
0.138950
0.145050
0.152150
0.153400
0.168125
0.170600
0.173000
0.173575
0.177900
0.189050
0.190200
0.194350
0.196450
0.207825
0.209425
0.211350
0.217800
0.220850
0.227675
0.233950
0.235525
0.243000
0.249975
0.253850
0.269025
0.276075
0.278100
0.282875
0.284175
0.290475
0.292775
0.294100
0.294275
0.304500
0.309525
0.313950
0.320425
0.324325
0.324950
0.326900
0.336125
0.338775
0.338975
0.346600
0.353175
0.353600
0.355675
0.365550
0.375400
0.390775
0.391950
0.393950
0.395375
0.396425
0.398925
0.406075
0.417275
0.417525
0.418225
0.422425
0.430050
0.434025
0.441150
0.445775
0.447175
0.447425
0.448725
0.452725
0.453200
0.455650
0.459900
0.460425
0.473475
0.479125
0.491450
0.493200
0.493600
0.509925
0.517775
0.518100
0.522750
0.524700
0.533325
0.553900
0.557625
0.559700
0.567400
0.575625
0.579800
0.583750
0.586425
0.589475
0.593050
0.593700
0.597325
0.602375
0.604475
0.618450
0.625925
0.628300
0.630975
0.632100
0.632825
0.633700
0.641925
0.646350
0.651750
0.655150
0.656075
0.656850
0.657250
0.657250
0.668100
0.670025
0.672850
0.674200
0.682750
0.682850
0.687875
0.690300
0.694075
0.702475
0.702750
0.703725
0.717425
0.722950
0.726400
0.729625
0.729725
0.730900
0.742775
0.749375
0.749425
0.751250
0.757350
0.758425
0.759450
0.761400
0.768600
0.772750
0.775075
0.775575
0.780475
0.783800
0.788575
0.799450
0.807975
0.810775
0.813300
0.815350
0.827825
0.831425
0.835200
0.835200
0.843075
0.848700
0.858850
0.864525
0.869825
0.871925
0.877775
0.886375
0.894200
0.894725
0.898425
0.899100
0.906400
0.906725
0.910200
0.926325
0.934625
0.936500
0.942450
0.946925
0.957600
0.967875
0.976600
0.998450
1.016850
1.018275
1.019075
1.022825
1.043275
1.058200
1.064700
1.082800
1.084750
1.091350
1.098825
1.109350
1.118025
1.118625
1.118825
1.127850
1.129875
1.136500
1.145475
1.191900
1.199975
1.208225
1.239600
1.245500
1.251100
1.253000
1.266875
1.273900
1.297250
1.323200
1.344225
1.364500
1.413850
1.472125
1.523900
1.540325
1.547925
1.594150
1.627275
1.646575
1.758500
1.766075
1.842625
1.865500
1.930350
2.084700
2.090700
2.153875
250
