0.009375
0.020700
0.021750
0.022075
0.022875
0.023975
0.025150
0.027300
0.028600
0.031375
0.033250
0.035000
0.046875
0.055275
0.058225
0.060175
0.065025
0.066275
0.067475
0.077775
0.078550
0.079150
0.082900
0.095550
0.102000
0.102550
0.109525
0.110725
0.114275
0.117800
0.119950
0.122900
0.122900
0.140350
0.141300
0.142150
0.145475
0.149975
0.156250
0.156750
0.156950
0.157925
0.159775
0.164125
0.164175
0.172525
0.179475
0.183650
0.191175
0.191700
0.191950
0.198150
0.198275
0.206625
0.214450
0.218150
0.227300
0.228700
0.232275
0.233800
0.235325
0.239575
0.240850
0.242750
0.245275
0.253950
0.257675
0.261100
0.265950
0.278575
0.286225
0.286975
0.288625
0.293800
0.300900
0.314775
0.319425
0.322750
0.323000
0.324925
0.327875
0.331300
0.332525
0.335175
0.355400
0.358325
0.361125
0.364500
0.368200
0.369525
0.374575
0.378375
0.382250
0.382400
0.382750
0.383475
0.396150
0.402575
0.403325
0.405125
0.418625
0.420550
0.421825
0.423375
0.426675
0.434800
0.439075
0.442525
0.445750
0.447900
0.451700
0.452250
0.461025
0.466175
0.472550
0.475100
0.484250
0.484625
0.485125
0.490075
0.490450
0.492825
0.496300
0.497925
0.502700
0.503625
0.505800
0.510675
0.511725
0.514775
0.516625
0.519475
0.524350
0.531575
0.532600
0.536375
0.537925
0.543425
0.544600
0.551125
0.552200
0.554875
0.557475
0.560200
0.575250
0.584650
0.587525
0.590475
0.590525
0.593675
0.601525
0.603225
0.607250
0.608425
0.618275
0.624250
0.629700
0.632175
0.633125
0.635700
0.635800
0.640600
0.660250
0.661825
0.665700
0.672750
0.672750
0.674400
0.686750
0.687200
0.692650
0.702550
0.706225
0.713900
0.717300
0.729425
0.733125
0.737000
0.740700
0.741325
0.748425
0.751175
0.758275
0.768525
0.769225
0.773075
0.773800
0.775100
0.777775
0.779650
0.795650
0.795775
0.798075
0.805550
0.810175
0.813900
0.814700
0.820050
0.825525
0.830400
0.834325
0.838900
0.847125
0.847950
0.857000
0.860025
0.870600
0.890425
0.894825
0.897250
0.902275
0.908850
0.921500
0.941175
0.947300
0.949075
0.958850
0.967150
0.969475
0.977750
0.978925
0.991475
1.005150
1.010775
1.016025
1.020775
1.023975
1.035375
1.038075
1.054775
1.054850
1.078650
1.105025
1.121350
1.130500
1.144875
1.177550
1.182550
1.195600
1.237125
1.251700
1.252575
1.252875
1.274925
1.286150
1.288325
1.317275
1.320300
1.344975
1.346275
1.348675
1.358125
1.380425
1.385025
1.452500
1.470800
1.704225
1.737275
1.904175
1.913425
1.991525
2.018725
2.085675
2.173800
2.466800
265
