0.005050
0.007575
0.010025
0.038725
0.040850
0.041500
0.042475
0.051400
0.057100
0.058725
0.068675
0.071075
0.073900
0.074975
0.080175
0.081375
0.082400
0.082750
0.084800
0.086275
0.091350
0.091500
0.092125
0.093050
0.095475
0.101925
0.103350
0.111675
0.114600
0.116650
0.122500
0.123725
0.124100
0.125625
0.133500
0.137400
0.142250
0.144375
0.148775
0.149025
0.153700
0.160575
0.164500
0.165450
0.167725
0.178500
0.180900
0.182100
0.183425
0.189900
0.191525
0.196325
0.198125
0.199550
0.207225
0.207975
0.212050
0.215675
0.222825
0.231000
0.231050
0.231725
0.232100
0.237825
0.247775
0.255750
0.256100
0.257500
0.258850
0.262600
0.263225
0.285500
0.293175
0.295550
0.298825
0.310100
0.311725
0.313575
0.317225
0.320000
0.321375
0.323075
0.337925
0.339850
0.350000
0.350925
0.357250
0.366350
0.372525
0.377500
0.378300
0.378975
0.379875
0.380525
0.393950
0.396050
0.397475
0.400850
0.403150
0.406900
0.407650
0.412600
0.416400
0.419050
0.420225
0.439325
0.445275
0.451875
0.456650
0.463400
0.469800
0.471700
0.471900
0.476225
0.485800
0.495850
0.498900
0.500950
0.505500
0.506500
0.510525
0.510800
0.511025
0.512425
0.513525
0.514350
0.514575
0.515575
0.518500
0.518975
0.523975
0.526450
0.529450
0.529475
0.534300
0.538050
0.550775
0.552175
0.558375
0.560875
0.567675
0.567700
0.569550
0.570175
0.571400
0.572150
0.573400
0.583050
0.615275
0.616000
0.618100
0.631025
0.631425
0.632575
0.633700
0.638025
0.642325
0.642475
0.645075
0.650425
0.652525
0.655550
0.669200
0.672800
0.688900
0.695450
0.698150
0.699025
0.701275
0.706000
0.711300
0.722125
0.723650
0.731475
0.733300
0.742100
0.743550
0.746175
0.751175
0.751450
0.753725
0.754700
0.761025
0.762075
0.762425
0.765575
0.771400
0.779775
0.784900
0.784975
0.795475
0.799975
0.803450
0.804025
0.814975
0.815200
0.817975
0.825225
0.828950
0.834050
0.843000
0.843950
0.846175
0.859550
0.862250
0.867700
0.875425
0.878800
0.880575
0.884575
0.884775
0.890300
0.906625
0.914575
0.918300
0.921200
0.926425
0.929825
0.942925
0.960875
0.969400
0.976750
0.983125
0.983125
0.985300
0.989375
0.991400
1.001725
1.002000
1.007900
1.019575
1.024975
1.038075
1.044500
1.057125
1.062825
1.072175
1.114750
1.129225
1.137725
1.141000
1.148800
1.160600
1.185650
1.191500
1.246000
1.282200
1.287650
1.295900
1.296175
1.302000
1.302600
1.321950
1.328050
1.340950
1.346475
1.353900
1.358500
1.367900
1.370575
1.381700
1.383100
1.396125
1.448700
1.468800
1.483125
1.558750
1.584600
1.613000
1.625975
1.631900
1.637175
1.681450
1.711875
1.732075
1.738625
1.799475
1.944400
1.984350
2.039650
2.120800
281
