0.008900
0.017750
0.017775
0.020100
0.024175
0.027575
0.037925
0.041150
0.041800
0.044150
0.046525
0.049300
0.058725
0.062575
0.066825
0.072150
0.087300
0.097750
0.102500
0.105350
0.107550
0.113425
0.127500
0.127600
0.130800
0.138625
0.146150
0.147025
0.149000
0.151250
0.152325
0.155025
0.155425
0.163125
0.171475
0.172375
0.182525
0.191925
0.193675
0.203150
0.203275
0.206825
0.206925
0.220025
0.220650
0.229475
0.242850
0.248425
0.253425
0.259700
0.261125
0.261650
0.261750
0.269750
0.272775
0.275450
0.280900
0.287050
0.287175
0.292825
0.295800
0.315500
0.317800
0.321375
0.323375
0.325825
0.334325
0.340250
0.341325
0.345975
0.347475
0.354675
0.357300
0.361825
0.365750
0.376500
0.376950
0.378925
0.387150
0.388700
0.399725
0.400600
0.401700
0.412975
0.413625
0.413950
0.415750
0.423150
0.426500
0.431825
0.442000
0.446700
0.451525
0.451600
0.466975
0.467825
0.469550
0.478700
0.483900
0.486625
0.487550
0.490325
0.491800
0.497150
0.509875
0.510950
0.527875
0.564250
0.573950
0.578150
0.578525
0.586725
0.587125
0.589050
0.606500
0.622725
0.629325
0.636200
0.643800
0.650925
0.664950
0.666250
0.667450
0.681400
0.701600
0.715725
0.720050
0.723475
0.723950
0.726150
0.732225
0.737175
0.738225
0.738775
0.739275
0.752850
0.756725
0.762275
0.763250
0.779350
0.780225
0.788375
0.788600
0.793725
0.799625
0.802650
0.805050
0.809025
0.818750
0.823575
0.825350
0.840500
0.854375
0.856750
0.856950
0.859575
0.861775
0.869150
0.880250
0.887875
0.891850
0.894325
0.901125
0.919750
0.926350
0.929025
0.937525
0.939025
0.960750
0.967125
0.983150
0.994950
1.007425
1.009500
1.016975
1.018975
1.027850
1.032175
1.036050
1.047925
1.059225
1.064500
1.083400
1.084050
1.104925
1.107425
1.116825
1.138100
1.170100
1.172000
1.187775
1.212850
1.223100
1.238975
1.245875
1.252125
1.258700
1.264950
1.311550
1.348925
1.354275
1.359250
1.381625
1.382025
1.391600
1.403550
1.427950
1.433500
1.438500
1.445450
1.461800
1.467875
1.505700
1.533600
1.731225
1.743800
1.829850
1.840000
1.843175
1.973175
2.067750
2.106875
2.186750
2.370125
224
