0.015250
0.016100
0.024925
0.031725
0.042075
0.043925
0.060450
0.065825
0.070800
0.072850
0.080375
0.081025
0.086100
0.088950
0.112600
0.116900
0.119625
0.128550
0.133175
0.135175
0.141225
0.145925
0.146375
0.148650
0.149100
0.150600
0.151950
0.153325
0.156400
0.161050
0.166375
0.169500
0.169525
0.172500
0.179925
0.183900
0.184500
0.195900
0.196825
0.197350
0.203700
0.210450
0.212200
0.213000
0.213375
0.222575
0.223150
0.224325
0.228100
0.228450
0.229000
0.231125
0.246050
0.246900
0.253825
0.257325
0.272000
0.274250
0.277200
0.278575
0.280000
0.280700
0.280900
0.289000
0.289875
0.302000
0.302350
0.304625
0.307550
0.312950
0.317250
0.321675
0.322150
0.323950
0.326175
0.327550
0.330175
0.332800
0.335275
0.335325
0.341650
0.342775
0.361300
0.364675
0.370850
0.375325
0.376050
0.376225
0.379150
0.380450
0.391225
0.393400
0.403000
0.404525
0.405600
0.408950
0.409050
0.411375
0.412575
0.417250
0.423525
0.427425
0.435750
0.437925
0.440725
0.449200
0.450250
0.450350
0.452425
0.458725
0.472925
0.473475
0.474075
0.477750
0.484325
0.485075
0.489375
0.491550
0.503800
0.506375
0.533525
0.539575
0.541600
0.547500
0.547850
0.551325
0.551825
0.554625
0.555075
0.561225
0.563400
0.564450
0.569125
0.570000
0.570100
0.576700
0.581775
0.584975
0.587050
0.588150
0.591775
0.592650
0.593250
0.596375
0.605600
0.608550
0.610925
0.623300
0.629300
0.638075
0.645450
0.648075
0.649050
0.652000
0.658075
0.658975
0.660450
0.661750
0.667250
0.669075
0.677350
0.686950
0.687200
0.711200
0.712175
0.712950
0.713150
0.713425
0.718700
0.719800
0.740350
0.741775
0.744925
0.750050
0.751125
0.752275
0.753275
0.755050
0.758725
0.763025
0.765450
0.779575
0.782600
0.786075
0.790500
0.801550
0.804250
0.815975
0.816725
0.816950
0.818225
0.825525
0.832650
0.834675
0.840775
0.844125
0.845025
0.851975
0.856300
0.859025
0.863550
0.865825
0.872100
0.872350
0.897950
0.906450
0.910575
0.913975
0.935575
0.954675
0.956650
0.962300
0.969625
0.973300
0.982425
0.987050
0.987900
0.994250
0.994350
0.996225
1.006525
1.071050
1.073025
1.082825
1.102625
1.121500
1.137150
1.138625
1.140450
1.142525
1.155825
1.161000
1.175750
1.176875
1.179825
1.197000
1.232225
1.233550
1.251175
1.346100
1.368150
1.370625
1.376925
1.388550
1.415925
1.424625
1.503550
1.536775
1.561050
1.717675
1.832900
1.896125
1.931150
2.046200
2.053200
2.225225
2.441325
257
