0.001800
0.002700
0.004075
0.006525
0.008375
0.030025
0.035850
0.037675
0.044750
0.059625
0.063450
0.072850
0.072900
0.075075
0.075350
0.092350
0.101275
0.109675
0.110150
0.119450
0.125150
0.140750
0.146100
0.153800
0.156850
0.159375
0.180975
0.181950
0.185050
0.186575
0.192900
0.195325
0.200325
0.208850
0.210050
0.212450
0.212600
0.225175
0.233675
0.239050
0.241675
0.243475
0.246825
0.248725
0.250250
0.257750
0.259925
0.278800
0.279000
0.279400
0.287625
0.290325
0.304675
0.308350
0.308400
0.313200
0.314825
0.319225
0.325875
0.329425
0.332750
0.339625
0.343575
0.346125
0.350350
0.351525
0.353700
0.355275
0.358150
0.367000
0.369900
0.386650
0.391900
0.398475
0.404450
0.407100
0.413825
0.421400
0.427125
0.430775
0.432000
0.435325
0.440000
0.448025
0.460775
0.461925
0.470250
0.481075
0.484075
0.486625
0.489575
0.494350
0.496700
0.500575
0.512425
0.522900
0.524300
0.524650
0.526425
0.537600
0.548075
0.549000
0.549150
0.550600
0.552900
0.555050
0.555575
0.555900
0.561475
0.562975
0.564425
0.565975
0.570025
0.572250
0.573725
0.579625
0.587350
0.587825
0.591475
0.595875
0.596000
0.596225
0.598975
0.612050
0.612600
0.621975
0.625450
0.631825
0.638850
0.642650
0.645650
0.650275
0.650450
0.652625
0.654050
0.656225
0.659500
0.682350
0.689775
0.690750
0.693650
0.696950
0.698900
0.699750
0.702100
0.707725
0.713400
0.717325
0.724775
0.728500
0.736300
0.737575
0.738900
0.739850
0.748225
0.749100
0.749975
0.754250
0.756875
0.760075
0.761150
0.765200
0.769650
0.778400
0.782075
0.787600
0.789300
0.792025
0.793100
0.802250
0.803225
0.808150
0.815125
0.821500
0.822125
0.823075
0.823275
0.825425
0.826525
0.827100
0.829325
0.830625
0.836675
0.841575
0.847050
0.847150
0.871775
0.871825
0.908550
0.914800
0.915850
0.918925
0.931075
0.943750
0.950800
0.958050
0.969200
0.981200
0.983800
1.000425
1.006200
1.009150
1.013125
1.014250
1.017850
1.019000
1.026125
1.047575
1.053800
1.055550
1.063975
1.069950
1.075125
1.078925
1.112650
1.115450
1.121225
1.121950
1.133950
1.135575
1.185625
1.191775
1.200225
1.221350
1.229350
1.247425
1.247625
1.297750
1.300675
1.347300
1.358125
1.358450
1.377575
1.378825
1.399700
1.412225
1.419375
1.475025
1.483650
1.509325
1.518475
1.527725
1.621900
1.684700
1.723100
1.766900
1.841475
1.919225
1.931675
2.002850
2.018000
2.089800
2.445850
253
