0.000225
0.001750
0.009050
0.029975
0.037300
0.044300
0.056225
0.058125
0.059725
0.061825
0.062800
0.064625
0.067475
0.070125
0.071575
0.092625
0.095600
0.096250
0.098500
0.099625
0.103150
0.108450
0.110525
0.110825
0.118450
0.123250
0.126925
0.130150
0.141275
0.145025
0.148750
0.160275
0.176150
0.189675
0.209300
0.214725
0.222225
0.222475
0.225325
0.232625
0.239225
0.254500
0.266425
0.266500
0.267200
0.269800
0.270450
0.271100
0.271150
0.271250
0.271500
0.272300
0.274350
0.280600
0.301975
0.302750
0.308650
0.310975
0.314750
0.327475
0.335025
0.341375
0.346450
0.349675
0.349950
0.362275
0.369925
0.375375
0.388550
0.389475
0.395400
0.398650
0.404750
0.410650
0.413225
0.416675
0.424650
0.425400
0.430525
0.432125
0.433300
0.451150
0.480525
0.486300
0.487100
0.489100
0.489600
0.493400
0.498225
0.498425
0.498600
0.500675
0.504525
0.507025
0.517800
0.521850
0.525975
0.533300
0.542025
0.550100
0.550450
0.550575
0.552275
0.553800
0.567150
0.567575
0.571475
0.579375
0.580575
0.586550
0.586700
0.594350
0.594525
0.597650
0.600100
0.605425
0.607425
0.608900
0.612050
0.612800
0.615175
0.616000
0.624050
0.624400
0.625550
0.629200
0.630975
0.634050
0.636100
0.641700
0.642250
0.646700
0.647775
0.650800
0.655550
0.658375
0.658575
0.658600
0.667925
0.675000
0.678675
0.680325
0.683325
0.685725
0.695725
0.700600
0.701325
0.702925
0.713650
0.713900
0.715200
0.719050
0.719825
0.720625
0.721475
0.723350
0.723525
0.725875
0.728425
0.741325
0.746675
0.747225
0.751325
0.755450
0.756325
0.756850
0.764325
0.773750
0.773850
0.777500
0.785200
0.788225
0.789650
0.789975
0.792450
0.796400
0.807800
0.808575
0.815575
0.820750
0.830275
0.831775
0.835625
0.846025
0.847725
0.853075
0.855875
0.855900
0.862175
0.862675
0.864275
0.865675
0.880025
0.894300
0.898300
0.906425
0.906900
0.927300
0.927800
0.930950
0.938550
0.958425
0.974525
0.996025
1.002025
1.027875
1.033325
1.034475
1.041525
1.058200
1.075800
1.099825
1.150700
1.164775
1.173125
1.194775
1.198675
1.204900
1.208550
1.209875
1.225475
1.227500
1.234425
1.257375
1.287675
1.288850
1.288975
1.316725
1.348725
1.371500
1.382325
1.411025
1.462950
1.565950
1.592975
1.683875
1.687875
1.726700
1.768675
1.772675
1.797275
1.917325
1.928375
1.970975
2.015275
2.089950
2.164675
2.212425
2.232050
2.444875
2.455275
251
