0.003025
0.006400
0.007825
0.009275
0.009500
0.012600
0.028225
0.030775
0.034450
0.034850
0.039825
0.042975
0.044650
0.054850
0.056675
0.061450
0.068775
0.073750
0.078550
0.082275
0.083025
0.096200
0.112025
0.116725
0.117900
0.120900
0.144550
0.146600
0.150600
0.152675
0.154475
0.158125
0.164950
0.166975
0.181150
0.184875
0.192925
0.193775
0.196150
0.200375
0.202750
0.207925
0.209975
0.214725
0.215450
0.216875
0.219600
0.219725
0.224425
0.228050
0.234725
0.239000
0.239850
0.241900
0.251050
0.255275
0.261725
0.267025
0.269975
0.274275
0.285350
0.287725
0.287900
0.288950
0.295350
0.297750
0.302550
0.303150
0.307200
0.309525
0.309550
0.315175
0.317150
0.327500
0.328325
0.338300
0.339350
0.357675
0.360850
0.361150
0.364350
0.366450
0.372575
0.376650
0.382050
0.384850
0.393050
0.395025
0.397400
0.397650
0.408000
0.409375
0.411475
0.412050
0.418650
0.420275
0.428325
0.431375
0.434150
0.436500
0.446525
0.446625
0.448275
0.449225
0.452350
0.456275
0.466025
0.473850
0.476700
0.476975
0.481300
0.483650
0.489625
0.498350
0.503400
0.508125
0.509125
0.512400
0.519200
0.531875
0.532450
0.535850
0.541150
0.546125
0.547700
0.552950
0.573150
0.573450
0.579600
0.580250
0.581950
0.594275
0.594450
0.601450
0.611425
0.615550
0.620975
0.625725
0.634350
0.635725
0.639800
0.644600
0.647625
0.656250
0.661425
0.662200
0.670275
0.673425
0.674950
0.694225
0.704900
0.707950
0.711900
0.712200
0.713275
0.716875
0.721275
0.724400
0.729250
0.737750
0.744950
0.745400
0.745525
0.747250
0.748925
0.753325
0.778250
0.782750
0.787300
0.788525
0.796925
0.799500
0.806275
0.815575
0.828900
0.829925
0.830675
0.835475
0.837025
0.839825
0.849925
0.851550
0.857225
0.862225
0.862975
0.866275
0.869275
0.875950
0.882925
0.909825
0.938475
0.951400
0.965400
0.970500
0.972550
0.974150
0.976475
0.985650
1.004750
1.009625
1.014875
1.017300
1.036350
1.045925
1.057650
1.067925
1.074925
1.076775
1.088700
1.090800
1.106300
1.136850
1.137550
1.142475
1.148950
1.157425
1.168525
1.194000
1.229125
1.231825
1.233450
1.238700
1.241175
1.272450
1.285000
1.288575
1.302725
1.311775
1.328000
1.339450
1.361700
1.362700
1.370425
1.384775
1.385075
1.388350
1.408650
1.425650
1.457300
1.519450
1.527325
1.561550
1.564025
1.606625
1.627175
1.667700
1.681900
1.728975
248
