0.001600
0.003825
0.006325
0.020625
0.026875
0.031900
0.035025
0.036075
0.037525
0.038175
0.045275
0.046700
0.047425
0.055050
0.059300
0.059950
0.061950
0.075350
0.083575
0.095600
0.097250
0.105775
0.115175
0.115850
0.126075
0.130475
0.131550
0.137750
0.140100
0.165675
0.170175
0.174425
0.179375
0.188900
0.193975
0.199900
0.202325
0.206575
0.210700
0.211025
0.213575
0.214725
0.215650
0.223500
0.223900
0.231425
0.231475
0.234750
0.242150
0.250575
0.257700
0.259175
0.276025
0.281200
0.291625
0.294125
0.301550
0.303150
0.306350
0.311600
0.313425
0.317125
0.322950
0.340000
0.340700
0.349725
0.356450
0.358300
0.367375
0.382975
0.385800
0.393950
0.394025
0.394700
0.396800
0.402150
0.409275
0.423850
0.432775
0.434450
0.442225
0.443450
0.446925
0.455350
0.456650
0.458750
0.460650
0.464450
0.464650
0.480425
0.481225
0.482675
0.483775
0.484550
0.489250
0.496325
0.502500
0.505550
0.510400
0.514700
0.516575
0.517375
0.518725
0.521925
0.529275
0.534250
0.535550
0.537075
0.538950
0.542450
0.561775
0.564975
0.567225
0.569475
0.571025
0.571150
0.576100
0.578675
0.584275
0.589775
0.590400
0.592250
0.595800
0.603250
0.603825
0.603825
0.606775
0.610725
0.611350
0.620375
0.631275
0.634325
0.634725
0.637450
0.639875
0.643000
0.648725
0.650825
0.655175
0.657050
0.665225
0.667575
0.668850
0.671425
0.672800
0.683400
0.690875
0.696000
0.699100
0.699750
0.702625
0.708475
0.711625
0.712300
0.714550
0.717525
0.722125
0.723400
0.727225
0.729000
0.742950
0.749375
0.749725
0.767700
0.770725
0.776325
0.780150
0.788050
0.800900
0.804525
0.815950
0.833525
0.836275
0.836325
0.837400
0.839575
0.843725
0.849225
0.859700
0.860525
0.873600
0.886575
0.889050
0.892025
0.907325
0.907675
0.921250
0.923225
0.943925
0.946575
0.972650
0.980225
0.984075
0.985375
0.985700
0.996375
0.996650
1.018650
1.044250
1.044425
1.048300
1.079275
1.084200
1.094200
1.097975
1.117700
1.120750
1.142150
1.143550
1.160375
1.165675
1.169400
1.170625
1.190300
1.191175
1.206400
1.213150
1.216000
1.221125
1.222675
1.229875
1.245850
1.274800
1.286275
1.291750
1.310175
1.333200
1.361675
1.362025
1.441075
1.441225
1.442150
1.486350
1.494975
1.502375
1.532325
1.541675
1.636575
1.650600
1.665925
1.677400
1.728650
1.764525
1.773025
1.807500
1.846700
2.110325
2.119475
2.179950
2.317050
250
