0.002075
0.013875
0.021950
0.025550
0.029225
0.035175
0.035225
0.036475
0.037675
0.040950
0.044800
0.045975
0.049775
0.051725
0.053225
0.057750
0.058925
0.061650
0.064050
0.076700
0.077850
0.080475
0.080975
0.082325
0.084200
0.089075
0.101025
0.103750
0.113200
0.118150
0.118825
0.119975
0.120775
0.124925
0.125975
0.133575
0.136675
0.141925
0.146900
0.148500
0.150750
0.156550
0.157950
0.163775
0.191350
0.196400
0.196825
0.197950
0.198575
0.200775
0.207850
0.215350
0.218100
0.219175
0.220800
0.221750
0.224750
0.230550
0.240050
0.244375
0.251350
0.255100
0.258175
0.264675
0.266150
0.270100
0.270350
0.280175
0.285100
0.293800
0.295225
0.296900
0.297850
0.298750
0.299525
0.303725
0.306825
0.328525
0.328625
0.332975
0.335225
0.340075
0.340075
0.343625
0.346050
0.347025
0.350550
0.351075
0.353025
0.357825
0.363325
0.367725
0.368050
0.368150
0.371375
0.373175
0.374125
0.379425
0.380925
0.381425
0.384950
0.386925
0.388000
0.396000
0.396275
0.399550
0.408225
0.409250
0.412800
0.415900
0.417750
0.427075
0.428900
0.431450
0.431975
0.439550
0.442775
0.448275
0.462850
0.473450
0.480650
0.483275
0.491000
0.494825
0.495075
0.504025
0.507375
0.508875
0.513475
0.519100
0.520775
0.522250
0.532225
0.533925
0.538700
0.545225
0.546175
0.560975
0.563450
0.566600
0.569450
0.571875
0.575800
0.577850
0.579175
0.585025
0.588225
0.592450
0.596125
0.596550
0.600075
0.601875
0.603775
0.607850
0.607925
0.615125
0.624325
0.635075
0.638450
0.641850
0.644500
0.656025
0.656200
0.667450
0.670925
0.673900
0.675775
0.681075
0.683250
0.689625
0.690200
0.697875
0.698175
0.701775
0.717500
0.717725
0.723350
0.723500
0.738125
0.741075
0.750925
0.752775
0.756125
0.760075
0.766250
0.767600
0.771625
0.773650
0.777025
0.780600
0.784700
0.787750
0.789125
0.799675
0.824425
0.842125
0.842725
0.866950
0.873625
0.877375
0.884175
0.899625
0.909600
0.915325
0.927525
0.935650
0.964525
0.967125
0.970775
0.974550
0.974875
0.978800
1.009025
1.044700
1.050050
1.075525
1.082075
1.108950
1.120575
1.136925
1.156025
1.156075
1.171275
1.177450
1.188775
1.236550
1.252050
1.263600
1.282800
1.367500
1.378875
1.435875
1.449425
1.473850
1.478400
1.483150
1.519300
1.527975
1.548400
1.649500
1.682800
1.720850
1.777400
1.817125
1.870050
2.072650
2.080125
2.211250
2.286275
249
