0.003675
0.004250
0.010125
0.014150
0.014900
0.016200
0.016525
0.019025
0.020075
0.022850
0.041050
0.042400
0.045650
0.055625
0.059400
0.068350
0.069150
0.073150
0.077925
0.082625
0.083425
0.084250
0.092550
0.095000
0.100925
0.101800
0.109550
0.110375
0.120200
0.121700
0.126700
0.130850
0.132050
0.136875
0.139375
0.151600
0.154850
0.165750
0.167300
0.169500
0.173250
0.173550
0.179725
0.183550
0.190325
0.194625
0.195075
0.199100
0.205075
0.207300
0.212150
0.213425
0.220125
0.222025
0.226225
0.227975
0.229900
0.231150
0.234225
0.239200
0.239900
0.244300
0.256575
0.257825
0.265025
0.266350
0.267625
0.278125
0.280050
0.294150
0.296375
0.300200
0.304175
0.319200
0.319875
0.322650
0.329200
0.334800
0.345350
0.350475
0.352575
0.355975
0.359225
0.360300
0.362025
0.386000
0.386675
0.390375
0.392500
0.401250
0.409225
0.411550
0.417125
0.436100
0.445525
0.464200
0.470750
0.471150
0.472975
0.476200
0.483475
0.483750
0.489200
0.497850
0.497850
0.499125
0.500575
0.503700
0.514150
0.515550
0.516975
0.522975
0.524625
0.531550
0.534250
0.536025
0.537600
0.543150
0.546750
0.548100
0.552075
0.553075
0.554175
0.558725
0.569725
0.573325
0.575075
0.575650
0.575775
0.577450
0.583225
0.590325
0.595800
0.599600
0.610875
0.620625
0.620975
0.621525
0.625600
0.641150
0.643500
0.648425
0.655750
0.658900
0.659150
0.659625
0.660350
0.671600
0.672575
0.678550
0.682725
0.685300
0.689825
0.690575
0.691350
0.691400
0.713300
0.719400
0.720025
0.729950
0.730975
0.739925
0.744475
0.747600
0.748100
0.749200
0.751100
0.755975
0.766825
0.771125
0.775225
0.778200
0.779250
0.788675
0.793150
0.795425
0.804725
0.805975
0.821525
0.826050
0.834100
0.847125
0.850075
0.850750
0.853575
0.866350
0.868925
0.877950
0.878425
0.898400
0.899125
0.900100
0.911100
0.914350
0.919875
0.931350
0.931425
0.945025
0.945950
0.947875
0.949875
0.953825
0.969425
0.976425
0.986625
0.992400
1.006500
1.013125
1.014550
1.036500
1.049925
1.059375
1.059650
1.065975
1.086775
1.091925
1.118200
1.131550
1.136025
1.146625
1.150500
1.166275
1.170150
1.176675
1.191125
1.228475
1.232050
1.279275
1.285250
1.293625
1.300750
1.301200
1.321675
1.440150
1.457050
1.461425
1.474075
1.524100
1.580350
1.599925
1.606625
1.641075
1.644425
1.648925
1.654450
1.668475
1.714925
1.735400
1.813825
1.841550
1.881575
1.885600
1.946075
1.991050
254
