0.003350
0.004075
0.005075
0.006150
0.007450
0.009925
0.011975
0.013075
0.027675
0.029975
0.033725
0.036650
0.038575
0.043325
0.048550
0.057100
0.066250
0.074300
0.082475
0.086025
0.092850
0.093450
0.098250
0.099750
0.100175
0.101075
0.106350
0.108125
0.114125
0.117325
0.118300
0.127025
0.130250
0.149700
0.155675
0.156825
0.162875
0.166500
0.168650
0.170450
0.171125
0.174225
0.179825
0.184525
0.190325
0.202975
0.204650
0.207200
0.220625
0.225100
0.225475
0.236900
0.240700
0.241050
0.243900
0.244275
0.244800
0.248875
0.258300
0.262250
0.262325
0.264400
0.265650
0.266250
0.274575
0.274875
0.277625
0.279050
0.280350
0.286475
0.297900
0.301650
0.310700
0.312975
0.316575
0.331300
0.333350
0.341050
0.341475
0.342775
0.343500
0.344200
0.353900
0.354900
0.359775
0.361700
0.361900
0.363650
0.364150
0.373000
0.374325
0.374475
0.376175
0.376350
0.384025
0.399000
0.412000
0.423725
0.424125
0.440375
0.441000
0.441075
0.452175
0.454100
0.455450
0.459525
0.462025
0.463825
0.467975
0.468275
0.474925
0.475200
0.476225
0.481775
0.506225
0.509575
0.515475
0.517925
0.520200
0.522450
0.524750
0.536925
0.538725
0.541400
0.551225
0.560500
0.564750
0.564750
0.567125
0.568550
0.571950
0.574175
0.577625
0.587250
0.589250
0.590225
0.595275
0.596050
0.603800
0.604550
0.610075
0.610725
0.612475
0.614325
0.642775
0.643050
0.647800
0.657700
0.661275
0.666400
0.666475
0.667000
0.667650
0.668025
0.669075
0.669900
0.675250
0.675725
0.677375
0.678325
0.679950
0.687925
0.690175
0.705750
0.712475
0.719125
0.731100
0.737175
0.739575
0.741600
0.741700
0.743700
0.744750
0.745475
0.768900
0.774525
0.774925
0.776275
0.778575
0.788625
0.792425
0.802450
0.811150
0.817000
0.828225
0.831725
0.840650
0.842675
0.845950
0.852350
0.854050
0.864200
0.867000
0.876625
0.901600
0.902700
0.904575
0.909600
0.919050
0.922400
0.924450
0.936025
0.937500
0.954475
0.967750
0.970875
0.975200
0.975250
0.982250
0.994275
1.025900
1.031550
1.037050
1.046050
1.050700
1.055450
1.084025
1.089750
1.100600
1.114250
1.117775
1.146350
1.158975
1.185500
1.201875
1.203750
1.233400
1.244950
1.251850
1.252250
1.267350
1.270150
1.277550
1.354900
1.363700
1.390000
1.395550
1.398950
1.404175
1.438925
1.497775
1.509050
1.541225
1.575025
1.595075
1.657350
1.702100
1.732600
1.781825
1.859500
1.950575
2.338425
2.407725
2.412075
2.425450
255
