0.008075
0.009300
0.015025
0.023800
0.026125
0.030225
0.033625
0.033775
0.034350
0.034400
0.036475
0.039825
0.040950
0.043225
0.050375
0.053050
0.062025
0.063900
0.064600
0.078950
0.083000
0.083900
0.087725
0.091275
0.103900
0.105700
0.115675
0.125450
0.128725
0.132700
0.134550
0.135400
0.136175
0.139600
0.158650
0.159450
0.161200
0.165500
0.166550
0.166975
0.173975
0.176875
0.177650
0.195825
0.200350
0.200475
0.202000
0.204175
0.208250
0.210000
0.211350
0.211875
0.214450
0.223850
0.240300
0.247300
0.247475
0.258700
0.260175
0.261925
0.264700
0.265225
0.265750
0.268875
0.285175
0.289875
0.296425
0.302425
0.303975
0.312275
0.315075
0.315925
0.315975
0.318700
0.320800
0.326525
0.327350
0.329775
0.333075
0.337150
0.337475
0.339725
0.347000
0.349375
0.350950
0.351850
0.356975
0.357900
0.364200
0.366375
0.372100
0.373975
0.379150
0.382550
0.386225
0.393625
0.403000
0.403850
0.406950
0.409275
0.416975
0.419725
0.424475
0.425075
0.429700
0.429975
0.438575
0.443025
0.443450
0.448675
0.450600
0.451100
0.454625
0.457850
0.459875
0.463900
0.463975
0.464900
0.465000
0.467325
0.467525
0.470625
0.475125
0.478575
0.479050
0.489500
0.489675
0.492325
0.492825
0.494950
0.506125
0.509675
0.510450
0.511475
0.517075
0.520875
0.521850
0.529825
0.536875
0.540325
0.546425
0.548225
0.548425
0.552400
0.558025
0.559750
0.560625
0.562175
0.565675
0.567975
0.568400
0.570600
0.573100
0.573750
0.573925
0.577950
0.581450
0.595550
0.599075
0.616000
0.621150
0.623750
0.624700
0.624825
0.627375
0.628550
0.630200
0.633150
0.637800
0.646450
0.648675
0.649050
0.649675
0.651750
0.664925
0.669400
0.670275
0.670600
0.684075
0.685775
0.685875
0.693025
0.694225
0.700975
0.710975
0.716375
0.716425
0.718775
0.726675
0.733100
0.744725
0.745225
0.753375
0.757600
0.758775
0.765075
0.775475
0.777150
0.784600
0.785350
0.786175
0.808400
0.810925
0.812925
0.813350
0.828975
0.833500
0.845425
0.851525
0.852325
0.861450
0.864375
0.879775
0.888100
0.891675
0.897650
0.905225
0.912675
0.937150
0.938575
0.938575
0.945725
0.948050
0.953350
0.954200
0.965200
0.973900
0.988000
0.989275
0.995250
0.997325
1.003225
1.054825
1.059575
1.060350
1.079100
1.082400
1.093300
1.136100
1.137075
1.161900
1.174525
1.179725
1.189350
1.196025
1.221550
1.259525
1.273700
1.298900
1.305675
1.336125
1.341975
1.380250
1.398075
1.401475
1.423125
1.427725
1.442500
1.442675
1.608000
1.632075
1.635275
1.636600
1.681075
1.744375
1.758325
1.841225
1.868150
1.937700
2.037525
2.073250
2.079225
2.079650
2.258375
274
