0.000300
0.006550
0.006550
0.011250
0.013950
0.014825
0.020700
0.022400
0.028900
0.031700
0.033050
0.035375
0.037925
0.038425
0.041950
0.048275
0.052425
0.054775
0.062225
0.065725
0.076125
0.079300
0.083775
0.087575
0.088550
0.089875
0.096875
0.104250
0.107125
0.107175
0.112175
0.118400
0.121225
0.123475
0.133000
0.133275
0.139950
0.140500
0.142300
0.147325
0.151500
0.152000
0.156625
0.157125
0.164525
0.180850
0.186500
0.188800
0.200175
0.201475
0.204025
0.207600
0.213400
0.217475
0.217675
0.220900
0.222025
0.223075
0.232025
0.232275
0.236200
0.236500
0.243750
0.250925
0.253850
0.264000
0.264375
0.274075
0.292975
0.294625
0.296350
0.296475
0.297525
0.297925
0.299625
0.305975
0.306200
0.306525
0.309650
0.317675
0.319700
0.323575
0.325050
0.334525
0.334750
0.335100
0.343250
0.347875
0.349975
0.350700
0.352375
0.358775
0.362525
0.368475
0.372025
0.377175
0.382900
0.383475
0.385675
0.390275
0.391950
0.392050
0.393500
0.394950
0.396100
0.399100
0.403025
0.408950
0.410175
0.412325
0.415875
0.418250
0.426600
0.430550
0.430975
0.434025
0.441525
0.442850
0.443700
0.446150
0.463725
0.468475
0.468575
0.475400
0.485650
0.487475
0.489050
0.493325
0.495950
0.505825
0.514175
0.515950
0.516025
0.528175
0.531250
0.532875
0.533175
0.544100
0.544375
0.552425
0.554100
0.561125
0.575925
0.581025
0.589050
0.594550
0.604225
0.617900
0.627925
0.629125
0.632875
0.634700
0.635150
0.638450
0.640675
0.648625
0.659075
0.662025
0.662225
0.668775
0.678350
0.679500
0.687625
0.699175
0.701700
0.704900
0.721850
0.730550
0.732125
0.743300
0.746925
0.747100
0.760975
0.762925
0.763150
0.764350
0.764625
0.768050
0.769050
0.775625
0.780025
0.783075
0.785850
0.793675
0.800625
0.801750
0.803900
0.805575
0.813700
0.814425
0.815550
0.826575
0.827525
0.829825
0.832550
0.847300
0.860850
0.864250
0.870050
0.871775
0.874675
0.885325
0.892900
0.896775
0.901325
0.902075
0.917175
0.928575
0.949425
0.958175
0.975525
1.013050
1.021950
1.042900
1.054100
1.074600
1.085925
1.120050
1.125375
1.135900
1.151400
1.155925
1.166150
1.182400
1.182550
1.209475
1.213250
1.235500
1.239125
1.305050
1.306950
1.309550
1.360675
1.391550
1.413125
1.428900
1.490925
1.560700
1.605425
1.615000
1.621175
1.624325
1.642500
1.728225
1.756550
1.812950
1.939400
2.068350
2.115250
2.221850
2.309700
2.402450
2.431200
2.440975
254
