0.000125
0.002550
0.006225
0.008825
0.009800
0.014275
0.018250
0.022450
0.023925
0.027900
0.029600
0.031300
0.034750
0.044975
0.046150
0.061825
0.069025
0.071025
0.075575
0.080200
0.086650
0.091625
0.097200
0.098550
0.104675
0.106350
0.119400
0.122775
0.125275
0.126850
0.135075
0.151225
0.156125
0.166025
0.170550
0.174500
0.196875
0.200150
0.205125
0.209025
0.217650
0.223400
0.223400
0.227225
0.227450
0.231375
0.235125
0.237850
0.240850
0.243075
0.243575
0.263600
0.267350
0.269750
0.281450
0.283650
0.299550
0.301300
0.304875
0.312525
0.312825
0.320575
0.331375
0.334775
0.337400
0.341600
0.343625
0.355800
0.357675
0.358575
0.358950
0.360725
0.363675
0.372400
0.375900
0.383200
0.387525
0.389400
0.393125
0.398300
0.399950
0.408625
0.424725
0.439525
0.445000
0.447350
0.448000
0.449550
0.462275
0.466025
0.471250
0.473875
0.475700
0.477025
0.479425
0.486625
0.486625
0.491425
0.497250
0.512250
0.512600
0.518100
0.519150
0.526125
0.532125
0.534875
0.539925
0.547425
0.553425
0.553600
0.554450
0.567725
0.569100
0.576900
0.585525
0.587325
0.589600
0.594400
0.604400
0.606925
0.608175
0.617025
0.624300
0.630700
0.633150
0.635650
0.638575
0.642950
0.645925
0.647675
0.651075
0.651500
0.654025
0.667600
0.667925
0.673400
0.673675
0.681100
0.681200
0.684800
0.693400
0.693700
0.707750
0.711325
0.718325
0.724975
0.725525
0.750975
0.753925
0.754825
0.758100
0.766975
0.769600
0.770925
0.774900
0.784175
0.786375
0.790325
0.792725
0.822425
0.824300
0.829900
0.831450
0.840800
0.857200
0.868275
0.875125
0.876050
0.877425
0.877850
0.882175
0.887000
0.895350
0.900150
0.909650
0.911825
0.911925
0.915225
0.931800
0.935750
0.946225
0.946425
0.948200
0.955400
0.956725
0.961550
0.963300
0.977975
0.994375
0.995850
1.015325
1.016300
1.023825
1.026400
1.035425
1.048700
1.050150
1.050950
1.074050
1.080575
1.088225
1.091800
1.106625
1.116400
1.122125
1.129925
1.143425
1.147900
1.147925
1.148750
1.158900
1.166175
1.210825
1.261050
1.318600
1.333850
1.334300
1.365775
1.380300
1.387500
1.407225
1.434425
1.456350
1.462150
1.480350
1.484500
1.513825
1.579375
1.584325
1.638350
1.703400
1.745150
1.768150
1.806300
1.824950
1.831100
1.899825
1.989675
2.093125
239
