0.001200
0.005750
0.012300
0.016025
0.027600
0.029725
0.031100
0.032525
0.033575
0.034000
0.049375
0.065125
0.066050
0.066575
0.070925
0.074625
0.076950
0.086375
0.092800
0.107275
0.111300
0.112450
0.114275
0.135475
0.145725
0.145975
0.147550
0.148400
0.151800
0.155025
0.160675
0.163075
0.169250
0.170000
0.170750
0.181625
0.188550
0.197325
0.203100
0.204450
0.205250
0.208075
0.208750
0.220125
0.226700
0.230525
0.239550
0.240525
0.242725
0.244100
0.253775
0.256175
0.256900
0.258975
0.265050
0.265650
0.267750
0.269625
0.272250
0.279150
0.285225
0.294375
0.298575
0.299600
0.302100
0.305675
0.324900
0.331125
0.335550
0.346225
0.346425
0.346750
0.348075
0.352150
0.360075
0.364875
0.365250
0.372600
0.374100
0.375000
0.385600
0.389650
0.390325
0.390975
0.400475
0.400550
0.402475
0.403925
0.407500
0.411800
0.412025
0.414575
0.420500
0.433075
0.440775
0.444925
0.446550
0.449700
0.453800
0.453925
0.460850
0.480950
0.483500
0.492975
0.494250
0.494550
0.496675
0.506350
0.513650
0.516475
0.527075
0.533200
0.535150
0.536250
0.539175
0.540800
0.541000
0.548200
0.550350
0.555325
0.556025
0.558800
0.559500
0.563400
0.575325
0.580600
0.583375
0.583950
0.584800
0.587500
0.588200
0.588975
0.594000
0.603500
0.605500
0.608100
0.611350
0.612275
0.612775
0.613700
0.615025
0.630250
0.639600
0.642150
0.654825
0.656675
0.665175
0.676375
0.677275
0.678600
0.682775
0.687375
0.687825
0.688000
0.689250
0.690775
0.709300
0.711075
0.712050
0.716200
0.719875
0.722975
0.727725
0.732625
0.741975
0.757475
0.764950
0.772075
0.780100
0.784500
0.790425
0.791475
0.803500
0.808150
0.818825
0.823000
0.823200
0.847275
0.847600
0.858075
0.868450
0.874925
0.876225
0.882475
0.883100
0.883100
0.885400
0.892800
0.896650
0.909975
0.921925
0.926050
0.935100
0.940575
0.973175
0.994175
1.009050
1.017150
1.022400
1.057300
1.057925
1.062575
1.075900
1.076275
1.089050
1.094025
1.128025
1.144475
1.154300
1.170525
1.170675
1.184925
1.195800
1.203200
1.205075
1.279675
1.308900
1.348300
1.364175
1.379825
1.400125
1.425750
1.477900
1.502650
1.566650
1.567100
1.574375
1.627550
1.660450
1.674125
1.679500
1.699425
1.762325
1.827475
1.849150
1.880300
2.005975
237
