0.003550
0.005825
0.007750
0.017150
0.026425
0.026750
0.030350
0.040550
0.044850
0.047650
0.067675
0.079925
0.084225
0.091325
0.098750
0.099000
0.108150
0.110250
0.114050
0.114425
0.118100
0.119925
0.120925
0.124125
0.126400
0.128625
0.131950
0.134975
0.140450
0.140725
0.143375
0.146575
0.147950
0.148400
0.150475
0.154050
0.154825
0.157875
0.161800
0.163600
0.173250
0.177275
0.181650
0.183450
0.184800
0.186400
0.186600
0.187150
0.188525
0.197700
0.208250
0.250025
0.264800
0.270925
0.271000
0.283350
0.285000
0.289350
0.291350
0.315300
0.338625
0.341850
0.343525
0.345950
0.351650
0.357875
0.361400
0.370725
0.378950
0.385225
0.387750
0.388475
0.388575
0.389350
0.392900
0.404600
0.410025
0.412700
0.419450
0.420575
0.420800
0.421250
0.424825
0.426800
0.432250
0.433925
0.435300
0.436525
0.439225
0.440075
0.442425
0.444850
0.448200
0.453025
0.453750
0.459200
0.467175
0.471125
0.476775
0.477450
0.480800
0.485250
0.486925
0.486950
0.487000
0.492975
0.494325
0.495675
0.497025
0.500600
0.502200
0.502550
0.512650
0.522075
0.522325
0.525000
0.527075
0.535200
0.541925
0.542175
0.552275
0.552950
0.556575
0.558600
0.564225
0.565250
0.565275
0.570000
0.570525
0.570950
0.572750
0.580200
0.583050
0.583600
0.584425
0.591550
0.594525
0.597925
0.598175
0.601725
0.609150
0.609450
0.630700
0.639325
0.640775
0.645025
0.651750
0.652275
0.655500
0.662450
0.670750
0.672775
0.693850
0.697375
0.700025
0.708950
0.716475
0.730625
0.732175
0.732525
0.734450
0.737750
0.744450
0.748875
0.749425
0.752650
0.756000
0.758400
0.759575
0.764625
0.769100
0.772550
0.773550
0.774125
0.779150
0.779575
0.779725
0.796625
0.810500
0.811225
0.815675
0.823475
0.833450
0.834950
0.850175
0.851400
0.851675
0.864250
0.868825
0.872525
0.882325
0.886725
0.893125
0.895650
0.911350
0.932225
0.937000
0.945550
0.945875
0.965975
0.973775
0.984375
1.000425
1.003550
1.008475
1.009550
1.010300
1.017975
1.057525
1.076900
1.088450
1.094675
1.095175
1.096700
1.097375
1.100900
1.108725
1.116100
1.116725
1.118625
1.121050
1.121650
1.165475
1.191000
1.191775
1.192850
1.201275
1.209000
1.209150
1.235900
1.253575
1.284550
1.294275
1.312525
1.425075
1.480325
1.505925
1.520375
1.596125
1.634400
1.661650
1.669000
1.690025
1.692150
1.771000
2.004000
2.015850
2.066850
2.251250
2.341250
2.438350
251
