0.003875
0.005250
0.006250
0.010950
0.033100
0.033250
0.034350
0.042125
0.051275
0.051750
0.052300
0.052525
0.061650
0.063025
0.064475
0.064500
0.076050
0.078125
0.085225
0.091150
0.092325
0.107650
0.113725
0.115825
0.115950
0.118275
0.118300
0.118875
0.137975
0.142200
0.145525
0.145850
0.146300
0.175375
0.175675
0.177900
0.182250
0.185350
0.186800
0.187100
0.194125
0.201350
0.203750
0.210225
0.213625
0.217600
0.219550
0.221000
0.221450
0.224525
0.224650
0.227150
0.231700
0.236650
0.241000
0.248700
0.256200
0.257575
0.260225
0.263175
0.267275
0.270250
0.272875
0.275950
0.276625
0.277875
0.282650
0.295525
0.296750
0.308275
0.310150
0.312050
0.312825
0.315775
0.318575
0.320250
0.320300
0.329400
0.331200
0.337600
0.341800
0.347300
0.353175
0.355525
0.359825
0.364850
0.366100
0.368275
0.374775
0.376475
0.382800
0.387750
0.394100
0.394375
0.399050
0.399700
0.415675
0.419575
0.424350
0.453075
0.456825
0.465875
0.466200
0.466700
0.475075
0.484075
0.487850
0.494400
0.503575
0.503775
0.504300
0.504575
0.506425
0.513300
0.514000
0.522875
0.536075
0.538525
0.546500
0.549225
0.549775
0.550400
0.553525
0.563550
0.567900
0.568600
0.571400
0.574125
0.576200
0.578725
0.592150
0.592300
0.592500
0.596950
0.612225
0.614450
0.616250
0.616375
0.618650
0.629775
0.633500
0.633850
0.636150
0.638500
0.641575
0.643950
0.648875
0.652750
0.654450
0.689125
0.690600
0.691300
0.693375
0.698050
0.700775
0.713250
0.730450
0.735850
0.737150
0.737350
0.738425
0.748225
0.759050
0.763850
0.765275
0.773900
0.775850
0.776050
0.781325
0.782175
0.797850
0.802075
0.812400
0.820675
0.830025
0.839625
0.845850
0.854800
0.856250
0.859025
0.863400
0.868475
0.870875
0.874375
0.877875
0.880625
0.886000
0.900675
0.901225
0.912600
0.913100
0.920900
0.924125
0.926350
0.927350
0.937550
0.956950
0.959725
0.961125
0.963725
0.965775
0.980125
0.993825
1.004050
1.004500
1.013900
1.017850
1.032525
1.034500
1.040575
1.043200
1.045625
1.047350
1.064350
1.068500
1.068825
1.084675
1.086450
1.088150
1.092100
1.104175
1.105825
1.109425
1.163225
1.170650
1.189750
1.190825
1.194350
1.207800
1.210825
1.223225
1.231150
1.251925
1.269525
1.284150
1.308900
1.371550
1.400025
1.401525
1.416375
1.416500
1.441675
1.454375
1.480825
1.493900
1.569200
1.587975
1.588775
1.617125
1.663025
1.665825
1.670275
1.682250
1.688950
1.738450
1.795050
2.042275
2.348725
2.418650
2.468450
260
