0.000750
0.001000
0.002450
0.004350
0.007825
0.014925
0.020800
0.021800
0.022225
0.025075
0.047825
0.050850
0.053300
0.055550
0.062950
0.064450
0.076250
0.079325
0.079425
0.079800
0.082100
0.085050
0.096925
0.100325
0.111825
0.127900
0.136125
0.144700
0.148275
0.151700
0.152050
0.157225
0.159875
0.165125
0.169950
0.177675
0.187275
0.195100
0.196975
0.198450
0.201725
0.203825
0.215250
0.215450
0.219525
0.223150
0.224025
0.227350
0.233725
0.235500
0.238125
0.246175
0.247775
0.249100
0.278725
0.279125
0.280150
0.286325
0.295800
0.299600
0.300525
0.302800
0.304925
0.308625
0.314100
0.315825
0.316750
0.319175
0.333125
0.333225
0.335550
0.336575
0.339650
0.340925
0.351850
0.353350
0.353900
0.361600
0.369775
0.369800
0.371350
0.373475
0.373900
0.382725
0.389300
0.395200
0.396375
0.396825
0.398550
0.398700
0.400300
0.405800
0.408525
0.412075
0.413975
0.421175
0.437600
0.444050
0.450550
0.455250
0.463750
0.469550
0.472675
0.479675
0.484300
0.486000
0.488575
0.495525
0.499450
0.500250
0.500550
0.504875
0.506075
0.511350
0.515975
0.522125
0.530100
0.531675
0.531825
0.535325
0.539800
0.553300
0.555125
0.565175
0.565350
0.576975
0.577300
0.578575
0.579200
0.580525
0.583200
0.588625
0.599200
0.605200
0.608775
0.609225
0.609650
0.612475
0.612525
0.613075
0.615550
0.627100
0.630450
0.641075
0.642700
0.646350
0.651625
0.664850
0.668525
0.669775
0.682925
0.688100
0.688100
0.692450
0.716000
0.717025
0.718050
0.719900
0.720850
0.722075
0.723000
0.730100
0.731050
0.731700
0.737950
0.739200
0.746750
0.752150
0.762100
0.768525
0.782450
0.798500
0.802750
0.808100
0.812075
0.816100
0.829225
0.830650
0.837900
0.860125
0.868075
0.879375
0.885625
0.886575
0.918000
0.920500
0.940250
0.942900
0.944925
0.946375
0.947300
0.951150
0.954700
0.956900
0.957725
0.966875
0.983675
0.984775
0.991800
0.998000
0.999800
1.018075
1.019325
1.027725
1.030075
1.050000
1.053500
1.060150
1.083425
1.086425
1.094450
1.101800
1.118350
1.130100
1.131325
1.143450
1.146875
1.155275
1.161875
1.166400
1.177175
1.186125
1.192000
1.193100
1.201950
1.202000
1.221025
1.261550
1.268625
1.269475
1.298875
1.316150
1.318500
1.320100
1.339425
1.364600
1.368375
1.397975
1.415825
1.447000
1.499450
1.529950
1.657550
1.708150
1.709600
1.802400
1.804475
1.812775
1.835825
1.860400
1.892325
1.905950
2.197675
2.230425
2.239650
2.291925
2.331000
257
