0.001275
0.006075
0.010250
0.010900
0.014550
0.019175
0.022375
0.022650
0.022925
0.028425
0.030300
0.035800
0.041175
0.046900
0.057600
0.059150
0.064600
0.065675
0.067025
0.069475
0.073725
0.074700
0.077250
0.077350
0.081925
0.085250
0.088325
0.092400
0.099150
0.112175
0.114450
0.115775
0.122275
0.122475
0.128075
0.136225
0.143200
0.146075
0.163375
0.172875
0.177175
0.181275
0.184650
0.187325
0.190450
0.194600
0.199050
0.202075
0.203625
0.206350
0.212725
0.226850
0.228825
0.233750
0.234875
0.236150
0.240475
0.246125
0.246675
0.248225
0.248475
0.257275
0.261725
0.267200
0.267225
0.267800
0.275175
0.275375
0.277875
0.278775
0.282550
0.282550
0.283575
0.292100
0.297725
0.299400
0.313250
0.315900
0.316300
0.318350
0.322875
0.324450
0.325600
0.330500
0.334600
0.338375
0.346250
0.349550
0.350125
0.350575
0.353200
0.360000
0.365550
0.378300
0.391475
0.396800
0.416900
0.422025
0.423675
0.428975
0.433325
0.443175
0.443250
0.450475
0.453375
0.458375
0.464375
0.465525
0.466000
0.469875
0.470025
0.486575
0.490100
0.490725
0.508550
0.531050
0.535575
0.537425
0.538875
0.539775
0.541950
0.544025
0.549875
0.555650
0.557200
0.557700
0.564175
0.567925
0.584300
0.586975
0.591425
0.592825
0.596600
0.597175
0.599675
0.604400
0.606200
0.609325
0.611275
0.611375
0.613675
0.623900
0.629825
0.634175
0.640550
0.641450
0.642875
0.643050
0.643900
0.644575
0.648525
0.649300
0.650050
0.653075
0.661975
0.663275
0.669600
0.682150
0.685575
0.697450
0.697750
0.700950
0.706775
0.711200
0.714175
0.716475
0.719550
0.721700
0.722425
0.727325
0.732500
0.740425
0.741250
0.741900
0.746425
0.747375
0.754450
0.756075
0.761425
0.770000
0.777325
0.777975
0.782725
0.788325
0.791550
0.797975
0.798325
0.802325
0.813825
0.815925
0.816225
0.817900
0.819000
0.821500
0.823200
0.826000
0.831825
0.840250
0.858725
0.859850
0.867000
0.867550
0.872575
0.875750
0.878375
0.879550
0.885425
0.890075
0.893925
0.896300
0.903300
0.905600
0.912100
0.915675
0.920525
0.924400
0.925875
0.941425
0.941550
0.954100
0.957200
0.962150
0.980000
0.983375
0.986325
0.990800
0.997675
1.017200
1.045200
1.054050
1.055150
1.057375
1.060675
1.076725
1.084075
1.088475
1.095650
1.097675
1.100000
1.111800
1.118950
1.136650
1.166300
1.168875
1.201075
1.217300
1.223725
1.233775
1.300700
1.328150
1.345925
1.395275
1.399675
1.405450
1.431350
1.435950
1.538250
1.575875
1.582975
1.607925
1.660000
1.691275
1.791275
1.791425
2.037200
2.127925
2.141550
2.416400
2.451050
269
