0.001250
0.002100
0.003725
0.007325
0.010425
0.020575
0.021450
0.021775
0.025300
0.028450
0.030650
0.033675
0.044850
0.050075
0.051500
0.055150
0.062775
0.065500
0.070725
0.072750
0.073175
0.075625
0.078100
0.083900
0.087375
0.089750
0.091250
0.091725
0.093300
0.097275
0.101825
0.106175
0.109775
0.112650
0.113675
0.119100
0.122800
0.135250
0.136100
0.149375
0.171925
0.182525
0.182925
0.184125
0.185150
0.189500
0.190925
0.191800
0.192325
0.194950
0.202700
0.208875
0.209650
0.212075
0.221800
0.223425
0.224525
0.235650
0.247475
0.249450
0.250950
0.260075
0.267175
0.269425
0.279575
0.283750
0.294150
0.297275
0.307500
0.307725
0.316525
0.316575
0.316625
0.325800
0.326625
0.335625
0.347400
0.348475
0.354925
0.355050
0.367350
0.368525
0.377400
0.380800
0.382550
0.384325
0.385675
0.386050
0.393225
0.393700
0.400400
0.400725
0.402250
0.403300
0.407600
0.409600
0.415450
0.419800
0.423375
0.429850
0.432125
0.453650
0.454975
0.462100
0.465500
0.466025
0.469200
0.475350
0.479100
0.489575
0.491100
0.493175
0.494500
0.510550
0.518300
0.521650
0.524225
0.528175
0.539300
0.541700
0.547450
0.552900
0.553750
0.554450
0.555050
0.557100
0.563225
0.565500
0.570375
0.591650
0.594875
0.595800
0.599825
0.604500
0.604575
0.605750
0.610375
0.616550
0.622775
0.636925
0.642625
0.649200
0.651100
0.654675
0.662375
0.672450
0.677625
0.682425
0.682900
0.685400
0.686275
0.706775
0.715400
0.735650
0.737125
0.739100
0.739650
0.741625
0.743125
0.743425
0.760950
0.763400
0.763725
0.771300
0.772875
0.781500
0.794650
0.829375
0.841925
0.844975
0.849500
0.876900
0.884425
0.897825
0.933475
0.937500
0.983700
0.987800
1.000175
1.009850
1.053475
1.061525
1.097475
1.141725
1.158675
1.184475
1.213425
1.213900
1.231225
1.231950
1.278650
1.341225
1.373075
1.380450
1.392650
1.401600
1.403850
1.503100
1.582550
1.630225
1.688725
1.774650
1.825425
1.922550
1.988900
2.054350
2.159450
2.211525
2.304675
2.336875
2.371575
211
