0.005350
0.007100
0.011450
0.012675
0.013250
0.015825
0.018375
0.019150
0.028700
0.039825
0.039950
0.041025
0.043125
0.047900
0.048225
0.050600
0.051525
0.052000
0.057575
0.061700
0.070250
0.071150
0.074300
0.081475
0.088925
0.092050
0.092350
0.101275
0.101750
0.101825
0.105650
0.109825
0.111950
0.112275
0.112575
0.114600
0.116075
0.123250
0.129650
0.130300
0.134475
0.149350
0.150300
0.151900
0.152175
0.154050
0.155625
0.158350
0.172850
0.195350
0.203250
0.208725
0.212150
0.215825
0.218575
0.229925
0.248925
0.252975
0.256175
0.259100
0.259150
0.260925
0.261600
0.266925
0.268500
0.276050
0.282825
0.282850
0.286575
0.294925
0.304200
0.318575
0.325125
0.340500
0.341650
0.355200
0.356275
0.356825
0.357600
0.358350
0.359575
0.364050
0.384050
0.384700
0.384850
0.386075
0.388050
0.396150
0.401600
0.402600
0.433800
0.441750
0.450200
0.461900
0.462125
0.462975
0.463025
0.463400
0.467825
0.468225
0.469675
0.472000
0.472975
0.486800
0.488900
0.490975
0.491400
0.502975
0.512600
0.513075
0.515125
0.516650
0.518625
0.518725
0.521975
0.526825
0.529325
0.534500
0.537075
0.539175
0.540425
0.544325
0.557575
0.557925
0.558925
0.560150
0.560200
0.560825
0.562250
0.562250
0.577650
0.586350
0.594025
0.602325
0.603650
0.605900
0.605900
0.609350
0.621100
0.628450
0.632925
0.636275
0.639350
0.640325
0.640600
0.641750
0.656225
0.666925
0.667525
0.668250
0.676950
0.677900
0.688625
0.690275
0.692600
0.699725
0.699900
0.706050
0.706475
0.709825
0.715625
0.720825
0.731900
0.736000
0.744375
0.744500
0.749875
0.752000
0.760025
0.781700
0.783800
0.793325
0.814375
0.822300
0.836625
0.866275
0.868925
0.873600
0.877775
0.880175
0.880925
0.883075
0.896425
0.896825
0.896900
0.898450
0.907275
0.907475
0.947425
0.954525
0.966850
0.981475
0.982800
0.994900
0.997675
1.002050
1.033150
1.045625
1.060975
1.067050
1.074700
1.084500
1.089100
1.091375
1.097450
1.130800
1.143625
1.144425
1.155375
1.172175
1.172725
1.183650
1.254325
1.262300
1.264175
1.271050
1.273200
1.287225
1.317075
1.324100
1.365300
1.374425
1.414700
1.420225
1.436000
1.455200
1.611975
1.642075
1.647150
1.657975
1.741100
1.766975
1.794750
1.831175
1.895150
1.897125
1.992000
2.064850
2.200725
2.299500
2.344625
241
