0.005925
0.005950
0.019250
0.020125
0.042725
0.042950
0.044950
0.048725
0.050825
0.060000
0.064775
0.070550
0.071100
0.071775
0.076350
0.076900
0.077850
0.086450
0.087150
0.090050
0.096775
0.108450
0.114500
0.118100
0.120875
0.126075
0.128675
0.131950
0.134375
0.136450
0.140725
0.146350
0.150675
0.158900
0.168225
0.172075
0.173375
0.181000
0.186550
0.187700
0.196000
0.201075
0.203325
0.205675
0.208425
0.219650
0.234875
0.247675
0.248200
0.251725
0.261075
0.268875
0.271875
0.274900
0.276875
0.279500
0.279700
0.282075
0.286000
0.289275
0.291950
0.297500
0.298800
0.309300
0.311350
0.311900
0.314075
0.315150
0.316225
0.317475
0.318500
0.319750
0.320250
0.321925
0.324700
0.327150
0.327300
0.328175
0.329475
0.329675
0.335325
0.340925
0.345675
0.346400
0.353025
0.353875
0.355275
0.356000
0.362825
0.363500
0.370525
0.375500
0.377850
0.378925
0.382475
0.384275
0.397400
0.399000
0.418100
0.421550
0.423625
0.428975
0.430750
0.435625
0.442400
0.442550
0.443500
0.444025
0.445200
0.450800
0.451575
0.455600
0.459625
0.467950
0.471425
0.485450
0.489875
0.504350
0.504975
0.508350
0.519875
0.524300
0.531400
0.533725
0.537425
0.545050
0.548275
0.548300
0.548625
0.549725
0.549800
0.554000
0.556550
0.559750
0.567200
0.575675
0.578725
0.584375
0.585650
0.586700
0.588675
0.596925
0.597050
0.598000
0.599925
0.601450
0.602275
0.602325
0.603775
0.617650
0.619850
0.622725
0.624025
0.624200
0.629775
0.631300
0.640900
0.651550
0.658600
0.669200
0.685000
0.688675
0.692250
0.695225
0.696300
0.698650
0.701800
0.703375
0.704400
0.710050
0.711350
0.717400
0.726675
0.735225
0.735225
0.740550
0.747600
0.751700
0.752800
0.760775
0.761050
0.764600
0.767325
0.767600
0.771550
0.782625
0.784950
0.791600
0.813500
0.816925
0.819950
0.823675
0.829075
0.833450
0.841400
0.846825
0.849600
0.852275
0.855775
0.865900
0.875500
0.876700
0.885275
0.903825
0.915100
0.917300
0.927075
0.934600
0.950450
0.952175
0.958725
0.960200
0.967750
0.970450
0.985975
0.994850
1.005800
1.016800
1.020650
1.021725
1.022725
1.024275
1.028425
1.035600
1.035900
1.038100
1.043275
1.066925
1.072400
1.094500
1.098275
1.121200
1.124500
1.125525
1.154925
1.169275
1.175075
1.186575
1.203100
1.211350
1.238100
1.244300
1.246650
1.265950
1.320775
1.393875
1.467100
1.507175
1.528650
1.528750
1.560725
1.678900
1.743200
1.787125
2.119500
2.384075
256
