0.000250
0.000425
0.007100
0.012900
0.013475
0.018000
0.023250
0.023800
0.028000
0.028775
0.029475
0.031050
0.045675
0.047725
0.052775
0.053050
0.053675
0.060125
0.060525
0.066350
0.069675
0.074775
0.081225
0.082625
0.082675
0.090350
0.101075
0.108625
0.109675
0.111600
0.115700
0.117350
0.120750
0.120875
0.139375
0.142725
0.144250
0.146775
0.148000
0.151350
0.158925
0.170975
0.171500
0.174225
0.174375
0.175475
0.184200
0.185175
0.189600
0.190050
0.191450
0.203075
0.206325
0.209850
0.211250
0.211675
0.213600
0.217000
0.218625
0.218875
0.232250
0.236850
0.250750
0.251675
0.253900
0.254150
0.255225
0.256975
0.257250
0.259075
0.260675
0.264300
0.274225
0.277825
0.285075
0.288175
0.299600
0.301675
0.314550
0.317475
0.327150
0.327900
0.329500
0.338525
0.339425
0.341375
0.350175
0.352050
0.355025
0.356900
0.381050
0.387850
0.387975
0.392625
0.395400
0.400100
0.400950
0.401375
0.402400
0.406375
0.414700
0.419500
0.421000
0.422450
0.428575
0.430275
0.430400
0.431225
0.438575
0.442350
0.449825
0.470825
0.471450
0.504400
0.506250
0.508875
0.511200
0.520400
0.530275
0.534375
0.546325
0.547775
0.552100
0.552850
0.556475
0.558500
0.561375
0.564450
0.565150
0.587400
0.587600
0.587825
0.596675
0.602475
0.603350
0.605275
0.612050
0.615250
0.620700
0.624725
0.626650
0.630175
0.635825
0.637575
0.640350
0.644350
0.645325
0.652200
0.659550
0.664475
0.664550
0.665450
0.666525
0.667475
0.683375
0.683950
0.686500
0.686875
0.696750
0.704175
0.707625
0.712050
0.713350
0.717650
0.719900
0.722800
0.722925
0.732875
0.736025
0.742900
0.748125
0.754250
0.769375
0.773875
0.779550
0.782750
0.785000
0.789550
0.797150
0.797975
0.800150
0.805375
0.809925
0.822325
0.822700
0.842925
0.843400
0.845850
0.848950
0.857025
0.869825
0.880125
0.880600
0.881400
0.886450
0.890450
0.906550
0.911225
0.924050
0.930275
0.932650
0.940025
0.945550
0.946300
0.950400
0.950725
0.954675
1.017625
1.035650
1.042750
1.042875
1.043450
1.047550
1.050500
1.068575
1.087075
1.095825
1.129550
1.138550
1.144275
1.149200
1.157600
1.167375
1.180875
1.184200
1.201175
1.203400
1.228500
1.243825
1.262825
1.264000
1.305450
1.307925
1.308825
1.312525
1.379150
1.389225
1.392575
1.400450
1.422025
1.422225
1.442975
1.478750
1.509275
1.551750
1.590075
1.600575
1.639400
1.648800
1.652400
1.668825
1.672100
1.704200
1.746150
1.750000
1.840075
1.943425
1.981125
1.982550
2.138550
2.138650
2.168675
2.183375
2.220900
2.354575
265
