0.009125
0.010875
0.011375
0.014250
0.022775
0.023900
0.024225
0.024900
0.033375
0.034075
0.035300
0.043375
0.045825
0.058000
0.078475
0.079750
0.083350
0.089750
0.096650
0.097075
0.108675
0.110275
0.114950
0.115625
0.118250
0.125550
0.125725
0.137250
0.155175
0.156125
0.160350
0.162575
0.167450
0.168225
0.168950
0.172350
0.173325
0.179350
0.181525
0.183275
0.186575
0.199275
0.209075
0.214250
0.215125
0.223000
0.224200
0.228100
0.228550
0.236625
0.236925
0.238125
0.250500
0.253225
0.258325
0.278200
0.279700
0.283900
0.284600
0.287925
0.294400
0.295650
0.309050
0.314850
0.326125
0.326575
0.327175
0.328350
0.329675
0.334500
0.335225
0.347500
0.354350
0.354925
0.356550
0.359425
0.364700
0.365075
0.365750
0.368800
0.375275
0.375525
0.376325
0.377050
0.377100
0.377200
0.385175
0.388150
0.389050
0.391625
0.391825
0.395975
0.399200
0.401925
0.403825
0.405725
0.407700
0.410725
0.424800
0.430900
0.435450
0.435525
0.443625
0.453150
0.454500
0.460700
0.461175
0.471525
0.471675
0.476800
0.477300
0.492225
0.492550
0.494400
0.521675
0.522125
0.525225
0.528525
0.535225
0.535425
0.544450
0.549950
0.557350
0.561725
0.565075
0.565225
0.565300
0.574000
0.576950
0.586300
0.597300
0.598925
0.603125
0.604250
0.604325
0.610175
0.612250
0.615475
0.615925
0.617925
0.619650
0.626900
0.630050
0.630600
0.637550
0.640050
0.646150
0.647475
0.648700
0.665175
0.687425
0.690200
0.691750
0.695075
0.699450
0.701525
0.703550
0.717250
0.729350
0.736600
0.736725
0.739275
0.747775
0.751500
0.756200
0.760950
0.770575
0.772625
0.776175
0.778050
0.786650
0.787650
0.788675
0.792225
0.803025
0.807675
0.808275
0.811850
0.821300
0.825650
0.825750
0.830900
0.834875
0.837800
0.838650
0.839475
0.839900
0.842375
0.848850
0.849550
0.863900
0.869425
0.875075
0.877925
0.891400
0.894625
0.911125
0.914075
0.919175
0.947850
0.950775
0.954050
0.957725
0.961325
0.973225
0.993850
0.996525
0.997975
1.010475
1.014600
1.061300
1.062950
1.090550
1.106950
1.128350
1.134600
1.135425
1.140275
1.157150
1.161425
1.168950
1.186325
1.193625
1.193925
1.197625
1.260325
1.262525
1.292225
1.308175
1.326400
1.349900
1.361375
1.375225
1.382275
1.400725
1.450700
1.494225
1.509450
1.523100
1.574475
1.618650
1.637100
1.713250
1.728250
1.799075
1.862850
1.930175
1.942275
1.951300
2.162725
250
