0.003625
0.003750
0.004575
0.013075
0.018075
0.021100
0.023400
0.032850
0.034000
0.034450
0.050250
0.058025
0.059525
0.061975
0.063825
0.065400
0.067025
0.080025
0.080900
0.082025
0.085325
0.087175
0.091125
0.094475
0.094575
0.096425
0.098625
0.104125
0.106275
0.128900
0.147375
0.156250
0.171450
0.173225
0.190625
0.190625
0.190800
0.192800
0.193300
0.202425
0.203350
0.203700
0.216700
0.223125
0.223375
0.227200
0.229750
0.233175
0.233200
0.237925
0.239025
0.243400
0.246975
0.255100
0.256025
0.259075
0.264700
0.265200
0.276175
0.278000
0.287825
0.288250
0.293300
0.294575
0.301000
0.302950
0.315125
0.315725
0.321025
0.321300
0.325275
0.335950
0.337250
0.339950
0.341475
0.342950
0.347450
0.348600
0.349925
0.352225
0.358275
0.358700
0.362750
0.363125
0.364525
0.364525
0.368025
0.385025
0.404975
0.422225
0.435275
0.441775
0.446100
0.452125
0.452275
0.452850
0.454400
0.460475
0.465325
0.466075
0.467100
0.470900
0.474250
0.475525
0.477450
0.486000
0.489300
0.501275
0.502975
0.507700
0.507850
0.522950
0.523150
0.523375
0.540575
0.550500
0.552825
0.558125
0.568500
0.569600
0.578800
0.580400
0.581850
0.584100
0.585350
0.591425
0.596075
0.596825
0.604950
0.605800
0.607800
0.608325
0.634975
0.637350
0.638500
0.643050
0.645100
0.645550
0.646300
0.650475
0.659175
0.663875
0.664200
0.668275
0.668650
0.668950
0.670700
0.670950
0.688700
0.690725
0.691925
0.692250
0.703250
0.705650
0.706925
0.708375
0.710100
0.710425
0.710825
0.720175
0.721725
0.728675
0.734375
0.739125
0.761250
0.763125
0.766150
0.766300
0.772050
0.775425
0.779275
0.793975
0.797225
0.800950
0.803850
0.820200
0.823050
0.825825
0.834000
0.835175
0.840425
0.850000
0.851125
0.857300
0.858875
0.864450
0.865125
0.873125
0.875025
0.875100
0.879525
0.881900
0.915650
0.919650
0.921625
0.926850
0.929650
0.961175
0.982475
0.985200
0.989700
0.990800
0.998475
1.027825
1.028525
1.032600
1.065675
1.090000
1.105075
1.112375
1.133525
1.144875
1.153300
1.176125
1.179550
1.182025
1.189350
1.199500
1.221200
1.230950
1.232175
1.240400
1.257975
1.260650
1.270225
1.285775
1.286775
1.303450
1.352525
1.355675
1.372975
1.383450
1.404200
1.408725
1.570400
1.600625
1.677575
1.703425
1.722650
1.742875
1.854950
1.920150
2.372725
243
