0.009875
0.012050
0.017325
0.018150
0.019050
0.027325
0.036750
0.043300
0.045375
0.047100
0.052425
0.058550
0.059725
0.060725
0.063400
0.068575
0.090700
0.091725
0.097275
0.099775
0.100550
0.105425
0.105625
0.105850
0.111400
0.117050
0.121725
0.130375
0.133125
0.134775
0.138175
0.138475
0.140575
0.142225
0.150975
0.165400
0.167200
0.168675
0.169825
0.170800
0.171025
0.206700
0.224875
0.236175
0.236200
0.236700
0.247775
0.247925
0.264950
0.271025
0.271150
0.274400
0.282250
0.285400
0.288500
0.290550
0.315875
0.319275
0.320775
0.324750
0.337450
0.338125
0.339050
0.343525
0.344450
0.346675
0.350625
0.357325
0.366025
0.370225
0.381000
0.386350
0.388775
0.389500
0.389775
0.392650
0.393475
0.398750
0.401675
0.405200
0.405250
0.414925
0.419550
0.419625
0.423375
0.423925
0.424100
0.426725
0.426775
0.432775
0.437500
0.443425
0.443475
0.451025
0.452825
0.453575
0.453825
0.454950
0.463050
0.467425
0.470650
0.475350
0.477675
0.487550
0.489775
0.490100
0.501475
0.502300
0.506600
0.507725
0.509350
0.524600
0.528475
0.532125
0.533125
0.533575
0.549825
0.551950
0.552100
0.563225
0.566775
0.567850
0.571575
0.589625
0.594325
0.596350
0.604175
0.609450
0.623475
0.624625
0.638075
0.641025
0.644225
0.647850
0.650275
0.653375
0.655725
0.675725
0.676975
0.682950
0.683575
0.696925
0.700875
0.701550
0.701925
0.709350
0.717500
0.719225
0.719450
0.724250
0.729900
0.744875
0.778950
0.780150
0.781700
0.782475
0.784050
0.784200
0.789625
0.793175
0.795900
0.796675
0.797275
0.798425
0.798700
0.804375
0.806100
0.806850
0.807050
0.809675
0.816375
0.839000
0.840200
0.843275
0.846525
0.847525
0.848600
0.850300
0.851600
0.853425
0.855750
0.859775
0.861450
0.869850
0.878950
0.890800
0.897800
0.908175
0.919775
0.920825
0.938925
0.942425
0.955275
0.958800
0.965400
0.985950
0.992025
1.019025
1.027525
1.043200
1.050775
1.059525
1.062000
1.063525
1.070350
1.078750
1.085475
1.087175
1.091875
1.140900
1.142700
1.160150
1.205850
1.251325
1.264800
1.276850
1.298500
1.323250
1.326275
1.331425
1.360575
1.424500
1.433625
1.467325
1.475475
1.516675
1.523600
1.557525
1.592125
1.601625
1.623150
1.709175
1.774350
1.921200
2.039700
2.109575
2.152675
2.164850
2.394000
239
